05/31 04:29:01AM parser.py:28 [INFO] 
05/31 04:29:01AM parser.py:29 [INFO] Parameters:
05/31 04:29:01AM parser.py:31 [INFO] DAG_PATH=results/search_Stage/CIFAR10/SCRATCH_SIMPLE_SPEC/EXP-20240531-042901/DAG
05/31 04:29:01AM parser.py:31 [INFO] ALPHA_LR=0.0003
05/31 04:29:01AM parser.py:31 [INFO] ALPHA_WEIGHT_DECAY=0.001
05/31 04:29:01AM parser.py:31 [INFO] BATCH_SIZE=64
05/31 04:29:01AM parser.py:31 [INFO] CHECKPOINT_RESET=False
05/31 04:29:01AM parser.py:31 [INFO] DATA_PATH=../data/
05/31 04:29:01AM parser.py:31 [INFO] DATASET=CIFAR10
05/31 04:29:01AM parser.py:31 [INFO] EPOCHS=50
05/31 04:29:01AM parser.py:31 [INFO] EXP_NAME=EXP-20240531-042901
05/31 04:29:01AM parser.py:31 [INFO] GENOTYPE=Genotype(normal=[[('sep_conv_3x3', 0), ('skip_connect', 1)], [('skip_connect', 1), ('dil_conv_3x3', 2)], [('sep_conv_3x3', 1), ('dil_conv_3x3', 3)], [('sep_conv_3x3', 1), ('sep_conv_5x5', 4)]], normal_concat=range(2, 6), reduce=[[('sep_conv_3x3', 0), ('sep_conv_3x3', 1)], [('none', 1), ('avg_pool_3x3', 2)], [('skip_connect', 2), ('sep_conv_5x5', 3)], [('none', 3), ('avg_pool_3x3', 4)]], reduce_concat=range(2, 6))
05/31 04:29:01AM parser.py:31 [INFO] GPUS=[1]
05/31 04:29:01AM parser.py:31 [INFO] INIT_CHANNELS=16
05/31 04:29:01AM parser.py:31 [INFO] LAYERS=20
05/31 04:29:01AM parser.py:31 [INFO] LOCAL_RANK=0
05/31 04:29:01AM parser.py:31 [INFO] LOGGER=<Logger H-DAS (INFO)>
05/31 04:29:01AM parser.py:31 [INFO] NAME=SCRATCH_SIMPLE_SPEC
05/31 04:29:01AM parser.py:31 [INFO] PATH=results/search_Stage/CIFAR10/SCRATCH_SIMPLE_SPEC/EXP-20240531-042901
05/31 04:29:01AM parser.py:31 [INFO] PRINT_FREQ=50
05/31 04:29:01AM parser.py:31 [INFO] RESUME_PATH=None
05/31 04:29:01AM parser.py:31 [INFO] SAVE=EXP
05/31 04:29:01AM parser.py:31 [INFO] SEED=3
05/31 04:29:01AM parser.py:31 [INFO] SHARE_STAGE=False
05/31 04:29:01AM parser.py:31 [INFO] SPEC_CELL=False
05/31 04:29:01AM parser.py:31 [INFO] TRAIN_PORTION=0.5
05/31 04:29:01AM parser.py:31 [INFO] W_GRAD_CLIP=5.0
05/31 04:29:01AM parser.py:31 [INFO] W_LR=0.025
05/31 04:29:01AM parser.py:31 [INFO] W_LR_MIN=0.001
05/31 04:29:01AM parser.py:31 [INFO] W_MOMENTUM=0.9
05/31 04:29:01AM parser.py:31 [INFO] W_WEIGHT_DECAY=0.0003
05/31 04:29:01AM parser.py:31 [INFO] WORKERS=4
05/31 04:29:01AM parser.py:32 [INFO] 
05/31 04:29:03AM searchStage_trainer.py:103 [INFO] --> No loaded checkpoint!
####### ALPHA #######
# Alpha - DAG
tensor([[0.2502, 0.2500, 0.2500, 0.2498],
        [0.2500, 0.2497, 0.2501, 0.2503]], device='cuda:1',
       grad_fn=<SoftmaxBackward0>)
tensor([[0.2496, 0.2502, 0.2500, 0.2502],
        [0.2498, 0.2501, 0.2501, 0.2500],
        [0.2501, 0.2501, 0.2500, 0.2498]], device='cuda:1',
       grad_fn=<SoftmaxBackward0>)
tensor([[0.2499, 0.2498, 0.2502, 0.2501],
        [0.2500, 0.2501, 0.2498, 0.2502],
        [0.2498, 0.2500, 0.2502, 0.2501]], device='cuda:1',
       grad_fn=<SoftmaxBackward0>)
tensor([[0.2499, 0.2498, 0.2501, 0.2502],
        [0.2501, 0.2503, 0.2495, 0.2501],
        [0.2499, 0.2500, 0.2498, 0.2503]], device='cuda:1',
       grad_fn=<SoftmaxBackward0>)
tensor([[0.2500, 0.2503, 0.2499, 0.2498],
        [0.2500, 0.2502, 0.2500, 0.2498],
        [0.2501, 0.2497, 0.2498, 0.2504]], device='cuda:1',
       grad_fn=<SoftmaxBackward0>)
tensor([[0.2498, 0.2502, 0.2498, 0.2502],
        [0.2500, 0.2501, 0.2500, 0.2499],
        [0.2496, 0.2500, 0.2506, 0.2497]], device='cuda:1',
       grad_fn=<SoftmaxBackward0>)
tensor([[0.2501, 0.2498, 0.2501, 0.2501],
        [0.2497, 0.2497, 0.2504, 0.2502]], device='cuda:1',
       grad_fn=<SoftmaxBackward0>)
tensor([[0.2499, 0.2499, 0.2501, 0.2501],
        [0.2502, 0.2501, 0.2499, 0.2498],
        [0.2500, 0.2499, 0.2499, 0.2502]], device='cuda:1',
       grad_fn=<SoftmaxBackward0>)
tensor([[0.2504, 0.2499, 0.2497, 0.2500],
        [0.2499, 0.2499, 0.2498, 0.2504],
        [0.2500, 0.2498, 0.2500, 0.2502]], device='cuda:1',
       grad_fn=<SoftmaxBackward0>)
tensor([[0.2501, 0.2503, 0.2497, 0.2500],
        [0.2501, 0.2498, 0.2502, 0.2499],
        [0.2500, 0.2501, 0.2498, 0.2501]], device='cuda:1',
       grad_fn=<SoftmaxBackward0>)
tensor([[0.2496, 0.2504, 0.2502, 0.2498],
        [0.2501, 0.2499, 0.2500, 0.2500],
        [0.2503, 0.2499, 0.2496, 0.2502]], device='cuda:1',
       grad_fn=<SoftmaxBackward0>)
tensor([[0.2502, 0.2498, 0.2504, 0.2496],
        [0.2500, 0.2500, 0.2501, 0.2499],
        [0.2499, 0.2500, 0.2500, 0.2501]], device='cuda:1',
       grad_fn=<SoftmaxBackward0>)
tensor([[0.2501, 0.2501, 0.2500, 0.2498],
        [0.2501, 0.2498, 0.2502, 0.2499]], device='cuda:1',
       grad_fn=<SoftmaxBackward0>)
tensor([[0.2498, 0.2501, 0.2500, 0.2501],
        [0.2500, 0.2503, 0.2499, 0.2498],
        [0.2497, 0.2501, 0.2500, 0.2502]], device='cuda:1',
       grad_fn=<SoftmaxBackward0>)
tensor([[0.2502, 0.2501, 0.2500, 0.2497],
        [0.2496, 0.2501, 0.2501, 0.2502],
        [0.2501, 0.2497, 0.2500, 0.2503]], device='cuda:1',
       grad_fn=<SoftmaxBackward0>)
tensor([[0.2499, 0.2502, 0.2498, 0.2501],
        [0.2502, 0.2500, 0.2501, 0.2496],
        [0.2500, 0.2498, 0.2501, 0.2501]], device='cuda:1',
       grad_fn=<SoftmaxBackward0>)
tensor([[0.2502, 0.2500, 0.2499, 0.2498],
        [0.2497, 0.2497, 0.2502, 0.2505],
        [0.2503, 0.2503, 0.2497, 0.2497]], device='cuda:1',
       grad_fn=<SoftmaxBackward0>)
tensor([[0.2503, 0.2498, 0.2502, 0.2497],
        [0.2502, 0.2497, 0.2501, 0.2500],
        [0.2498, 0.2503, 0.2497, 0.2502]], device='cuda:1',
       grad_fn=<SoftmaxBackward0>)
#####################
05/31 04:29:33AM searchStage_trainer.py:211 [INFO] Train: Epoch: [0][50/390]	Step 50	lr 0.025	Loss 2.4071 (2.3611)	Prec@(1,5) (13.0%, 59.1%)	
05/31 04:30:01AM searchStage_trainer.py:211 [INFO] Train: Epoch: [0][100/390]	Step 100	lr 0.025	Loss 2.5231 (2.3235)	Prec@(1,5) (16.1%, 65.7%)	
05/31 04:30:28AM searchStage_trainer.py:211 [INFO] Train: Epoch: [0][150/390]	Step 150	lr 0.025	Loss 1.8507 (2.2441)	Prec@(1,5) (17.8%, 70.3%)	
05/31 04:30:56AM searchStage_trainer.py:211 [INFO] Train: Epoch: [0][200/390]	Step 200	lr 0.025	Loss 2.0341 (2.1688)	Prec@(1,5) (19.8%, 73.2%)	
05/31 04:31:24AM searchStage_trainer.py:211 [INFO] Train: Epoch: [0][250/390]	Step 250	lr 0.025	Loss 1.9310 (2.1152)	Prec@(1,5) (21.4%, 75.1%)	
05/31 04:31:53AM searchStage_trainer.py:211 [INFO] Train: Epoch: [0][300/390]	Step 300	lr 0.025	Loss 1.8522 (2.0721)	Prec@(1,5) (22.7%, 76.7%)	
05/31 04:32:21AM searchStage_trainer.py:211 [INFO] Train: Epoch: [0][350/390]	Step 350	lr 0.025	Loss 1.7380 (2.0357)	Prec@(1,5) (23.9%, 77.9%)	
05/31 04:32:43AM searchStage_trainer.py:211 [INFO] Train: Epoch: [0][390/390]	Step 390	lr 0.025	Loss 1.8402 (2.0115)	Prec@(1,5) (24.8%, 78.7%)	
05/31 04:32:45AM searchStage_trainer.py:221 [INFO] Train: [  0/49] Final Prec@1 24.8000%
05/31 04:32:50AM searchStage_trainer.py:249 [INFO] Valid: Epoch: [0][50/391]	Step 391	Loss 1.8955	Prec@(1,5) (31.2%, 86.2%)
05/31 04:32:54AM searchStage_trainer.py:249 [INFO] Valid: Epoch: [0][100/391]	Step 391	Loss 1.8803	Prec@(1,5) (32.0%, 86.0%)
05/31 04:32:59AM searchStage_trainer.py:249 [INFO] Valid: Epoch: [0][150/391]	Step 391	Loss 1.8843	Prec@(1,5) (32.4%, 85.9%)
05/31 04:33:04AM searchStage_trainer.py:249 [INFO] Valid: Epoch: [0][200/391]	Step 391	Loss 1.8792	Prec@(1,5) (32.3%, 85.9%)
05/31 04:33:08AM searchStage_trainer.py:249 [INFO] Valid: Epoch: [0][250/391]	Step 391	Loss 1.8793	Prec@(1,5) (32.3%, 85.8%)
05/31 04:33:13AM searchStage_trainer.py:249 [INFO] Valid: Epoch: [0][300/391]	Step 391	Loss 1.8721	Prec@(1,5) (32.4%, 86.0%)
05/31 04:33:17AM searchStage_trainer.py:249 [INFO] Valid: Epoch: [0][350/391]	Step 391	Loss 1.8733	Prec@(1,5) (32.4%, 86.0%)
05/31 04:33:21AM searchStage_trainer.py:249 [INFO] Valid: Epoch: [0][390/391]	Step 391	Loss 1.8728	Prec@(1,5) (32.3%, 85.9%)
05/31 04:33:21AM searchStage_trainer.py:260 [INFO] Valid: [  0/49] Final Prec@1 32.3200%
05/31 04:33:21AM searchStage_main.py:59 [INFO] DAG = Genotype2(DAG1=[[('avg_pool_3x3', 1), ('avg_pool_3x3', 0)], [('avg_pool_3x3', 2), ('avg_pool_3x3', 0)], [('avg_pool_3x3', 2), ('avg_pool_3x3', 3)], [('avg_pool_3x3', 4), ('avg_pool_3x3', 2)], [('avg_pool_3x3', 3), ('avg_pool_3x3', 4)], [('avg_pool_3x3', 6), ('avg_pool_3x3', 4)]], DAG1_concat=range(6, 8), DAG2=[[('skip_connect', 1), ('skip_connect', 0)], [('avg_pool_3x3', 2), ('max_pool_3x3', 0)], [('max_pool_3x3', 2), ('avg_pool_3x3', 3)], [('max_pool_3x3', 4), ('avg_pool_3x3', 2)], [('avg_pool_3x3', 3), ('avg_pool_3x3', 4)], [('avg_pool_3x3', 6), ('max_pool_3x3', 4)]], DAG2_concat=range(6, 8), DAG3=[[('skip_connect', 0), ('skip_connect', 1)], [('avg_pool_3x3', 2), ('avg_pool_3x3', 0)], [('skip_connect', 3), ('skip_connect', 2)], [('max_pool_3x3', 3), ('max_pool_3x3', 2)], [('skip_connect', 3), ('avg_pool_3x3', 5)], [('skip_connect', 6), ('skip_connect', 5)]], DAG3_concat=range(6, 8))
05/31 04:33:22AM searchStage_main.py:79 [INFO] Until now, best Prec@1 = 32.3200%
####### ALPHA #######
# Alpha - DAG
tensor([[0.2490, 0.2533, 0.2516, 0.2462],
        [0.2468, 0.2561, 0.2500, 0.2471]], device='cuda:1',
       grad_fn=<SoftmaxBackward0>)
tensor([[0.2501, 0.2541, 0.2504, 0.2454],
        [0.2498, 0.2538, 0.2523, 0.2441],
        [0.2483, 0.2588, 0.2475, 0.2455]], device='cuda:1',
       grad_fn=<SoftmaxBackward0>)
tensor([[0.2537, 0.2532, 0.2493, 0.2438],
        [0.2516, 0.2593, 0.2438, 0.2453],
        [0.2525, 0.2578, 0.2455, 0.2442]], device='cuda:1',
       grad_fn=<SoftmaxBackward0>)
tensor([[0.2513, 0.2570, 0.2468, 0.2449],
        [0.2512, 0.2589, 0.2429, 0.2470],
        [0.2499, 0.2594, 0.2470, 0.2437]], device='cuda:1',
       grad_fn=<SoftmaxBackward0>)
tensor([[0.2522, 0.2556, 0.2472, 0.2450],
        [0.2528, 0.2569, 0.2461, 0.2441],
        [0.2548, 0.2550, 0.2444, 0.2458]], device='cuda:1',
       grad_fn=<SoftmaxBackward0>)
tensor([[0.2524, 0.2558, 0.2457, 0.2460],
        [0.2525, 0.2549, 0.2454, 0.2473],
        [0.2528, 0.2557, 0.2452, 0.2463]], device='cuda:1',
       grad_fn=<SoftmaxBackward0>)
tensor([[0.2488, 0.2503, 0.2510, 0.2499],
        [0.2483, 0.2510, 0.2515, 0.2492]], device='cuda:1',
       grad_fn=<SoftmaxBackward0>)
tensor([[0.2510, 0.2508, 0.2507, 0.2475],
        [0.2499, 0.2494, 0.2506, 0.2502],
        [0.2499, 0.2511, 0.2499, 0.2491]], device='cuda:1',
       grad_fn=<SoftmaxBackward0>)
tensor([[0.2505, 0.2511, 0.2503, 0.2481],
        [0.2513, 0.2507, 0.2482, 0.2498],
        [0.2508, 0.2509, 0.2486, 0.2496]], device='cuda:1',
       grad_fn=<SoftmaxBackward0>)
tensor([[0.2505, 0.2509, 0.2495, 0.2491],
        [0.2505, 0.2501, 0.2505, 0.2489],
        [0.2510, 0.2507, 0.2482, 0.2501]], device='cuda:1',
       grad_fn=<SoftmaxBackward0>)
tensor([[0.2495, 0.2516, 0.2497, 0.2492],
        [0.2500, 0.2510, 0.2491, 0.2499],
        [0.2502, 0.2506, 0.2499, 0.2493]], device='cuda:1',
       grad_fn=<SoftmaxBackward0>)
tensor([[0.2509, 0.2505, 0.2499, 0.2487],
        [0.2505, 0.2502, 0.2491, 0.2502],
        [0.2503, 0.2506, 0.2495, 0.2497]], device='cuda:1',
       grad_fn=<SoftmaxBackward0>)
tensor([[0.2498, 0.2498, 0.2504, 0.2501],
        [0.2501, 0.2502, 0.2503, 0.2495]], device='cuda:1',
       grad_fn=<SoftmaxBackward0>)
tensor([[0.2495, 0.2506, 0.2505, 0.2495],
        [0.2497, 0.2505, 0.2501, 0.2498],
        [0.2493, 0.2501, 0.2500, 0.2505]], device='cuda:1',
       grad_fn=<SoftmaxBackward0>)
tensor([[0.2503, 0.2499, 0.2502, 0.2496],
        [0.2496, 0.2498, 0.2503, 0.2503],
        [0.2498, 0.2497, 0.2504, 0.2501]], device='cuda:1',
       grad_fn=<SoftmaxBackward0>)
tensor([[0.2505, 0.2499, 0.2494, 0.2502],
        [0.2507, 0.2500, 0.2502, 0.2491],
        [0.2500, 0.2494, 0.2499, 0.2506]], device='cuda:1',
       grad_fn=<SoftmaxBackward0>)
tensor([[0.2478, 0.2511, 0.2520, 0.2491],
        [0.2482, 0.2500, 0.2510, 0.2508],
        [0.2483, 0.2511, 0.2507, 0.2499]], device='cuda:1',
       grad_fn=<SoftmaxBackward0>)
tensor([[0.2503, 0.2493, 0.2502, 0.2501],
        [0.2496, 0.2498, 0.2506, 0.2501],
        [0.2486, 0.2507, 0.2509, 0.2498]], device='cuda:1',
       grad_fn=<SoftmaxBackward0>)
#####################
05/31 04:33:51午前 searchStage_trainer.py:211 [INFO] Train: Epoch: [1][50/390]	Step 441	lr 0.02498	Loss 1.9399 (1.7448)	Prec@(1,5) (33.2%, 87.5%)	
05/31 04:34:19午前 searchStage_trainer.py:211 [INFO] Train: Epoch: [1][100/390]	Step 491	lr 0.02498	Loss 1.4330 (1.7157)	Prec@(1,5) (35.1%, 87.6%)	
05/31 04:34:46午前 searchStage_trainer.py:211 [INFO] Train: Epoch: [1][150/390]	Step 541	lr 0.02498	Loss 1.7843 (1.7043)	Prec@(1,5) (35.3%, 87.8%)	
05/31 04:35:14午前 searchStage_trainer.py:211 [INFO] Train: Epoch: [1][200/390]	Step 591	lr 0.02498	Loss 1.5027 (1.6970)	Prec@(1,5) (35.8%, 87.7%)	
05/31 04:35:42午前 searchStage_trainer.py:211 [INFO] Train: Epoch: [1][250/390]	Step 641	lr 0.02498	Loss 1.3298 (1.6909)	Prec@(1,5) (36.3%, 87.8%)	
05/31 04:36:10午前 searchStage_trainer.py:211 [INFO] Train: Epoch: [1][300/390]	Step 691	lr 0.02498	Loss 1.4779 (1.6834)	Prec@(1,5) (36.6%, 88.1%)	
05/31 04:36:38午前 searchStage_trainer.py:211 [INFO] Train: Epoch: [1][350/390]	Step 741	lr 0.02498	Loss 1.6471 (1.6736)	Prec@(1,5) (36.9%, 88.3%)	
05/31 04:37:00午前 searchStage_trainer.py:211 [INFO] Train: Epoch: [1][390/390]	Step 781	lr 0.02498	Loss 1.7303 (1.6649)	Prec@(1,5) (37.2%, 88.5%)	
05/31 04:37:01午前 searchStage_trainer.py:221 [INFO] Train: [  1/49] Final Prec@1 37.2240%
05/31 04:37:06午前 searchStage_trainer.py:249 [INFO] Valid: Epoch: [1][50/391]	Step 782	Loss 1.6456	Prec@(1,5) (37.9%, 89.9%)
05/31 04:37:10午前 searchStage_trainer.py:249 [INFO] Valid: Epoch: [1][100/391]	Step 782	Loss 1.6209	Prec@(1,5) (38.9%, 90.2%)
05/31 04:37:15午前 searchStage_trainer.py:249 [INFO] Valid: Epoch: [1][150/391]	Step 782	Loss 1.6109	Prec@(1,5) (38.8%, 90.5%)
05/31 04:37:19午前 searchStage_trainer.py:249 [INFO] Valid: Epoch: [1][200/391]	Step 782	Loss 1.6102	Prec@(1,5) (38.8%, 90.4%)
05/31 04:37:24午前 searchStage_trainer.py:249 [INFO] Valid: Epoch: [1][250/391]	Step 782	Loss 1.6103	Prec@(1,5) (38.6%, 90.4%)
05/31 04:37:29午前 searchStage_trainer.py:249 [INFO] Valid: Epoch: [1][300/391]	Step 782	Loss 1.6032	Prec@(1,5) (38.7%, 90.6%)
05/31 04:37:33午前 searchStage_trainer.py:249 [INFO] Valid: Epoch: [1][350/391]	Step 782	Loss 1.6022	Prec@(1,5) (38.6%, 90.6%)
05/31 04:37:37午前 searchStage_trainer.py:249 [INFO] Valid: Epoch: [1][390/391]	Step 782	Loss 1.6014	Prec@(1,5) (38.8%, 90.5%)
05/31 04:37:37午前 searchStage_trainer.py:260 [INFO] Valid: [  1/49] Final Prec@1 38.8400%
05/31 04:37:37午前 searchStage_main.py:59 [INFO] DAG = Genotype2(DAG1=[[('avg_pool_3x3', 1), ('avg_pool_3x3', 0)], [('avg_pool_3x3', 2), ('avg_pool_3x3', 1)], [('avg_pool_3x3', 2), ('avg_pool_3x3', 3)], [('avg_pool_3x3', 2), ('avg_pool_3x3', 4)], [('avg_pool_3x3', 3), ('avg_pool_3x3', 4)], [('avg_pool_3x3', 6), ('avg_pool_3x3', 4)]], DAG1_concat=range(6, 8), DAG2=[[('skip_connect', 1), ('skip_connect', 0)], [('avg_pool_3x3', 2), ('max_pool_3x3', 0)], [('avg_pool_3x3', 3), ('avg_pool_3x3', 2)], [('max_pool_3x3', 4), ('max_pool_3x3', 3)], [('avg_pool_3x3', 4), ('avg_pool_3x3', 3)], [('avg_pool_3x3', 6), ('max_pool_3x3', 5)]], DAG2_concat=range(6, 8), DAG3=[[('skip_connect', 0), ('skip_connect', 1)], [('avg_pool_3x3', 2), ('avg_pool_3x3', 0)], [('skip_connect', 3), ('skip_connect', 2)], [('max_pool_3x3', 3), ('max_pool_3x3', 4)], [('skip_connect', 3), ('avg_pool_3x3', 5)], [('skip_connect', 6), ('skip_connect', 5)]], DAG3_concat=range(6, 8))
05/31 04:37:38午前 searchStage_main.py:79 [INFO] Until now, best Prec@1 = 38.8400%
####### ALPHA #######
# Alpha - DAG
tensor([[0.2473, 0.2581, 0.2504, 0.2442],
        [0.2441, 0.2617, 0.2536, 0.2406]], device='cuda:1',
       grad_fn=<SoftmaxBackward0>)
tensor([[0.2498, 0.2579, 0.2538, 0.2385],
        [0.2497, 0.2586, 0.2532, 0.2384],
        [0.2516, 0.2686, 0.2407, 0.2391]], device='cuda:1',
       grad_fn=<SoftmaxBackward0>)
tensor([[0.2545, 0.2575, 0.2480, 0.2400],
        [0.2546, 0.2674, 0.2383, 0.2397],
        [0.2528, 0.2700, 0.2423, 0.2348]], device='cuda:1',
       grad_fn=<SoftmaxBackward0>)
tensor([[0.2510, 0.2655, 0.2454, 0.2381],
        [0.2536, 0.2653, 0.2387, 0.2424],
        [0.2510, 0.2674, 0.2422, 0.2394]], device='cuda:1',
       grad_fn=<SoftmaxBackward0>)
tensor([[0.2568, 0.2628, 0.2436, 0.2367],
        [0.2550, 0.2628, 0.2410, 0.2413],
        [0.2594, 0.2605, 0.2384, 0.2417]], device='cuda:1',
       grad_fn=<SoftmaxBackward0>)
tensor([[0.2520, 0.2619, 0.2422, 0.2439],
        [0.2550, 0.2609, 0.2414, 0.2427],
        [0.2527, 0.2630, 0.2420, 0.2423]], device='cuda:1',
       grad_fn=<SoftmaxBackward0>)
tensor([[0.2493, 0.2511, 0.2516, 0.2480],
        [0.2478, 0.2503, 0.2521, 0.2497]], device='cuda:1',
       grad_fn=<SoftmaxBackward0>)
tensor([[0.2522, 0.2511, 0.2506, 0.2461],
        [0.2510, 0.2485, 0.2510, 0.2495],
        [0.2500, 0.2516, 0.2503, 0.2481]], device='cuda:1',
       grad_fn=<SoftmaxBackward0>)
tensor([[0.2504, 0.2515, 0.2504, 0.2477],
        [0.2514, 0.2517, 0.2477, 0.2492],
        [0.2509, 0.2517, 0.2490, 0.2484]], device='cuda:1',
       grad_fn=<SoftmaxBackward0>)
tensor([[0.2509, 0.2511, 0.2487, 0.2493],
        [0.2515, 0.2505, 0.2497, 0.2482],
        [0.2514, 0.2513, 0.2482, 0.2490]], device='cuda:1',
       grad_fn=<SoftmaxBackward0>)
tensor([[0.2495, 0.2527, 0.2495, 0.2483],
        [0.2501, 0.2518, 0.2488, 0.2493],
        [0.2504, 0.2510, 0.2494, 0.2493]], device='cuda:1',
       grad_fn=<SoftmaxBackward0>)
tensor([[0.2512, 0.2510, 0.2493, 0.2485],
        [0.2506, 0.2505, 0.2489, 0.2500],
        [0.2507, 0.2513, 0.2490, 0.2489]], device='cuda:1',
       grad_fn=<SoftmaxBackward0>)
tensor([[0.2497, 0.2496, 0.2504, 0.2504],
        [0.2499, 0.2505, 0.2505, 0.2491]], device='cuda:1',
       grad_fn=<SoftmaxBackward0>)
tensor([[0.2493, 0.2511, 0.2507, 0.2489],
        [0.2495, 0.2506, 0.2502, 0.2497],
        [0.2491, 0.2500, 0.2500, 0.2509]], device='cuda:1',
       grad_fn=<SoftmaxBackward0>)
tensor([[0.2503, 0.2497, 0.2502, 0.2497],
        [0.2496, 0.2495, 0.2507, 0.2503],
        [0.2494, 0.2497, 0.2508, 0.2500]], device='cuda:1',
       grad_fn=<SoftmaxBackward0>)
tensor([[0.2509, 0.2497, 0.2495, 0.2499],
        [0.2512, 0.2499, 0.2501, 0.2488],
        [0.2502, 0.2490, 0.2496, 0.2512]], device='cuda:1',
       grad_fn=<SoftmaxBackward0>)
tensor([[0.2457, 0.2520, 0.2538, 0.2485],
        [0.2467, 0.2503, 0.2519, 0.2511],
        [0.2466, 0.2518, 0.2515, 0.2500]], device='cuda:1',
       grad_fn=<SoftmaxBackward0>)
tensor([[0.2502, 0.2490, 0.2504, 0.2505],
        [0.2491, 0.2498, 0.2508, 0.2503],
        [0.2475, 0.2510, 0.2523, 0.2492]], device='cuda:1',
       grad_fn=<SoftmaxBackward0>)
#####################
05/31 04:38:06午前 searchStage_trainer.py:211 [INFO] Train: Epoch: [2][50/390]	Step 832	lr 0.02491	Loss 1.3628 (1.5736)	Prec@(1,5) (41.5%, 89.6%)	
05/31 04:38:34午前 searchStage_trainer.py:211 [INFO] Train: Epoch: [2][100/390]	Step 882	lr 0.02491	Loss 1.3774 (1.5517)	Prec@(1,5) (42.8%, 90.0%)	
05/31 04:39:01午前 searchStage_trainer.py:211 [INFO] Train: Epoch: [2][150/390]	Step 932	lr 0.02491	Loss 1.3642 (1.5331)	Prec@(1,5) (43.2%, 90.3%)	
05/31 04:39:29午前 searchStage_trainer.py:211 [INFO] Train: Epoch: [2][200/390]	Step 982	lr 0.02491	Loss 1.4668 (1.5209)	Prec@(1,5) (43.5%, 90.6%)	
05/31 04:39:57午前 searchStage_trainer.py:211 [INFO] Train: Epoch: [2][250/390]	Step 1032	lr 0.02491	Loss 1.4574 (1.5134)	Prec@(1,5) (43.8%, 90.8%)	
05/31 04:40:25午前 searchStage_trainer.py:211 [INFO] Train: Epoch: [2][300/390]	Step 1082	lr 0.02491	Loss 1.6298 (1.5026)	Prec@(1,5) (44.2%, 91.1%)	
05/31 04:40:53午前 searchStage_trainer.py:211 [INFO] Train: Epoch: [2][350/390]	Step 1132	lr 0.02491	Loss 1.3397 (1.4962)	Prec@(1,5) (44.5%, 91.1%)	
05/31 04:41:16午前 searchStage_trainer.py:211 [INFO] Train: Epoch: [2][390/390]	Step 1172	lr 0.02491	Loss 1.5944 (1.4886)	Prec@(1,5) (44.9%, 91.2%)	
05/31 04:41:16午前 searchStage_trainer.py:221 [INFO] Train: [  2/49] Final Prec@1 44.9320%
05/31 04:41:21午前 searchStage_trainer.py:249 [INFO] Valid: Epoch: [2][50/391]	Step 1173	Loss 1.6188	Prec@(1,5) (39.9%, 89.7%)
05/31 04:41:26午前 searchStage_trainer.py:249 [INFO] Valid: Epoch: [2][100/391]	Step 1173	Loss 1.6178	Prec@(1,5) (39.5%, 89.9%)
05/31 04:41:30午前 searchStage_trainer.py:249 [INFO] Valid: Epoch: [2][150/391]	Step 1173	Loss 1.6165	Prec@(1,5) (39.8%, 89.9%)
05/31 04:41:35午前 searchStage_trainer.py:249 [INFO] Valid: Epoch: [2][200/391]	Step 1173	Loss 1.6015	Prec@(1,5) (40.7%, 90.2%)
05/31 04:41:40午前 searchStage_trainer.py:249 [INFO] Valid: Epoch: [2][250/391]	Step 1173	Loss 1.6082	Prec@(1,5) (40.6%, 90.1%)
05/31 04:41:44午前 searchStage_trainer.py:249 [INFO] Valid: Epoch: [2][300/391]	Step 1173	Loss 1.6035	Prec@(1,5) (40.7%, 90.2%)
05/31 04:41:49午前 searchStage_trainer.py:249 [INFO] Valid: Epoch: [2][350/391]	Step 1173	Loss 1.6006	Prec@(1,5) (40.6%, 90.3%)
05/31 04:41:52午前 searchStage_trainer.py:249 [INFO] Valid: Epoch: [2][390/391]	Step 1173	Loss 1.6013	Prec@(1,5) (40.6%, 90.3%)
05/31 04:41:53午前 searchStage_trainer.py:260 [INFO] Valid: [  2/49] Final Prec@1 40.6080%
05/31 04:41:53午前 searchStage_main.py:59 [INFO] DAG = Genotype2(DAG1=[[('avg_pool_3x3', 0), ('avg_pool_3x3', 1)], [('avg_pool_3x3', 2), ('avg_pool_3x3', 0)], [('avg_pool_3x3', 3), ('avg_pool_3x3', 2)], [('avg_pool_3x3', 4), ('avg_pool_3x3', 2)], [('avg_pool_3x3', 3), ('avg_pool_3x3', 5)], [('avg_pool_3x3', 6), ('avg_pool_3x3', 5)]], DAG1_concat=range(6, 8), DAG2=[[('skip_connect', 1), ('avg_pool_3x3', 0)], [('avg_pool_3x3', 2), ('max_pool_3x3', 0)], [('avg_pool_3x3', 3), ('avg_pool_3x3', 2)], [('avg_pool_3x3', 4), ('max_pool_3x3', 3)], [('avg_pool_3x3', 5), ('avg_pool_3x3', 4)], [('avg_pool_3x3', 6), ('avg_pool_3x3', 5)]], DAG2_concat=range(6, 8), DAG3=[[('skip_connect', 0), ('skip_connect', 1)], [('avg_pool_3x3', 2), ('avg_pool_3x3', 0)], [('skip_connect', 3), ('skip_connect', 2)], [('max_pool_3x3', 4), ('max_pool_3x3', 3)], [('avg_pool_3x3', 5), ('skip_connect', 3)], [('skip_connect', 6), ('skip_connect', 5)]], DAG3_concat=range(6, 8))
05/31 04:41:53午前 searchStage_main.py:79 [INFO] Until now, best Prec@1 = 40.6080%
####### ALPHA #######
# Alpha - DAG
tensor([[0.2487, 0.2655, 0.2505, 0.2353],
        [0.2407, 0.2671, 0.2527, 0.2394]], device='cuda:1',
       grad_fn=<SoftmaxBackward0>)
tensor([[0.2481, 0.2652, 0.2553, 0.2314],
        [0.2467, 0.2649, 0.2559, 0.2324],
        [0.2514, 0.2818, 0.2361, 0.2307]], device='cuda:1',
       grad_fn=<SoftmaxBackward0>)
tensor([[0.2577, 0.2638, 0.2462, 0.2323],
        [0.2589, 0.2746, 0.2327, 0.2337],
        [0.2529, 0.2799, 0.2391, 0.2282]], device='cuda:1',
       grad_fn=<SoftmaxBackward0>)
tensor([[0.2514, 0.2736, 0.2449, 0.2302],
        [0.2556, 0.2735, 0.2324, 0.2385],
        [0.2525, 0.2764, 0.2368, 0.2343]], device='cuda:1',
       grad_fn=<SoftmaxBackward0>)
tensor([[0.2578, 0.2716, 0.2412, 0.2294],
        [0.2558, 0.2696, 0.2396, 0.2351],
        [0.2605, 0.2685, 0.2330, 0.2380]], device='cuda:1',
       grad_fn=<SoftmaxBackward0>)
tensor([[0.2541, 0.2668, 0.2392, 0.2399],
        [0.2567, 0.2668, 0.2359, 0.2405],
        [0.2547, 0.2693, 0.2391, 0.2370]], device='cuda:1',
       grad_fn=<SoftmaxBackward0>)
tensor([[0.2495, 0.2516, 0.2512, 0.2477],
        [0.2482, 0.2511, 0.2519, 0.2488]], device='cuda:1',
       grad_fn=<SoftmaxBackward0>)
tensor([[0.2521, 0.2516, 0.2507, 0.2456],
        [0.2518, 0.2489, 0.2512, 0.2481],
        [0.2497, 0.2527, 0.2501, 0.2474]], device='cuda:1',
       grad_fn=<SoftmaxBackward0>)
tensor([[0.2502, 0.2517, 0.2509, 0.2472],
        [0.2519, 0.2524, 0.2473, 0.2484],
        [0.2512, 0.2521, 0.2487, 0.2480]], device='cuda:1',
       grad_fn=<SoftmaxBackward0>)
tensor([[0.2510, 0.2514, 0.2484, 0.2491],
        [0.2520, 0.2510, 0.2495, 0.2476],
        [0.2515, 0.2518, 0.2482, 0.2485]], device='cuda:1',
       grad_fn=<SoftmaxBackward0>)
tensor([[0.2495, 0.2534, 0.2502, 0.2469],
        [0.2502, 0.2519, 0.2488, 0.2491],
        [0.2507, 0.2512, 0.2485, 0.2495]], device='cuda:1',
       grad_fn=<SoftmaxBackward0>)
tensor([[0.2512, 0.2515, 0.2494, 0.2479],
        [0.2501, 0.2509, 0.2491, 0.2498],
        [0.2507, 0.2517, 0.2489, 0.2487]], device='cuda:1',
       grad_fn=<SoftmaxBackward0>)
tensor([[0.2494, 0.2494, 0.2506, 0.2506],
        [0.2500, 0.2506, 0.2506, 0.2488]], device='cuda:1',
       grad_fn=<SoftmaxBackward0>)
tensor([[0.2490, 0.2514, 0.2512, 0.2484],
        [0.2492, 0.2507, 0.2503, 0.2498],
        [0.2488, 0.2500, 0.2500, 0.2511]], device='cuda:1',
       grad_fn=<SoftmaxBackward0>)
tensor([[0.2504, 0.2494, 0.2503, 0.2499],
        [0.2495, 0.2493, 0.2509, 0.2503],
        [0.2493, 0.2498, 0.2511, 0.2498]], device='cuda:1',
       grad_fn=<SoftmaxBackward0>)
tensor([[0.2513, 0.2496, 0.2494, 0.2497],
        [0.2515, 0.2497, 0.2500, 0.2488],
        [0.2503, 0.2487, 0.2495, 0.2514]], device='cuda:1',
       grad_fn=<SoftmaxBackward0>)
tensor([[0.2441, 0.2528, 0.2551, 0.2480],
        [0.2455, 0.2506, 0.2526, 0.2514],
        [0.2454, 0.2523, 0.2521, 0.2502]], device='cuda:1',
       grad_fn=<SoftmaxBackward0>)
tensor([[0.2501, 0.2487, 0.2504, 0.2507],
        [0.2486, 0.2498, 0.2511, 0.2506],
        [0.2466, 0.2513, 0.2535, 0.2486]], device='cuda:1',
       grad_fn=<SoftmaxBackward0>)
#####################
05/31 04:42:22午前 searchStage_trainer.py:211 [INFO] Train: Epoch: [3][50/390]	Step 1223	lr 0.02479	Loss 1.4465 (1.3836)	Prec@(1,5) (49.0%, 93.0%)	
05/31 04:42:49午前 searchStage_trainer.py:211 [INFO] Train: Epoch: [3][100/390]	Step 1273	lr 0.02479	Loss 1.4908 (1.3956)	Prec@(1,5) (48.8%, 93.0%)	
05/31 04:43:16午前 searchStage_trainer.py:211 [INFO] Train: Epoch: [3][150/390]	Step 1323	lr 0.02479	Loss 1.2207 (1.3877)	Prec@(1,5) (49.2%, 92.9%)	
05/31 04:43:45午前 searchStage_trainer.py:211 [INFO] Train: Epoch: [3][200/390]	Step 1373	lr 0.02479	Loss 1.2077 (1.3868)	Prec@(1,5) (49.2%, 92.8%)	
05/31 04:44:13午前 searchStage_trainer.py:211 [INFO] Train: Epoch: [3][250/390]	Step 1423	lr 0.02479	Loss 1.5742 (1.3821)	Prec@(1,5) (49.6%, 92.9%)	
05/31 04:44:41午前 searchStage_trainer.py:211 [INFO] Train: Epoch: [3][300/390]	Step 1473	lr 0.02479	Loss 1.2206 (1.3781)	Prec@(1,5) (49.7%, 93.0%)	
05/31 04:45:09午前 searchStage_trainer.py:211 [INFO] Train: Epoch: [3][350/390]	Step 1523	lr 0.02479	Loss 1.2907 (1.3656)	Prec@(1,5) (50.2%, 93.1%)	
05/31 04:45:31午前 searchStage_trainer.py:211 [INFO] Train: Epoch: [3][390/390]	Step 1563	lr 0.02479	Loss 1.1597 (1.3609)	Prec@(1,5) (50.4%, 93.1%)	
05/31 04:45:32午前 searchStage_trainer.py:221 [INFO] Train: [  3/49] Final Prec@1 50.4600%
05/31 04:45:37午前 searchStage_trainer.py:249 [INFO] Valid: Epoch: [3][50/391]	Step 1564	Loss 1.4809	Prec@(1,5) (46.2%, 91.5%)
05/31 04:45:41午前 searchStage_trainer.py:249 [INFO] Valid: Epoch: [3][100/391]	Step 1564	Loss 1.4824	Prec@(1,5) (46.5%, 91.7%)
05/31 04:45:46午前 searchStage_trainer.py:249 [INFO] Valid: Epoch: [3][150/391]	Step 1564	Loss 1.4812	Prec@(1,5) (46.5%, 91.6%)
05/31 04:45:50午前 searchStage_trainer.py:249 [INFO] Valid: Epoch: [3][200/391]	Step 1564	Loss 1.4848	Prec@(1,5) (46.4%, 91.5%)
05/31 04:45:55午前 searchStage_trainer.py:249 [INFO] Valid: Epoch: [3][250/391]	Step 1564	Loss 1.4778	Prec@(1,5) (46.6%, 91.7%)
05/31 04:45:59午前 searchStage_trainer.py:249 [INFO] Valid: Epoch: [3][300/391]	Step 1564	Loss 1.4808	Prec@(1,5) (46.6%, 91.7%)
05/31 04:46:04午前 searchStage_trainer.py:249 [INFO] Valid: Epoch: [3][350/391]	Step 1564	Loss 1.4823	Prec@(1,5) (46.4%, 91.6%)
05/31 04:46:08午前 searchStage_trainer.py:249 [INFO] Valid: Epoch: [3][390/391]	Step 1564	Loss 1.4848	Prec@(1,5) (46.4%, 91.5%)
05/31 04:46:08午前 searchStage_trainer.py:260 [INFO] Valid: [  3/49] Final Prec@1 46.3920%
05/31 04:46:08午前 searchStage_main.py:59 [INFO] DAG = Genotype2(DAG1=[[('avg_pool_3x3', 0), ('avg_pool_3x3', 1)], [('avg_pool_3x3', 2), ('avg_pool_3x3', 0)], [('avg_pool_3x3', 3), ('avg_pool_3x3', 2)], [('avg_pool_3x3', 4), ('avg_pool_3x3', 2)], [('avg_pool_3x3', 5), ('avg_pool_3x3', 3)], [('avg_pool_3x3', 6), ('avg_pool_3x3', 5)]], DAG1_concat=range(6, 8), DAG2=[[('skip_connect', 1), ('avg_pool_3x3', 0)], [('avg_pool_3x3', 2), ('avg_pool_3x3', 0)], [('avg_pool_3x3', 3), ('avg_pool_3x3', 2)], [('avg_pool_3x3', 4), ('max_pool_3x3', 3)], [('avg_pool_3x3', 5), ('avg_pool_3x3', 4)], [('avg_pool_3x3', 6), ('avg_pool_3x3', 5)]], DAG2_concat=range(6, 8), DAG3=[[('skip_connect', 0), ('skip_connect', 1)], [('avg_pool_3x3', 2), ('avg_pool_3x3', 0)], [('skip_connect', 3), ('skip_connect', 2)], [('max_pool_3x3', 4), ('max_pool_3x3', 3)], [('avg_pool_3x3', 5), ('skip_connect', 4)], [('skip_connect', 6), ('skip_connect', 5)]], DAG3_concat=range(6, 8))
05/31 04:46:08午前 searchStage_main.py:79 [INFO] Until now, best Prec@1 = 46.3920%
####### ALPHA #######
# Alpha - DAG
tensor([[0.2523, 0.2703, 0.2481, 0.2293],
        [0.2420, 0.2734, 0.2503, 0.2343]], device='cuda:1',
       grad_fn=<SoftmaxBackward0>)
tensor([[0.2488, 0.2705, 0.2568, 0.2238],
        [0.2451, 0.2711, 0.2584, 0.2254],
        [0.2521, 0.2924, 0.2332, 0.2222]], device='cuda:1',
       grad_fn=<SoftmaxBackward0>)
tensor([[0.2597, 0.2689, 0.2462, 0.2252],
        [0.2628, 0.2821, 0.2263, 0.2288],
        [0.2577, 0.2896, 0.2336, 0.2191]], device='cuda:1',
       grad_fn=<SoftmaxBackward0>)
tensor([[0.2551, 0.2802, 0.2415, 0.2232],
        [0.2589, 0.2799, 0.2257, 0.2355],
        [0.2545, 0.2831, 0.2346, 0.2278]], device='cuda:1',
       grad_fn=<SoftmaxBackward0>)
tensor([[0.2610, 0.2784, 0.2379, 0.2227],
        [0.2592, 0.2760, 0.2359, 0.2289],
        [0.2618, 0.2757, 0.2292, 0.2333]], device='cuda:1',
       grad_fn=<SoftmaxBackward0>)
tensor([[0.2563, 0.2704, 0.2365, 0.2368],
        [0.2599, 0.2728, 0.2320, 0.2352],
        [0.2580, 0.2749, 0.2342, 0.2329]], device='cuda:1',
       grad_fn=<SoftmaxBackward0>)
tensor([[0.2495, 0.2517, 0.2513, 0.2475],
        [0.2483, 0.2514, 0.2520, 0.2482]], device='cuda:1',
       grad_fn=<SoftmaxBackward0>)
tensor([[0.2518, 0.2521, 0.2511, 0.2450],
        [0.2525, 0.2495, 0.2508, 0.2472],
        [0.2499, 0.2533, 0.2498, 0.2471]], device='cuda:1',
       grad_fn=<SoftmaxBackward0>)
tensor([[0.2499, 0.2517, 0.2508, 0.2477],
        [0.2521, 0.2527, 0.2471, 0.2480],
        [0.2518, 0.2525, 0.2486, 0.2471]], device='cuda:1',
       grad_fn=<SoftmaxBackward0>)
tensor([[0.2514, 0.2516, 0.2478, 0.2492],
        [0.2520, 0.2514, 0.2495, 0.2472],
        [0.2517, 0.2519, 0.2484, 0.2480]], device='cuda:1',
       grad_fn=<SoftmaxBackward0>)
tensor([[0.2500, 0.2540, 0.2498, 0.2463],
        [0.2504, 0.2522, 0.2484, 0.2489],
        [0.2508, 0.2514, 0.2484, 0.2494]], device='cuda:1',
       grad_fn=<SoftmaxBackward0>)
tensor([[0.2515, 0.2516, 0.2491, 0.2478],
        [0.2503, 0.2511, 0.2488, 0.2498],
        [0.2510, 0.2520, 0.2489, 0.2481]], device='cuda:1',
       grad_fn=<SoftmaxBackward0>)
tensor([[0.2493, 0.2493, 0.2508, 0.2507],
        [0.2498, 0.2507, 0.2507, 0.2488]], device='cuda:1',
       grad_fn=<SoftmaxBackward0>)
tensor([[0.2488, 0.2517, 0.2515, 0.2480],
        [0.2491, 0.2507, 0.2503, 0.2498],
        [0.2487, 0.2500, 0.2500, 0.2513]], device='cuda:1',
       grad_fn=<SoftmaxBackward0>)
tensor([[0.2505, 0.2492, 0.2504, 0.2500],
        [0.2495, 0.2491, 0.2511, 0.2504],
        [0.2493, 0.2497, 0.2512, 0.2498]], device='cuda:1',
       grad_fn=<SoftmaxBackward0>)
tensor([[0.2515, 0.2496, 0.2494, 0.2495],
        [0.2518, 0.2496, 0.2499, 0.2487],
        [0.2503, 0.2486, 0.2495, 0.2517]], device='cuda:1',
       grad_fn=<SoftmaxBackward0>)
tensor([[0.2428, 0.2534, 0.2564, 0.2474],
        [0.2445, 0.2507, 0.2531, 0.2516],
        [0.2445, 0.2526, 0.2526, 0.2504]], device='cuda:1',
       grad_fn=<SoftmaxBackward0>)
tensor([[0.2502, 0.2484, 0.2505, 0.2509],
        [0.2484, 0.2497, 0.2512, 0.2507],
        [0.2461, 0.2514, 0.2543, 0.2483]], device='cuda:1',
       grad_fn=<SoftmaxBackward0>)
#####################
05/31 04:46:37午前 searchStage_trainer.py:211 [INFO] Train: Epoch: [4][50/390]	Step 1614	lr 0.02462	Loss 1.1147 (1.2720)	Prec@(1,5) (54.0%, 94.8%)	
05/31 04:47:05午前 searchStage_trainer.py:211 [INFO] Train: Epoch: [4][100/390]	Step 1664	lr 0.02462	Loss 1.3345 (1.2725)	Prec@(1,5) (54.0%, 94.3%)	
05/31 04:47:32午前 searchStage_trainer.py:211 [INFO] Train: Epoch: [4][150/390]	Step 1714	lr 0.02462	Loss 1.0004 (1.2625)	Prec@(1,5) (54.6%, 94.3%)	
05/31 04:48:00午前 searchStage_trainer.py:211 [INFO] Train: Epoch: [4][200/390]	Step 1764	lr 0.02462	Loss 1.2322 (1.2609)	Prec@(1,5) (54.8%, 94.3%)	
05/31 04:48:28午前 searchStage_trainer.py:211 [INFO] Train: Epoch: [4][250/390]	Step 1814	lr 0.02462	Loss 1.3656 (1.2643)	Prec@(1,5) (54.5%, 94.2%)	
05/31 04:48:56午前 searchStage_trainer.py:211 [INFO] Train: Epoch: [4][300/390]	Step 1864	lr 0.02462	Loss 1.2759 (1.2620)	Prec@(1,5) (54.5%, 94.1%)	
05/31 04:49:25午前 searchStage_trainer.py:211 [INFO] Train: Epoch: [4][350/390]	Step 1914	lr 0.02462	Loss 1.0209 (1.2495)	Prec@(1,5) (54.9%, 94.3%)	
05/31 04:49:47午前 searchStage_trainer.py:211 [INFO] Train: Epoch: [4][390/390]	Step 1954	lr 0.02462	Loss 1.3503 (1.2510)	Prec@(1,5) (55.0%, 94.2%)	
05/31 04:49:47午前 searchStage_trainer.py:221 [INFO] Train: [  4/49] Final Prec@1 55.0040%
05/31 04:49:52午前 searchStage_trainer.py:249 [INFO] Valid: Epoch: [4][50/391]	Step 1955	Loss 1.3101	Prec@(1,5) (52.9%, 94.3%)
05/31 04:49:57午前 searchStage_trainer.py:249 [INFO] Valid: Epoch: [4][100/391]	Step 1955	Loss 1.3086	Prec@(1,5) (52.4%, 94.3%)
05/31 04:50:01午前 searchStage_trainer.py:249 [INFO] Valid: Epoch: [4][150/391]	Step 1955	Loss 1.2993	Prec@(1,5) (52.7%, 94.5%)
05/31 04:50:06午前 searchStage_trainer.py:249 [INFO] Valid: Epoch: [4][200/391]	Step 1955	Loss 1.3001	Prec@(1,5) (52.7%, 94.4%)
05/31 04:50:11午前 searchStage_trainer.py:249 [INFO] Valid: Epoch: [4][250/391]	Step 1955	Loss 1.3018	Prec@(1,5) (52.7%, 94.5%)
05/31 04:50:15午前 searchStage_trainer.py:249 [INFO] Valid: Epoch: [4][300/391]	Step 1955	Loss 1.2997	Prec@(1,5) (52.7%, 94.4%)
05/31 04:50:20午前 searchStage_trainer.py:249 [INFO] Valid: Epoch: [4][350/391]	Step 1955	Loss 1.3060	Prec@(1,5) (52.5%, 94.3%)
05/31 04:50:24午前 searchStage_trainer.py:249 [INFO] Valid: Epoch: [4][390/391]	Step 1955	Loss 1.3070	Prec@(1,5) (52.4%, 94.2%)
05/31 04:50:24午前 searchStage_trainer.py:260 [INFO] Valid: [  4/49] Final Prec@1 52.3880%
05/31 04:50:24午前 searchStage_main.py:59 [INFO] DAG = Genotype2(DAG1=[[('avg_pool_3x3', 1), ('avg_pool_3x3', 0)], [('avg_pool_3x3', 2), ('avg_pool_3x3', 1)], [('avg_pool_3x3', 3), ('avg_pool_3x3', 2)], [('avg_pool_3x3', 4), ('avg_pool_3x3', 2)], [('avg_pool_3x3', 5), ('avg_pool_3x3', 4)], [('avg_pool_3x3', 6), ('avg_pool_3x3', 5)]], DAG1_concat=range(6, 8), DAG2=[[('avg_pool_3x3', 0), ('skip_connect', 1)], [('avg_pool_3x3', 2), ('avg_pool_3x3', 0)], [('avg_pool_3x3', 3), ('avg_pool_3x3', 2)], [('avg_pool_3x3', 4), ('max_pool_3x3', 3)], [('avg_pool_3x3', 5), ('avg_pool_3x3', 4)], [('avg_pool_3x3', 6), ('avg_pool_3x3', 5)]], DAG2_concat=range(6, 8), DAG3=[[('skip_connect', 0), ('skip_connect', 1)], [('skip_connect', 2), ('avg_pool_3x3', 0)], [('skip_connect', 3), ('skip_connect', 2)], [('max_pool_3x3', 4), ('max_pool_3x3', 3)], [('skip_connect', 5), ('skip_connect', 4)], [('skip_connect', 6), ('skip_connect', 5)]], DAG3_concat=range(6, 8))
05/31 04:50:24午前 searchStage_main.py:79 [INFO] Until now, best Prec@1 = 52.3880%
####### ALPHA #######
# Alpha - DAG
tensor([[0.2506, 0.2761, 0.2490, 0.2244],
        [0.2416, 0.2854, 0.2472, 0.2257]], device='cuda:1',
       grad_fn=<SoftmaxBackward0>)
tensor([[0.2525, 0.2763, 0.2574, 0.2138],
        [0.2453, 0.2791, 0.2590, 0.2165],
        [0.2552, 0.3031, 0.2252, 0.2166]], device='cuda:1',
       grad_fn=<SoftmaxBackward0>)
tensor([[0.2633, 0.2755, 0.2457, 0.2155],
        [0.2676, 0.2902, 0.2207, 0.2216],
        [0.2583, 0.2974, 0.2291, 0.2151]], device='cuda:1',
       grad_fn=<SoftmaxBackward0>)
tensor([[0.2573, 0.2858, 0.2399, 0.2170],
        [0.2614, 0.2863, 0.2218, 0.2304],
        [0.2574, 0.2895, 0.2293, 0.2238]], device='cuda:1',
       grad_fn=<SoftmaxBackward0>)
tensor([[0.2629, 0.2848, 0.2346, 0.2177],
        [0.2621, 0.2832, 0.2320, 0.2226],
        [0.2631, 0.2816, 0.2263, 0.2289]], device='cuda:1',
       grad_fn=<SoftmaxBackward0>)
tensor([[0.2581, 0.2748, 0.2317, 0.2354],
        [0.2615, 0.2786, 0.2302, 0.2297],
        [0.2606, 0.2804, 0.2309, 0.2282]], device='cuda:1',
       grad_fn=<SoftmaxBackward0>)
tensor([[0.2498, 0.2523, 0.2511, 0.2467],
        [0.2488, 0.2511, 0.2515, 0.2486]], device='cuda:1',
       grad_fn=<SoftmaxBackward0>)
tensor([[0.2517, 0.2524, 0.2510, 0.2450],
        [0.2525, 0.2496, 0.2513, 0.2466],
        [0.2498, 0.2539, 0.2497, 0.2466]], device='cuda:1',
       grad_fn=<SoftmaxBackward0>)
tensor([[0.2498, 0.2517, 0.2505, 0.2480],
        [0.2522, 0.2531, 0.2473, 0.2473],
        [0.2520, 0.2527, 0.2482, 0.2471]], device='cuda:1',
       grad_fn=<SoftmaxBackward0>)
tensor([[0.2517, 0.2517, 0.2475, 0.2491],
        [0.2521, 0.2515, 0.2494, 0.2470],
        [0.2517, 0.2521, 0.2484, 0.2478]], device='cuda:1',
       grad_fn=<SoftmaxBackward0>)
tensor([[0.2498, 0.2543, 0.2500, 0.2458],
        [0.2507, 0.2523, 0.2481, 0.2489],
        [0.2510, 0.2515, 0.2482, 0.2493]], device='cuda:1',
       grad_fn=<SoftmaxBackward0>)
tensor([[0.2519, 0.2517, 0.2485, 0.2480],
        [0.2504, 0.2514, 0.2488, 0.2493],
        [0.2512, 0.2523, 0.2486, 0.2479]], device='cuda:1',
       grad_fn=<SoftmaxBackward0>)
tensor([[0.2492, 0.2491, 0.2509, 0.2508],
        [0.2498, 0.2507, 0.2508, 0.2486]], device='cuda:1',
       grad_fn=<SoftmaxBackward0>)
tensor([[0.2487, 0.2519, 0.2516, 0.2477],
        [0.2490, 0.2508, 0.2505, 0.2498],
        [0.2485, 0.2500, 0.2500, 0.2515]], device='cuda:1',
       grad_fn=<SoftmaxBackward0>)
tensor([[0.2504, 0.2489, 0.2504, 0.2502],
        [0.2495, 0.2490, 0.2512, 0.2503],
        [0.2492, 0.2497, 0.2514, 0.2497]], device='cuda:1',
       grad_fn=<SoftmaxBackward0>)
tensor([[0.2518, 0.2495, 0.2493, 0.2494],
        [0.2520, 0.2495, 0.2500, 0.2485],
        [0.2504, 0.2484, 0.2493, 0.2519]], device='cuda:1',
       grad_fn=<SoftmaxBackward0>)
tensor([[0.2418, 0.2538, 0.2573, 0.2471],
        [0.2438, 0.2509, 0.2535, 0.2517],
        [0.2438, 0.2528, 0.2529, 0.2504]], device='cuda:1',
       grad_fn=<SoftmaxBackward0>)
tensor([[0.2502, 0.2482, 0.2505, 0.2512],
        [0.2482, 0.2497, 0.2513, 0.2508],
        [0.2456, 0.2515, 0.2549, 0.2480]], device='cuda:1',
       grad_fn=<SoftmaxBackward0>)
#####################
05/31 04:50:53午前 searchStage_trainer.py:211 [INFO] Train: Epoch: [5][50/390]	Step 2005	lr 0.02441	Loss 1.0975 (1.1831)	Prec@(1,5) (57.8%, 94.7%)	
05/31 04:51:21午前 searchStage_trainer.py:211 [INFO] Train: Epoch: [5][100/390]	Step 2055	lr 0.02441	Loss 1.0659 (1.1692)	Prec@(1,5) (58.2%, 95.0%)	
05/31 04:51:48午前 searchStage_trainer.py:211 [INFO] Train: Epoch: [5][150/390]	Step 2105	lr 0.02441	Loss 1.1273 (1.1640)	Prec@(1,5) (58.4%, 95.2%)	
05/31 04:52:16午前 searchStage_trainer.py:211 [INFO] Train: Epoch: [5][200/390]	Step 2155	lr 0.02441	Loss 1.1614 (1.1656)	Prec@(1,5) (58.5%, 95.0%)	
05/31 04:52:44午前 searchStage_trainer.py:211 [INFO] Train: Epoch: [5][250/390]	Step 2205	lr 0.02441	Loss 1.0694 (1.1662)	Prec@(1,5) (58.3%, 95.0%)	
05/31 04:53:12午前 searchStage_trainer.py:211 [INFO] Train: Epoch: [5][300/390]	Step 2255	lr 0.02441	Loss 1.0154 (1.1584)	Prec@(1,5) (58.6%, 95.1%)	
05/31 04:53:40午前 searchStage_trainer.py:211 [INFO] Train: Epoch: [5][350/390]	Step 2305	lr 0.02441	Loss 1.1774 (1.1591)	Prec@(1,5) (58.6%, 95.0%)	
05/31 04:54:03午前 searchStage_trainer.py:211 [INFO] Train: Epoch: [5][390/390]	Step 2345	lr 0.02441	Loss 1.2009 (1.1564)	Prec@(1,5) (58.6%, 95.0%)	
05/31 04:54:03午前 searchStage_trainer.py:221 [INFO] Train: [  5/49] Final Prec@1 58.5880%
05/31 04:54:08午前 searchStage_trainer.py:249 [INFO] Valid: Epoch: [5][50/391]	Step 2346	Loss 1.1473	Prec@(1,5) (58.1%, 95.6%)
05/31 04:54:13午前 searchStage_trainer.py:249 [INFO] Valid: Epoch: [5][100/391]	Step 2346	Loss 1.1416	Prec@(1,5) (58.7%, 95.8%)
05/31 04:54:17午前 searchStage_trainer.py:249 [INFO] Valid: Epoch: [5][150/391]	Step 2346	Loss 1.1402	Prec@(1,5) (59.0%, 95.7%)
05/31 04:54:22午前 searchStage_trainer.py:249 [INFO] Valid: Epoch: [5][200/391]	Step 2346	Loss 1.1413	Prec@(1,5) (58.9%, 95.6%)
