07/13 02:08:31AM parser.py:28 [INFO] 
07/13 02:08:31AM parser.py:29 [INFO] Parameters:
07/13 02:08:31AM parser.py:31 [INFO] DAG_PATH=./results/search_cell/CIFAR100/BASELINE/EXP-20240713-020831/GENO
07/13 02:08:31AM parser.py:31 [INFO] ALPHA_LR=0.0003
07/13 02:08:31AM parser.py:31 [INFO] ALPHA_WEIGHT_DECAY=0.001
07/13 02:08:31AM parser.py:31 [INFO] BATCH_SIZE=64
07/13 02:08:31AM parser.py:31 [INFO] DATA_PATH=../data/
07/13 02:08:31AM parser.py:31 [INFO] DATASET=CIFAR100
07/13 02:08:31AM parser.py:31 [INFO] EPOCHS=50
07/13 02:08:31AM parser.py:31 [INFO] EXP_NAME=EXP-20240713-020831
07/13 02:08:31AM parser.py:31 [INFO] GPUS=[0]
07/13 02:08:31AM parser.py:31 [INFO] INIT_CHANNELS=16
07/13 02:08:31AM parser.py:31 [INFO] LAYERS=8
07/13 02:08:31AM parser.py:31 [INFO] LOCAL_RANK=0
07/13 02:08:31AM parser.py:31 [INFO] LOGGER=<Logger H-DAS (INFO)>
07/13 02:08:31AM parser.py:31 [INFO] NAME=BASELINE
07/13 02:08:31AM parser.py:31 [INFO] PATH=./results/search_cell/CIFAR100/BASELINE/EXP-20240713-020831
07/13 02:08:31AM parser.py:31 [INFO] PLOT_PATH=./results/search_cell/CIFAR100/BASELINE/EXP-20240713-020831/plots
07/13 02:08:31AM parser.py:31 [INFO] PRINT_FREQ=50
07/13 02:08:31AM parser.py:31 [INFO] RESUME_PATH=None
07/13 02:08:31AM parser.py:31 [INFO] SAVE=EXP
07/13 02:08:31AM parser.py:31 [INFO] SEED=4
07/13 02:08:31AM parser.py:31 [INFO] TRAIN_PORTION=0.5
07/13 02:08:31AM parser.py:31 [INFO] W_GRAD_CLIP=5.0
07/13 02:08:31AM parser.py:31 [INFO] W_LR=0.025
07/13 02:08:31AM parser.py:31 [INFO] W_LR_MIN=0.001
07/13 02:08:31AM parser.py:31 [INFO] W_MOMENTUM=0.9
07/13 02:08:31AM parser.py:31 [INFO] W_WEIGHT_DECAY=0.0003
07/13 02:08:31AM parser.py:31 [INFO] WORKERS=4
07/13 02:08:31AM parser.py:32 [INFO] 
07/13 02:08:33AM searchCell_trainer.py:95 [INFO] --> No loaded checkpoint!
####### ALPHA #######
# Alpha - normal
tensor([[0.1249, 0.1252, 0.1250, 0.1250, 0.1250, 0.1250, 0.1247, 0.1251],
        [0.1250, 0.1250, 0.1251, 0.1251, 0.1251, 0.1251, 0.1248, 0.1248]],
       device='cuda:0', grad_fn=<SoftmaxBackward0>)
tensor([[0.1251, 0.1249, 0.1249, 0.1249, 0.1251, 0.1249, 0.1251, 0.1250],
        [0.1248, 0.1252, 0.1250, 0.1249, 0.1249, 0.1252, 0.1251, 0.1249],
        [0.1251, 0.1250, 0.1252, 0.1249, 0.1249, 0.1250, 0.1250, 0.1249]],
       device='cuda:0', grad_fn=<SoftmaxBackward0>)
tensor([[0.1248, 0.1251, 0.1250, 0.1251, 0.1249, 0.1248, 0.1250, 0.1252],
        [0.1250, 0.1248, 0.1249, 0.1252, 0.1250, 0.1250, 0.1250, 0.1251],
        [0.1249, 0.1251, 0.1250, 0.1253, 0.1248, 0.1248, 0.1251, 0.1250],
        [0.1250, 0.1250, 0.1249, 0.1252, 0.1251, 0.1250, 0.1249, 0.1250]],
       device='cuda:0', grad_fn=<SoftmaxBackward0>)
tensor([[0.1250, 0.1249, 0.1251, 0.1250, 0.1249, 0.1251, 0.1251, 0.1248],
        [0.1250, 0.1250, 0.1250, 0.1251, 0.1252, 0.1249, 0.1248, 0.1250],
        [0.1251, 0.1249, 0.1250, 0.1251, 0.1249, 0.1250, 0.1250, 0.1250],
        [0.1252, 0.1249, 0.1251, 0.1248, 0.1249, 0.1250, 0.1252, 0.1249],
        [0.1249, 0.1251, 0.1249, 0.1252, 0.1250, 0.1249, 0.1250, 0.1249]],
       device='cuda:0', grad_fn=<SoftmaxBackward0>)
tensor([[0.1252, 0.1248, 0.1249, 0.1250, 0.1252, 0.1252, 0.1249, 0.1248],
        [0.1251, 0.1249, 0.1251, 0.1251, 0.1251, 0.1249, 0.1249, 0.1249]],
       device='cuda:0', grad_fn=<SoftmaxBackward0>)
tensor([[0.1250, 0.1251, 0.1251, 0.1251, 0.1251, 0.1250, 0.1249, 0.1248],
        [0.1251, 0.1251, 0.1248, 0.1250, 0.1248, 0.1249, 0.1250, 0.1252],
        [0.1250, 0.1251, 0.1250, 0.1249, 0.1251, 0.1250, 0.1249, 0.1250]],
       device='cuda:0', grad_fn=<SoftmaxBackward0>)
tensor([[0.1251, 0.1250, 0.1249, 0.1248, 0.1250, 0.1252, 0.1250, 0.1250],
        [0.1248, 0.1250, 0.1249, 0.1251, 0.1252, 0.1250, 0.1250, 0.1249],
        [0.1249, 0.1250, 0.1250, 0.1253, 0.1247, 0.1250, 0.1250, 0.1249],
        [0.1248, 0.1251, 0.1248, 0.1251, 0.1251, 0.1250, 0.1250, 0.1251]],
       device='cuda:0', grad_fn=<SoftmaxBackward0>)
tensor([[0.1251, 0.1250, 0.1250, 0.1250, 0.1250, 0.1251, 0.1251, 0.1247],
        [0.1251, 0.1247, 0.1252, 0.1249, 0.1249, 0.1250, 0.1251, 0.1252],
        [0.1250, 0.1249, 0.1250, 0.1250, 0.1251, 0.1249, 0.1250, 0.1251],
        [0.1249, 0.1252, 0.1251, 0.1249, 0.1249, 0.1252, 0.1252, 0.1247],
        [0.1251, 0.1248, 0.1250, 0.1249, 0.1248, 0.1250, 0.1250, 0.1253]],
       device='cuda:0', grad_fn=<SoftmaxBackward0>)
tensor([[0.1249, 0.1249, 0.1249, 0.1252, 0.1250, 0.1251, 0.1247, 0.1252],
        [0.1251, 0.1248, 0.1249, 0.1252, 0.1249, 0.1250, 0.1250, 0.1250]],
       device='cuda:0', grad_fn=<SoftmaxBackward0>)
tensor([[0.1249, 0.1249, 0.1251, 0.1249, 0.1252, 0.1250, 0.1251, 0.1250],
        [0.1250, 0.1250, 0.1250, 0.1249, 0.1248, 0.1249, 0.1251, 0.1253],
        [0.1251, 0.1251, 0.1251, 0.1249, 0.1248, 0.1248, 0.1252, 0.1250]],
       device='cuda:0', grad_fn=<SoftmaxBackward0>)
tensor([[0.1250, 0.1248, 0.1250, 0.1249, 0.1250, 0.1251, 0.1252, 0.1250],
        [0.1249, 0.1250, 0.1250, 0.1252, 0.1248, 0.1251, 0.1249, 0.1251],
        [0.1251, 0.1250, 0.1251, 0.1250, 0.1250, 0.1250, 0.1249, 0.1250],
        [0.1251, 0.1251, 0.1250, 0.1250, 0.1249, 0.1248, 0.1249, 0.1253]],
       device='cuda:0', grad_fn=<SoftmaxBackward0>)
tensor([[0.1249, 0.1249, 0.1250, 0.1249, 0.1250, 0.1252, 0.1251, 0.1249],
        [0.1253, 0.1250, 0.1250, 0.1250, 0.1250, 0.1250, 0.1247, 0.1250],
        [0.1251, 0.1250, 0.1248, 0.1251, 0.1251, 0.1250, 0.1251, 0.1248],
        [0.1250, 0.1251, 0.1250, 0.1251, 0.1250, 0.1250, 0.1248, 0.1249],
        [0.1250, 0.1249, 0.1251, 0.1250, 0.1253, 0.1252, 0.1248, 0.1248]],
       device='cuda:0', grad_fn=<SoftmaxBackward0>)

# Alpha - reduce
tensor([[0.1251, 0.1251, 0.1249, 0.1250, 0.1251, 0.1251, 0.1248, 0.1250],
        [0.1249, 0.1250, 0.1251, 0.1251, 0.1250, 0.1251, 0.1250, 0.1247]],
       device='cuda:0', grad_fn=<SoftmaxBackward0>)
tensor([[0.1251, 0.1249, 0.1251, 0.1251, 0.1250, 0.1250, 0.1250, 0.1248],
        [0.1249, 0.1250, 0.1250, 0.1250, 0.1252, 0.1250, 0.1252, 0.1247],
        [0.1251, 0.1249, 0.1250, 0.1250, 0.1247, 0.1251, 0.1250, 0.1251]],
       device='cuda:0', grad_fn=<SoftmaxBackward0>)
tensor([[0.1250, 0.1250, 0.1251, 0.1250, 0.1249, 0.1251, 0.1248, 0.1250],
        [0.1250, 0.1252, 0.1250, 0.1251, 0.1249, 0.1248, 0.1250, 0.1250],
        [0.1251, 0.1251, 0.1250, 0.1249, 0.1249, 0.1250, 0.1251, 0.1249],
        [0.1251, 0.1251, 0.1249, 0.1248, 0.1247, 0.1253, 0.1251, 0.1250]],
       device='cuda:0', grad_fn=<SoftmaxBackward0>)
tensor([[0.1248, 0.1250, 0.1251, 0.1250, 0.1249, 0.1250, 0.1251, 0.1251],
        [0.1251, 0.1250, 0.1251, 0.1252, 0.1250, 0.1248, 0.1250, 0.1249],
        [0.1248, 0.1252, 0.1250, 0.1250, 0.1251, 0.1251, 0.1251, 0.1247],
        [0.1249, 0.1249, 0.1249, 0.1249, 0.1249, 0.1252, 0.1251, 0.1251],
        [0.1251, 0.1250, 0.1249, 0.1250, 0.1250, 0.1248, 0.1250, 0.1252]],
       device='cuda:0', grad_fn=<SoftmaxBackward0>)
tensor([[0.1251, 0.1250, 0.1249, 0.1252, 0.1249, 0.1249, 0.1248, 0.1251],
        [0.1249, 0.1250, 0.1250, 0.1250, 0.1249, 0.1249, 0.1252, 0.1250]],
       device='cuda:0', grad_fn=<SoftmaxBackward0>)
tensor([[0.1249, 0.1250, 0.1249, 0.1250, 0.1251, 0.1254, 0.1249, 0.1248],
        [0.1251, 0.1249, 0.1250, 0.1250, 0.1251, 0.1248, 0.1251, 0.1250],
        [0.1251, 0.1250, 0.1248, 0.1251, 0.1249, 0.1249, 0.1251, 0.1252]],
       device='cuda:0', grad_fn=<SoftmaxBackward0>)
tensor([[0.1249, 0.1251, 0.1248, 0.1251, 0.1251, 0.1250, 0.1250, 0.1250],
        [0.1250, 0.1251, 0.1250, 0.1251, 0.1250, 0.1250, 0.1249, 0.1248],
        [0.1250, 0.1248, 0.1249, 0.1250, 0.1250, 0.1250, 0.1252, 0.1252],
        [0.1250, 0.1250, 0.1250, 0.1251, 0.1250, 0.1250, 0.1250, 0.1249]],
       device='cuda:0', grad_fn=<SoftmaxBackward0>)
tensor([[0.1248, 0.1252, 0.1250, 0.1250, 0.1248, 0.1250, 0.1251, 0.1251],
        [0.1252, 0.1249, 0.1249, 0.1249, 0.1250, 0.1250, 0.1250, 0.1251],
        [0.1247, 0.1250, 0.1251, 0.1250, 0.1250, 0.1251, 0.1251, 0.1250],
        [0.1249, 0.1251, 0.1248, 0.1251, 0.1250, 0.1249, 0.1250, 0.1252],
        [0.1249, 0.1252, 0.1249, 0.1249, 0.1252, 0.1250, 0.1249, 0.1250]],
       device='cuda:0', grad_fn=<SoftmaxBackward0>)
#####################
07/13 02:09:11AM searchCell_trainer.py:166 [INFO] Train: Epoch: [0][50/390]	Step 50	lr 0.025	Loss 4.2890 (4.4427)	Prec@(1,5) (3.8%, 14.8%)	
07/13 02:09:47AM searchCell_trainer.py:166 [INFO] Train: Epoch: [0][100/390]	Step 100	lr 0.025	Loss 3.9952 (4.2752)	Prec@(1,5) (5.2%, 19.4%)	
07/13 02:10:22AM searchCell_trainer.py:166 [INFO] Train: Epoch: [0][150/390]	Step 150	lr 0.025	Loss 4.0154 (4.1723)	Prec@(1,5) (6.5%, 22.6%)	
07/13 02:10:58AM searchCell_trainer.py:166 [INFO] Train: Epoch: [0][200/390]	Step 200	lr 0.025	Loss 3.6123 (4.0912)	Prec@(1,5) (7.5%, 25.4%)	
07/13 02:11:33AM searchCell_trainer.py:166 [INFO] Train: Epoch: [0][250/390]	Step 250	lr 0.025	Loss 3.9134 (4.0239)	Prec@(1,5) (8.3%, 27.4%)	
07/13 02:12:08AM searchCell_trainer.py:166 [INFO] Train: Epoch: [0][300/390]	Step 300	lr 0.025	Loss 3.6849 (3.9551)	Prec@(1,5) (9.4%, 29.3%)	
07/13 02:12:43AM searchCell_trainer.py:166 [INFO] Train: Epoch: [0][350/390]	Step 350	lr 0.025	Loss 3.4847 (3.9025)	Prec@(1,5) (10.1%, 30.9%)	
07/13 02:13:11AM searchCell_trainer.py:166 [INFO] Train: Epoch: [0][390/390]	Step 390	lr 0.025	Loss 3.8069 (3.8592)	Prec@(1,5) (10.7%, 32.2%)	
07/13 02:13:13AM searchCell_trainer.py:176 [INFO] Train: [  0/49] Final Prec@1 10.7640%
07/13 02:13:19AM searchCell_trainer.py:202 [INFO] Valid: Epoch: [0][50/391]	Step 391	Loss 3.4689	Prec@(1,5) (16.2%, 43.7%)
07/13 02:13:26AM searchCell_trainer.py:202 [INFO] Valid: Epoch: [0][100/391]	Step 391	Loss 3.4926	Prec@(1,5) (16.0%, 43.3%)
07/13 02:13:33AM searchCell_trainer.py:202 [INFO] Valid: Epoch: [0][150/391]	Step 391	Loss 3.4946	Prec@(1,5) (16.2%, 43.5%)
07/13 02:13:39AM searchCell_trainer.py:202 [INFO] Valid: Epoch: [0][200/391]	Step 391	Loss 3.4992	Prec@(1,5) (16.3%, 43.6%)
07/13 02:13:46AM searchCell_trainer.py:202 [INFO] Valid: Epoch: [0][250/391]	Step 391	Loss 3.4992	Prec@(1,5) (16.3%, 43.6%)
07/13 02:13:52AM searchCell_trainer.py:202 [INFO] Valid: Epoch: [0][300/391]	Step 391	Loss 3.5043	Prec@(1,5) (16.3%, 43.3%)
07/13 02:13:59AM searchCell_trainer.py:202 [INFO] Valid: Epoch: [0][350/391]	Step 391	Loss 3.4998	Prec@(1,5) (16.4%, 43.5%)
07/13 02:14:04AM searchCell_trainer.py:202 [INFO] Valid: Epoch: [0][390/391]	Step 391	Loss 3.5018	Prec@(1,5) (16.2%, 43.4%)
07/13 02:14:04AM searchCell_trainer.py:213 [INFO] Valid: [  0/49] Final Prec@1 16.1720%
07/13 02:14:04AM searchCell_main.py:49 [INFO] genotype = Genotype3(normal1=[[('sep_conv_5x5', 1), ('max_pool_3x3', 0)], [('max_pool_3x3', 0), ('dil_conv_5x5', 1)], [('sep_conv_5x5', 3), ('max_pool_3x3', 0)], [('max_pool_3x3', 0), ('max_pool_3x3', 3)]], normal1_concat=range(2, 6), reduce1=[[('max_pool_3x3', 0), ('dil_conv_5x5', 1)], [('max_pool_3x3', 0), ('sep_conv_5x5', 2)], [('sep_conv_5x5', 2), ('sep_conv_5x5', 3)], [('dil_conv_5x5', 3), ('dil_conv_5x5', 2)]], reduce1_concat=range(2, 6), normal2=[[('max_pool_3x3', 0), ('sep_conv_5x5', 1)], [('max_pool_3x3', 0), ('dil_conv_5x5', 1)], [('max_pool_3x3', 0), ('sep_conv_3x3', 1)], [('max_pool_3x3', 0), ('sep_conv_5x5', 1)]], normal2_concat=range(2, 6), reduce2=[[('sep_conv_5x5', 0), ('dil_conv_5x5', 1)], [('dil_conv_3x3', 2), ('max_pool_3x3', 0)], [('sep_conv_5x5', 1), ('dil_conv_5x5', 3)], [('sep_conv_5x5', 3), ('dil_conv_5x5', 4)]], reduce2_concat=range(2, 6), normal3=[[('dil_conv_5x5', 1), ('dil_conv_5x5', 0)], [('dil_conv_5x5', 1), ('dil_conv_3x3', 2)], [('sep_conv_3x3', 3), ('sep_conv_3x3', 1)], [('dil_conv_3x3', 4), ('dil_conv_5x5', 2)]], normal3_concat=range(2, 6))
07/13 02:14:05AM searchCell_main.py:69 [INFO] Until now, best Prec@1 = 16.1720%
####### ALPHA #######
# Alpha - normal
tensor([[0.1283, 0.1224, 0.1248, 0.1259, 0.1266, 0.1225, 0.1266, 0.1228],
        [0.1242, 0.1194, 0.1219, 0.1235, 0.1286, 0.1278, 0.1270, 0.1276]],
       device='cuda:0', grad_fn=<SoftmaxBackward0>)
tensor([[0.1288, 0.1223, 0.1251, 0.1238, 0.1243, 0.1253, 0.1248, 0.1255],
        [0.1240, 0.1194, 0.1215, 0.1273, 0.1269, 0.1261, 0.1285, 0.1263],
        [0.1265, 0.1215, 0.1250, 0.1238, 0.1259, 0.1251, 0.1273, 0.1249]],
       device='cuda:0', grad_fn=<SoftmaxBackward0>)
tensor([[0.1278, 0.1220, 0.1242, 0.1258, 0.1251, 0.1231, 0.1276, 0.1243],
        [0.1252, 0.1204, 0.1226, 0.1264, 0.1260, 0.1270, 0.1260, 0.1265],
        [0.1260, 0.1231, 0.1247, 0.1275, 0.1251, 0.1252, 0.1249, 0.1236],
        [0.1258, 0.1221, 0.1234, 0.1257, 0.1288, 0.1244, 0.1253, 0.1245]],
       device='cuda:0', grad_fn=<SoftmaxBackward0>)
tensor([[0.1281, 0.1226, 0.1246, 0.1253, 0.1255, 0.1258, 0.1243, 0.1239],
        [0.1259, 0.1200, 0.1219, 0.1265, 0.1264, 0.1251, 0.1268, 0.1274],
        [0.1273, 0.1225, 0.1246, 0.1248, 0.1242, 0.1242, 0.1282, 0.1242],
        [0.1279, 0.1228, 0.1247, 0.1224, 0.1256, 0.1250, 0.1251, 0.1263],
        [0.1258, 0.1226, 0.1241, 0.1253, 0.1253, 0.1282, 0.1249, 0.1239]],
       device='cuda:0', grad_fn=<SoftmaxBackward0>)
tensor([[0.1302, 0.1243, 0.1276, 0.1239, 0.1246, 0.1231, 0.1253, 0.1209],
        [0.1238, 0.1200, 0.1225, 0.1256, 0.1276, 0.1268, 0.1255, 0.1282]],
       device='cuda:0', grad_fn=<SoftmaxBackward0>)
tensor([[0.1297, 0.1240, 0.1270, 0.1251, 0.1235, 0.1251, 0.1247, 0.1210],
        [0.1230, 0.1199, 0.1218, 0.1266, 0.1266, 0.1258, 0.1276, 0.1286],
        [0.1253, 0.1222, 0.1242, 0.1242, 0.1268, 0.1262, 0.1256, 0.1254]],
       device='cuda:0', grad_fn=<SoftmaxBackward0>)
tensor([[0.1302, 0.1248, 0.1272, 0.1233, 0.1246, 0.1229, 0.1252, 0.1219],
        [0.1240, 0.1206, 0.1228, 0.1276, 0.1253, 0.1257, 0.1266, 0.1274],
        [0.1242, 0.1219, 0.1236, 0.1277, 0.1262, 0.1264, 0.1258, 0.1242],
        [0.1260, 0.1239, 0.1262, 0.1236, 0.1237, 0.1236, 0.1262, 0.1266]],
       device='cuda:0', grad_fn=<SoftmaxBackward0>)
tensor([[0.1297, 0.1246, 0.1277, 0.1242, 0.1233, 0.1228, 0.1250, 0.1228],
        [0.1238, 0.1198, 0.1221, 0.1249, 0.1281, 0.1256, 0.1280, 0.1277],
        [0.1253, 0.1216, 0.1242, 0.1245, 0.1274, 0.1250, 0.1263, 0.1257],
        [0.1246, 0.1219, 0.1245, 0.1258, 0.1261, 0.1254, 0.1265, 0.1253],
        [0.1259, 0.1217, 0.1244, 0.1256, 0.1249, 0.1249, 0.1246, 0.1279]],
       device='cuda:0', grad_fn=<SoftmaxBackward0>)
tensor([[0.1266, 0.1213, 0.1225, 0.1266, 0.1266, 0.1248, 0.1271, 0.1245],
        [0.1224, 0.1189, 0.1196, 0.1280, 0.1260, 0.1273, 0.1282, 0.1296]],
       device='cuda:0', grad_fn=<SoftmaxBackward0>)
tensor([[0.1251, 0.1206, 0.1214, 0.1242, 0.1273, 0.1276, 0.1269, 0.1268],
        [0.1217, 0.1192, 0.1196, 0.1258, 0.1263, 0.1285, 0.1290, 0.1300],
        [0.1222, 0.1199, 0.1202, 0.1260, 0.1261, 0.1283, 0.1277, 0.1295]],
       device='cuda:0', grad_fn=<SoftmaxBackward0>)
tensor([[0.1237, 0.1196, 0.1202, 0.1274, 0.1273, 0.1274, 0.1269, 0.1275],
        [0.1204, 0.1185, 0.1187, 0.1297, 0.1278, 0.1273, 0.1279, 0.1297],
        [0.1202, 0.1185, 0.1183, 0.1276, 0.1294, 0.1281, 0.1278, 0.1300],
        [0.1201, 0.1180, 0.1177, 0.1301, 0.1285, 0.1280, 0.1279, 0.1298]],
       device='cuda:0', grad_fn=<SoftmaxBackward0>)
tensor([[0.1243, 0.1205, 0.1209, 0.1247, 0.1285, 0.1276, 0.1257, 0.1278],
        [0.1216, 0.1195, 0.1197, 0.1271, 0.1283, 0.1269, 0.1271, 0.1298],
        [0.1208, 0.1193, 0.1192, 0.1280, 0.1279, 0.1270, 0.1288, 0.1291],
        [0.1203, 0.1189, 0.1189, 0.1282, 0.1282, 0.1280, 0.1286, 0.1288],
        [0.1208, 0.1191, 0.1194, 0.1270, 0.1281, 0.1294, 0.1280, 0.1282]],
       device='cuda:0', grad_fn=<SoftmaxBackward0>)

# Alpha - reduce
tensor([[0.1280, 0.1235, 0.1226, 0.1251, 0.1253, 0.1257, 0.1238, 0.1260],
        [0.1248, 0.1217, 0.1254, 0.1246, 0.1258, 0.1268, 0.1270, 0.1240]],
       device='cuda:0', grad_fn=<SoftmaxBackward0>)
tensor([[0.1278, 0.1240, 0.1246, 0.1236, 0.1260, 0.1239, 0.1253, 0.1248],
        [0.1254, 0.1226, 0.1255, 0.1241, 0.1235, 0.1266, 0.1263, 0.1259],
        [0.1258, 0.1230, 0.1252, 0.1240, 0.1270, 0.1256, 0.1264, 0.1231]],
       device='cuda:0', grad_fn=<SoftmaxBackward0>)
tensor([[0.1269, 0.1227, 0.1257, 0.1246, 0.1262, 0.1245, 0.1248, 0.1245],
        [0.1256, 0.1232, 0.1247, 0.1260, 0.1256, 0.1243, 0.1244, 0.1262],
        [0.1254, 0.1220, 0.1246, 0.1255, 0.1274, 0.1245, 0.1258, 0.1247],
        [0.1250, 0.1226, 0.1250, 0.1240, 0.1272, 0.1237, 0.1269, 0.1255]],
       device='cuda:0', grad_fn=<SoftmaxBackward0>)
tensor([[0.1271, 0.1234, 0.1238, 0.1256, 0.1253, 0.1250, 0.1256, 0.1241],
        [0.1252, 0.1222, 0.1241, 0.1273, 0.1255, 0.1252, 0.1244, 0.1260],
        [0.1255, 0.1226, 0.1240, 0.1246, 0.1260, 0.1246, 0.1285, 0.1242],
        [0.1252, 0.1229, 0.1251, 0.1254, 0.1246, 0.1235, 0.1286, 0.1247],
        [0.1256, 0.1228, 0.1252, 0.1245, 0.1256, 0.1232, 0.1271, 0.1259]],
       device='cuda:0', grad_fn=<SoftmaxBackward0>)
tensor([[0.1264, 0.1222, 0.1231, 0.1250, 0.1279, 0.1252, 0.1257, 0.1244],
        [0.1252, 0.1217, 0.1236, 0.1253, 0.1262, 0.1250, 0.1266, 0.1265]],
       device='cuda:0', grad_fn=<SoftmaxBackward0>)
tensor([[0.1272, 0.1232, 0.1233, 0.1251, 0.1255, 0.1255, 0.1250, 0.1252],
        [0.1246, 0.1211, 0.1255, 0.1258, 0.1260, 0.1243, 0.1257, 0.1270],
        [0.1265, 0.1203, 0.1222, 0.1269, 0.1255, 0.1283, 0.1269, 0.1234]],
       device='cuda:0', grad_fn=<SoftmaxBackward0>)
tensor([[0.1276, 0.1234, 0.1259, 0.1243, 0.1249, 0.1240, 0.1252, 0.1247],
        [0.1251, 0.1212, 0.1262, 0.1273, 0.1280, 0.1230, 0.1250, 0.1242],
        [0.1266, 0.1202, 0.1225, 0.1260, 0.1256, 0.1279, 0.1272, 0.1240],
        [0.1263, 0.1200, 0.1231, 0.1244, 0.1273, 0.1248, 0.1281, 0.1261]],
       device='cuda:0', grad_fn=<SoftmaxBackward0>)
tensor([[0.1260, 0.1229, 0.1259, 0.1270, 0.1262, 0.1236, 0.1254, 0.1231],
        [0.1243, 0.1207, 0.1244, 0.1264, 0.1269, 0.1255, 0.1258, 0.1261],
        [0.1266, 0.1206, 0.1225, 0.1260, 0.1263, 0.1255, 0.1277, 0.1249],
        [0.1272, 0.1207, 0.1228, 0.1235, 0.1279, 0.1246, 0.1275, 0.1258],
        [0.1256, 0.1201, 0.1226, 0.1248, 0.1268, 0.1263, 0.1277, 0.1261]],
       device='cuda:0', grad_fn=<SoftmaxBackward0>)
#####################
07/13 02:14:42AM searchCell_trainer.py:166 [INFO] Train: Epoch: [1][50/390]	Step 441	lr 0.02498	Loss 3.6206 (3.4091)	Prec@(1,5) (17.8%, 44.7%)	
07/13 02:15:17AM searchCell_trainer.py:166 [INFO] Train: Epoch: [1][100/390]	Step 491	lr 0.02498	Loss 3.4361 (3.3486)	Prec@(1,5) (18.6%, 46.0%)	
07/13 02:15:52AM searchCell_trainer.py:166 [INFO] Train: Epoch: [1][150/390]	Step 541	lr 0.02498	Loss 2.8986 (3.3128)	Prec@(1,5) (18.9%, 47.1%)	
07/13 02:16:29AM searchCell_trainer.py:166 [INFO] Train: Epoch: [1][200/390]	Step 591	lr 0.02498	Loss 3.0468 (3.3023)	Prec@(1,5) (18.9%, 47.5%)	
07/13 02:17:05AM searchCell_trainer.py:166 [INFO] Train: Epoch: [1][250/390]	Step 641	lr 0.02498	Loss 3.1192 (3.2775)	Prec@(1,5) (19.3%, 48.3%)	
07/13 02:17:41AM searchCell_trainer.py:166 [INFO] Train: Epoch: [1][300/390]	Step 691	lr 0.02498	Loss 2.9154 (3.2525)	Prec@(1,5) (19.8%, 49.0%)	
07/13 02:18:25AM searchCell_trainer.py:166 [INFO] Train: Epoch: [1][350/390]	Step 741	lr 0.02498	Loss 2.8156 (3.2247)	Prec@(1,5) (20.4%, 49.8%)	
07/13 02:18:54AM searchCell_trainer.py:166 [INFO] Train: Epoch: [1][390/390]	Step 781	lr 0.02498	Loss 2.7456 (3.2072)	Prec@(1,5) (20.6%, 50.4%)	
07/13 02:18:54AM searchCell_trainer.py:176 [INFO] Train: [  1/49] Final Prec@1 20.5760%
07/13 02:19:01AM searchCell_trainer.py:202 [INFO] Valid: Epoch: [1][50/391]	Step 782	Loss 3.1109	Prec@(1,5) (22.8%, 53.2%)
07/13 02:19:07AM searchCell_trainer.py:202 [INFO] Valid: Epoch: [1][100/391]	Step 782	Loss 3.0974	Prec@(1,5) (23.2%, 53.7%)
07/13 02:19:13AM searchCell_trainer.py:202 [INFO] Valid: Epoch: [1][150/391]	Step 782	Loss 3.0908	Prec@(1,5) (22.9%, 53.9%)
07/13 02:19:19AM searchCell_trainer.py:202 [INFO] Valid: Epoch: [1][200/391]	Step 782	Loss 3.1049	Prec@(1,5) (22.8%, 53.4%)
07/13 02:19:25AM searchCell_trainer.py:202 [INFO] Valid: Epoch: [1][250/391]	Step 782	Loss 3.1104	Prec@(1,5) (22.7%, 53.3%)
07/13 02:19:32AM searchCell_trainer.py:202 [INFO] Valid: Epoch: [1][300/391]	Step 782	Loss 3.1064	Prec@(1,5) (22.9%, 53.3%)
07/13 02:19:38AM searchCell_trainer.py:202 [INFO] Valid: Epoch: [1][350/391]	Step 782	Loss 3.1091	Prec@(1,5) (22.9%, 53.2%)
07/13 02:19:43AM searchCell_trainer.py:202 [INFO] Valid: Epoch: [1][390/391]	Step 782	Loss 3.1129	Prec@(1,5) (22.9%, 53.1%)
07/13 02:19:43AM searchCell_trainer.py:213 [INFO] Valid: [  1/49] Final Prec@1 22.8640%
07/13 02:19:43AM searchCell_main.py:49 [INFO] genotype = Genotype3(normal1=[[('sep_conv_5x5', 1), ('sep_conv_5x5', 0)], [('max_pool_3x3', 0), ('dil_conv_5x5', 1)], [('max_pool_3x3', 0), ('sep_conv_3x3', 1)], [('max_pool_3x3', 0), ('sep_conv_3x3', 1)]], normal1_concat=range(2, 6), reduce1=[[('max_pool_3x3', 0), ('dil_conv_5x5', 1)], [('max_pool_3x3', 0), ('dil_conv_5x5', 1)], [('max_pool_3x3', 0), ('dil_conv_5x5', 2)], [('dil_conv_5x5', 2), ('dil_conv_5x5', 3)]], reduce1_concat=range(2, 6), normal2=[[('max_pool_3x3', 0), ('sep_conv_5x5', 1)], [('max_pool_3x3', 0), ('dil_conv_5x5', 1)], [('max_pool_3x3', 0), ('dil_conv_5x5', 1)], [('max_pool_3x3', 0), ('sep_conv_5x5', 1)]], normal2_concat=range(2, 6), reduce2=[[('sep_conv_5x5', 1), ('sep_conv_5x5', 0)], [('max_pool_3x3', 0), ('sep_conv_5x5', 2)], [('sep_conv_5x5', 1), ('dil_conv_5x5', 3)], [('dil_conv_5x5', 4), ('dil_conv_5x5', 2)]], reduce2_concat=range(2, 6), normal3=[[('max_pool_3x3', 0), ('sep_conv_3x3', 1)], [('dil_conv_5x5', 1), ('dil_conv_3x3', 2)], [('sep_conv_3x3', 3), ('sep_conv_3x3', 1)], [('dil_conv_5x5', 2), ('sep_conv_5x5', 1)]], normal3_concat=range(2, 6))
07/13 02:19:44AM searchCell_main.py:69 [INFO] Until now, best Prec@1 = 22.8640%
####### ALPHA #######
# Alpha - normal
tensor([[0.1293, 0.1175, 0.1232, 0.1273, 0.1296, 0.1236, 0.1275, 0.1220],
        [0.1229, 0.1142, 0.1199, 0.1223, 0.1318, 0.1316, 0.1282, 0.1292]],
       device='cuda:0', grad_fn=<SoftmaxBackward0>)
tensor([[0.1314, 0.1182, 0.1244, 0.1255, 0.1238, 0.1245, 0.1263, 0.1259],
        [0.1246, 0.1145, 0.1197, 0.1290, 0.1289, 0.1260, 0.1310, 0.1262],
        [0.1273, 0.1165, 0.1245, 0.1251, 0.1304, 0.1238, 0.1269, 0.1254]],
       device='cuda:0', grad_fn=<SoftmaxBackward0>)
tensor([[0.1319, 0.1183, 0.1235, 0.1261, 0.1249, 0.1241, 0.1288, 0.1224],
        [0.1272, 0.1168, 0.1216, 0.1303, 0.1246, 0.1286, 0.1253, 0.1255],
        [0.1289, 0.1213, 0.1265, 0.1289, 0.1235, 0.1228, 0.1245, 0.1234],
        [0.1263, 0.1197, 0.1235, 0.1257, 0.1302, 0.1249, 0.1258, 0.1239]],
       device='cuda:0', grad_fn=<SoftmaxBackward0>)
tensor([[0.1312, 0.1195, 0.1243, 0.1239, 0.1280, 0.1267, 0.1239, 0.1224],
        [0.1264, 0.1152, 0.1198, 0.1292, 0.1277, 0.1261, 0.1270, 0.1286],
        [0.1285, 0.1187, 0.1251, 0.1252, 0.1248, 0.1232, 0.1287, 0.1258],
        [0.1283, 0.1203, 0.1248, 0.1207, 0.1280, 0.1257, 0.1250, 0.1271],
        [0.1248, 0.1197, 0.1241, 0.1265, 0.1269, 0.1284, 0.1245, 0.1251]],
       device='cuda:0', grad_fn=<SoftmaxBackward0>)
tensor([[0.1339, 0.1226, 0.1293, 0.1230, 0.1258, 0.1209, 0.1271, 0.1175],
        [0.1227, 0.1149, 0.1199, 0.1257, 0.1307, 0.1269, 0.1273, 0.1319]],
       device='cuda:0', grad_fn=<SoftmaxBackward0>)
tensor([[0.1332, 0.1225, 0.1290, 0.1244, 0.1242, 0.1232, 0.1246, 0.1188],
        [0.1217, 0.1149, 0.1193, 0.1261, 0.1281, 0.1267, 0.1316, 0.1315],
        [0.1254, 0.1183, 0.1229, 0.1243, 0.1288, 0.1258, 0.1294, 0.1252]],
       device='cuda:0', grad_fn=<SoftmaxBackward0>)
tensor([[0.1339, 0.1225, 0.1275, 0.1231, 0.1259, 0.1217, 0.1260, 0.1193],
        [0.1237, 0.1165, 0.1206, 0.1278, 0.1263, 0.1260, 0.1295, 0.1295],
        [0.1251, 0.1189, 0.1234, 0.1280, 0.1280, 0.1260, 0.1262, 0.1245],
        [0.1272, 0.1217, 0.1265, 0.1228, 0.1241, 0.1214, 0.1285, 0.1279]],
       device='cuda:0', grad_fn=<SoftmaxBackward0>)
tensor([[0.1338, 0.1231, 0.1290, 0.1270, 0.1225, 0.1196, 0.1243, 0.1206],
        [0.1230, 0.1151, 0.1193, 0.1266, 0.1306, 0.1254, 0.1299, 0.1302],
        [0.1258, 0.1178, 0.1234, 0.1247, 0.1290, 0.1252, 0.1278, 0.1263],
        [0.1246, 0.1183, 0.1236, 0.1270, 0.1277, 0.1253, 0.1253, 0.1281],
        [0.1245, 0.1171, 0.1223, 0.1266, 0.1285, 0.1253, 0.1277, 0.1278]],
       device='cuda:0', grad_fn=<SoftmaxBackward0>)
tensor([[0.1314, 0.1209, 0.1227, 0.1247, 0.1272, 0.1233, 0.1275, 0.1223],
        [0.1212, 0.1150, 0.1160, 0.1298, 0.1267, 0.1285, 0.1296, 0.1333]],
       device='cuda:0', grad_fn=<SoftmaxBackward0>)
tensor([[0.1280, 0.1194, 0.1206, 0.1221, 0.1280, 0.1279, 0.1285, 0.1255],
        [0.1205, 0.1157, 0.1165, 0.1254, 0.1273, 0.1302, 0.1323, 0.1322],
        [0.1227, 0.1183, 0.1183, 0.1245, 0.1271, 0.1300, 0.1289, 0.1303]],
       device='cuda:0', grad_fn=<SoftmaxBackward0>)
tensor([[0.1260, 0.1184, 0.1194, 0.1285, 0.1276, 0.1281, 0.1249, 0.1271],
        [0.1185, 0.1146, 0.1151, 0.1311, 0.1299, 0.1280, 0.1303, 0.1325],
        [0.1198, 0.1161, 0.1157, 0.1276, 0.1309, 0.1292, 0.1289, 0.1317],
        [0.1194, 0.1155, 0.1148, 0.1322, 0.1307, 0.1284, 0.1289, 0.1300]],
       device='cuda:0', grad_fn=<SoftmaxBackward0>)
tensor([[0.1279, 0.1199, 0.1208, 0.1246, 0.1283, 0.1272, 0.1242, 0.1270],
        [0.1204, 0.1164, 0.1169, 0.1274, 0.1306, 0.1282, 0.1276, 0.1324],
        [0.1208, 0.1177, 0.1167, 0.1280, 0.1288, 0.1266, 0.1318, 0.1295],
        [0.1209, 0.1179, 0.1174, 0.1281, 0.1290, 0.1288, 0.1293, 0.1286],
        [0.1211, 0.1179, 0.1177, 0.1281, 0.1287, 0.1304, 0.1283, 0.1278]],
       device='cuda:0', grad_fn=<SoftmaxBackward0>)

# Alpha - reduce
tensor([[0.1317, 0.1237, 0.1224, 0.1248, 0.1264, 0.1231, 0.1225, 0.1253],
        [0.1238, 0.1189, 0.1248, 0.1246, 0.1268, 0.1269, 0.1291, 0.1250]],
       device='cuda:0', grad_fn=<SoftmaxBackward0>)
tensor([[0.1314, 0.1240, 0.1247, 0.1236, 0.1255, 0.1236, 0.1228, 0.1244],
        [0.1244, 0.1197, 0.1263, 0.1242, 0.1235, 0.1262, 0.1292, 0.1266],
        [0.1249, 0.1202, 0.1244, 0.1238, 0.1268, 0.1274, 0.1287, 0.1238]],
       device='cuda:0', grad_fn=<SoftmaxBackward0>)
tensor([[0.1303, 0.1231, 0.1255, 0.1235, 0.1258, 0.1261, 0.1239, 0.1220],
        [0.1249, 0.1205, 0.1272, 0.1257, 0.1249, 0.1235, 0.1247, 0.1285],
        [0.1246, 0.1188, 0.1241, 0.1245, 0.1284, 0.1257, 0.1291, 0.1248],
        [0.1241, 0.1189, 0.1248, 0.1240, 0.1280, 0.1257, 0.1288, 0.1258]],
       device='cuda:0', grad_fn=<SoftmaxBackward0>)
tensor([[0.1309, 0.1233, 0.1217, 0.1280, 0.1263, 0.1229, 0.1247, 0.1222],
        [0.1256, 0.1202, 0.1246, 0.1273, 0.1255, 0.1263, 0.1243, 0.1262],
        [0.1250, 0.1197, 0.1236, 0.1257, 0.1270, 0.1229, 0.1321, 0.1239],
        [0.1246, 0.1197, 0.1254, 0.1256, 0.1229, 0.1251, 0.1316, 0.1251],
        [0.1242, 0.1196, 0.1248, 0.1248, 0.1256, 0.1236, 0.1301, 0.1274]],
       device='cuda:0', grad_fn=<SoftmaxBackward0>)
tensor([[0.1274, 0.1205, 0.1237, 0.1236, 0.1303, 0.1259, 0.1257, 0.1228],
        [0.1242, 0.1181, 0.1213, 0.1267, 0.1300, 0.1231, 0.1278, 0.1287]],
       device='cuda:0', grad_fn=<SoftmaxBackward0>)
tensor([[0.1286, 0.1214, 0.1214, 0.1255, 0.1278, 0.1253, 0.1253, 0.1248],
        [0.1230, 0.1172, 0.1247, 0.1281, 0.1268, 0.1251, 0.1271, 0.1280],
        [0.1273, 0.1153, 0.1185, 0.1294, 0.1296, 0.1288, 0.1287, 0.1223]],
       device='cuda:0', grad_fn=<SoftmaxBackward0>)
tensor([[0.1298, 0.1226, 0.1254, 0.1239, 0.1243, 0.1241, 0.1253, 0.1247],
        [0.1230, 0.1169, 0.1282, 0.1259, 0.1314, 0.1240, 0.1252, 0.1255],
        [0.1275, 0.1156, 0.1193, 0.1270, 0.1279, 0.1289, 0.1302, 0.1236],
        [0.1272, 0.1151, 0.1202, 0.1227, 0.1314, 0.1264, 0.1318, 0.1252]],
       device='cuda:0', grad_fn=<SoftmaxBackward0>)
tensor([[0.1273, 0.1216, 0.1247, 0.1277, 0.1264, 0.1231, 0.1262, 0.1229],
        [0.1225, 0.1169, 0.1234, 0.1282, 0.1275, 0.1250, 0.1279, 0.1287],
        [0.1280, 0.1165, 0.1195, 0.1277, 0.1280, 0.1253, 0.1303, 0.1247],
        [0.1287, 0.1163, 0.1202, 0.1238, 0.1299, 0.1266, 0.1301, 0.1244],
        [0.1258, 0.1164, 0.1208, 0.1248, 0.1285, 0.1257, 0.1307, 0.1273]],
       device='cuda:0', grad_fn=<SoftmaxBackward0>)
#####################
07/13 02:20:21AM searchCell_trainer.py:166 [INFO] Train: Epoch: [2][50/390]	Step 832	lr 0.02491	Loss 2.9481 (2.9492)	Prec@(1,5) (24.9%, 57.1%)	
07/13 02:20:56AM searchCell_trainer.py:166 [INFO] Train: Epoch: [2][100/390]	Step 882	lr 0.02491	Loss 2.5154 (2.9373)	Prec@(1,5) (25.0%, 57.7%)	
07/13 02:21:32AM searchCell_trainer.py:166 [INFO] Train: Epoch: [2][150/390]	Step 932	lr 0.02491	Loss 2.7957 (2.9015)	Prec@(1,5) (25.7%, 58.9%)	
07/13 02:22:08AM searchCell_trainer.py:166 [INFO] Train: Epoch: [2][200/390]	Step 982	lr 0.02491	Loss 2.8758 (2.8914)	Prec@(1,5) (26.1%, 58.9%)	
07/13 02:22:43AM searchCell_trainer.py:166 [INFO] Train: Epoch: [2][250/390]	Step 1032	lr 0.02491	Loss 3.1044 (2.8647)	Prec@(1,5) (26.7%, 59.5%)	
07/13 02:23:18AM searchCell_trainer.py:166 [INFO] Train: Epoch: [2][300/390]	Step 1082	lr 0.02491	Loss 2.7047 (2.8517)	Prec@(1,5) (27.0%, 59.8%)	
07/13 02:23:54AM searchCell_trainer.py:166 [INFO] Train: Epoch: [2][350/390]	Step 1132	lr 0.02491	Loss 2.8545 (2.8362)	Prec@(1,5) (27.5%, 60.2%)	
07/13 02:24:23AM searchCell_trainer.py:166 [INFO] Train: Epoch: [2][390/390]	Step 1172	lr 0.02491	Loss 2.6598 (2.8238)	Prec@(1,5) (27.6%, 60.4%)	
07/13 02:24:24AM searchCell_trainer.py:176 [INFO] Train: [  2/49] Final Prec@1 27.6440%
07/13 02:24:30AM searchCell_trainer.py:202 [INFO] Valid: Epoch: [2][50/391]	Step 1173	Loss 2.8700	Prec@(1,5) (28.0%, 60.1%)
07/13 02:24:36AM searchCell_trainer.py:202 [INFO] Valid: Epoch: [2][100/391]	Step 1173	Loss 2.9057	Prec@(1,5) (27.8%, 59.1%)
07/13 02:24:43AM searchCell_trainer.py:202 [INFO] Valid: Epoch: [2][150/391]	Step 1173	Loss 2.8917	Prec@(1,5) (28.4%, 59.4%)
07/13 02:24:49AM searchCell_trainer.py:202 [INFO] Valid: Epoch: [2][200/391]	Step 1173	Loss 2.8803	Prec@(1,5) (28.4%, 59.7%)
07/13 02:24:56AM searchCell_trainer.py:202 [INFO] Valid: Epoch: [2][250/391]	Step 1173	Loss 2.8837	Prec@(1,5) (28.3%, 59.7%)
07/13 02:25:02AM searchCell_trainer.py:202 [INFO] Valid: Epoch: [2][300/391]	Step 1173	Loss 2.8825	Prec@(1,5) (28.3%, 59.8%)
07/13 02:25:09AM searchCell_trainer.py:202 [INFO] Valid: Epoch: [2][350/391]	Step 1173	Loss 2.8761	Prec@(1,5) (28.4%, 59.9%)
07/13 02:25:14AM searchCell_trainer.py:202 [INFO] Valid: Epoch: [2][390/391]	Step 1173	Loss 2.8825	Prec@(1,5) (28.3%, 59.8%)
07/13 02:25:14AM searchCell_trainer.py:213 [INFO] Valid: [  2/49] Final Prec@1 28.2880%
07/13 02:25:14AM searchCell_main.py:49 [INFO] genotype = Genotype3(normal1=[[('sep_conv_5x5', 1), ('max_pool_3x3', 0)], [('max_pool_3x3', 0), ('sep_conv_5x5', 2)], [('max_pool_3x3', 0), ('sep_conv_3x3', 1)], [('max_pool_3x3', 0), ('dil_conv_3x3', 4)]], normal1_concat=range(2, 6), reduce1=[[('max_pool_3x3', 0), ('dil_conv_5x5', 1)], [('max_pool_3x3', 0), ('dil_conv_5x5', 1)], [('max_pool_3x3', 0), ('dil_conv_5x5', 2)], [('dil_conv_5x5', 2), ('dil_conv_5x5', 3)]], reduce1_concat=range(2, 6), normal2=[[('max_pool_3x3', 0), ('sep_conv_5x5', 1)], [('max_pool_3x3', 0), ('dil_conv_5x5', 1)], [('max_pool_3x3', 0), ('dil_conv_5x5', 3)], [('max_pool_3x3', 0), ('dil_conv_5x5', 1)]], normal2_concat=range(2, 6), reduce2=[[('sep_conv_5x5', 0), ('sep_conv_5x5', 1)], [('sep_conv_5x5', 2), ('sep_conv_3x3', 1)], [('sep_conv_5x5', 1), ('dil_conv_5x5', 3)], [('dil_conv_5x5', 4), ('dil_conv_5x5', 2)]], reduce2_concat=range(2, 6), normal3=[[('max_pool_3x3', 0), ('sep_conv_3x3', 1)], [('dil_conv_5x5', 1), ('dil_conv_3x3', 2)], [('sep_conv_3x3', 3), ('sep_conv_5x5', 2)], [('dil_conv_5x5', 2), ('sep_conv_5x5', 1)]], normal3_concat=range(2, 6))
07/13 02:25:15AM searchCell_main.py:69 [INFO] Until now, best Prec@1 = 28.2880%
####### ALPHA #######
# Alpha - normal
tensor([[0.1316, 0.1147, 0.1233, 0.1273, 0.1312, 0.1228, 0.1273, 0.1218],
        [0.1224, 0.1112, 0.1200, 0.1229, 0.1341, 0.1332, 0.1268, 0.1294]],
       device='cuda:0', grad_fn=<SoftmaxBackward0>)
tensor([[0.1347, 0.1160, 0.1250, 0.1278, 0.1224, 0.1240, 0.1248, 0.1253],
        [0.1252, 0.1118, 0.1202, 0.1318, 0.1297, 0.1244, 0.1307, 0.1263],
        [0.1270, 0.1120, 0.1245, 0.1276, 0.1333, 0.1232, 0.1265, 0.1260]],
       device='cuda:0', grad_fn=<SoftmaxBackward0>)
tensor([[0.1347, 0.1151, 0.1225, 0.1268, 0.1250, 0.1253, 0.1289, 0.1218],
        [0.1269, 0.1139, 0.1212, 0.1339, 0.1249, 0.1298, 0.1247, 0.1246],
        [0.1296, 0.1173, 0.1277, 0.1289, 0.1258, 0.1215, 0.1241, 0.1250],
        [0.1246, 0.1159, 0.1225, 0.1270, 0.1327, 0.1259, 0.1262, 0.1253]],
       device='cuda:0', grad_fn=<SoftmaxBackward0>)
tensor([[0.1362, 0.1182, 0.1251, 0.1240, 0.1276, 0.1260, 0.1220, 0.1207],
        [0.1276, 0.1126, 0.1193, 0.1298, 0.1287, 0.1271, 0.1267, 0.1284],
        [0.1302, 0.1165, 0.1265, 0.1240, 0.1263, 0.1222, 0.1281, 0.1261],
        [0.1290, 0.1188, 0.1259, 0.1199, 0.1288, 0.1250, 0.1245, 0.1281],
        [0.1248, 0.1181, 0.1248, 0.1269, 0.1272, 0.1310, 0.1219, 0.1253]],
       device='cuda:0', grad_fn=<SoftmaxBackward0>)
tensor([[0.1362, 0.1222, 0.1310, 0.1224, 0.1257, 0.1188, 0.1277, 0.1159],
        [0.1224, 0.1129, 0.1193, 0.1260, 0.1311, 0.1262, 0.1283, 0.1338]],
       device='cuda:0', grad_fn=<SoftmaxBackward0>)
tensor([[0.1351, 0.1214, 0.1299, 0.1237, 0.1242, 0.1222, 0.1265, 0.1169],
        [0.1216, 0.1131, 0.1186, 0.1265, 0.1285, 0.1287, 0.1311, 0.1319],
        [0.1262, 0.1166, 0.1233, 0.1244, 0.1305, 0.1230, 0.1293, 0.1266]],
       device='cuda:0', grad_fn=<SoftmaxBackward0>)
tensor([[0.1360, 0.1211, 0.1278, 0.1237, 0.1265, 0.1224, 0.1257, 0.1168],
        [0.1237, 0.1145, 0.1198, 0.1288, 0.1272, 0.1254, 0.1294, 0.1312],
        [0.1253, 0.1166, 0.1228, 0.1294, 0.1286, 0.1256, 0.1272, 0.1244],
        [0.1277, 0.1196, 0.1262, 0.1230, 0.1256, 0.1208, 0.1293, 0.1278]],
       device='cuda:0', grad_fn=<SoftmaxBackward0>)
tensor([[0.1367, 0.1224, 0.1304, 0.1271, 0.1217, 0.1188, 0.1235, 0.1195],
        [0.1226, 0.1125, 0.1179, 0.1250, 0.1322, 0.1258, 0.1326, 0.1314],
        [0.1263, 0.1156, 0.1239, 0.1240, 0.1281, 0.1249, 0.1296, 0.1277],
        [0.1252, 0.1160, 0.1231, 0.1287, 0.1268, 0.1254, 0.1248, 0.1298],
        [0.1248, 0.1152, 0.1218, 0.1251, 0.1298, 0.1243, 0.1300, 0.1290]],
       device='cuda:0', grad_fn=<SoftmaxBackward0>)
tensor([[0.1343, 0.1198, 0.1221, 0.1233, 0.1286, 0.1230, 0.1277, 0.1213],
        [0.1215, 0.1124, 0.1137, 0.1310, 0.1278, 0.1296, 0.1285, 0.1354]],
       device='cuda:0', grad_fn=<SoftmaxBackward0>)
tensor([[0.1298, 0.1181, 0.1196, 0.1217, 0.1285, 0.1280, 0.1295, 0.1248],
        [0.1206, 0.1133, 0.1144, 0.1252, 0.1281, 0.1306, 0.1335, 0.1344],
        [0.1244, 0.1170, 0.1172, 0.1239, 0.1272, 0.1304, 0.1292, 0.1306]],
       device='cuda:0', grad_fn=<SoftmaxBackward0>)
tensor([[0.1268, 0.1164, 0.1178, 0.1296, 0.1288, 0.1282, 0.1248, 0.1277],
        [0.1183, 0.1121, 0.1129, 0.1320, 0.1307, 0.1274, 0.1322, 0.1342],
        [0.1204, 0.1143, 0.1139, 0.1271, 0.1334, 0.1277, 0.1300, 0.1332],
        [0.1191, 0.1130, 0.1121, 0.1337, 0.1327, 0.1276, 0.1311, 0.1308]],
       device='cuda:0', grad_fn=<SoftmaxBackward0>)
tensor([[0.1300, 0.1191, 0.1203, 0.1233, 0.1298, 0.1275, 0.1234, 0.1265],
        [0.1202, 0.1142, 0.1149, 0.1279, 0.1325, 0.1292, 0.1268, 0.1343],
        [0.1217, 0.1165, 0.1147, 0.1279, 0.1299, 0.1262, 0.1338, 0.1294],
        [0.1215, 0.1164, 0.1153, 0.1292, 0.1300, 0.1304, 0.1292, 0.1280],
        [0.1219, 0.1168, 0.1163, 0.1287, 0.1302, 0.1315, 0.1275, 0.1272]],
       device='cuda:0', grad_fn=<SoftmaxBackward0>)

# Alpha - reduce
tensor([[0.1330, 0.1228, 0.1214, 0.1258, 0.1275, 0.1235, 0.1221, 0.1239],
        [0.1227, 0.1163, 0.1242, 0.1244, 0.1274, 0.1280, 0.1301, 0.1268]],
       device='cuda:0', grad_fn=<SoftmaxBackward0>)
tensor([[0.1336, 0.1238, 0.1259, 0.1218, 0.1252, 0.1245, 0.1220, 0.1232],
        [0.1237, 0.1174, 0.1258, 0.1230, 0.1248, 0.1255, 0.1320, 0.1278],
        [0.1248, 0.1175, 0.1249, 0.1245, 0.1270, 0.1264, 0.1302, 0.1247]],
       device='cuda:0', grad_fn=<SoftmaxBackward0>)
tensor([[0.1322, 0.1231, 0.1264, 0.1233, 0.1250, 0.1257, 0.1241, 0.1202],
        [0.1243, 0.1185, 0.1273, 0.1269, 0.1243, 0.1242, 0.1245, 0.1299],
        [0.1236, 0.1157, 0.1220, 0.1240, 0.1314, 0.1268, 0.1326, 0.1239],
        [0.1234, 0.1162, 0.1241, 0.1265, 0.1299, 0.1256, 0.1277, 0.1265]],
       device='cuda:0', grad_fn=<SoftmaxBackward0>)
tensor([[0.1323, 0.1222, 0.1221, 0.1287, 0.1261, 0.1217, 0.1270, 0.1199],
        [0.1258, 0.1185, 0.1241, 0.1272, 0.1261, 0.1272, 0.1238, 0.1273],
        [0.1252, 0.1169, 0.1236, 0.1272, 0.1250, 0.1210, 0.1356, 0.1254],
        [0.1254, 0.1168, 0.1251, 0.1247, 0.1231, 0.1242, 0.1346, 0.1261],
        [0.1246, 0.1167, 0.1238, 0.1252, 0.1255, 0.1239, 0.1331, 0.1273]],
       device='cuda:0', grad_fn=<SoftmaxBackward0>)
tensor([[0.1283, 0.1188, 0.1242, 0.1227, 0.1323, 0.1270, 0.1241, 0.1227],
        [0.1242, 0.1158, 0.1203, 0.1279, 0.1309, 0.1226, 0.1287, 0.1296]],
       device='cuda:0', grad_fn=<SoftmaxBackward0>)
tensor([[0.1285, 0.1189, 0.1198, 0.1273, 0.1291, 0.1257, 0.1262, 0.1245],
        [0.1223, 0.1142, 0.1244, 0.1296, 0.1275, 0.1254, 0.1273, 0.1293],
        [0.1270, 0.1105, 0.1141, 0.1324, 0.1339, 0.1291, 0.1318, 0.1212]],
       device='cuda:0', grad_fn=<SoftmaxBackward0>)
tensor([[0.1314, 0.1215, 0.1250, 0.1232, 0.1233, 0.1239, 0.1271, 0.1245],
        [0.1222, 0.1139, 0.1295, 0.1254, 0.1336, 0.1237, 0.1249, 0.1269],
        [0.1296, 0.1122, 0.1164, 0.1282, 0.1279, 0.1294, 0.1331, 0.1233],
        [0.1294, 0.1121, 0.1179, 0.1206, 0.1335, 0.1287, 0.1346, 0.1232]],
       device='cuda:0', grad_fn=<SoftmaxBackward0>)
tensor([[0.1285, 0.1205, 0.1238, 0.1289, 0.1270, 0.1225, 0.1255, 0.1232],
        [0.1217, 0.1141, 0.1231, 0.1297, 0.1281, 0.1234, 0.1292, 0.1307],
        [0.1297, 0.1131, 0.1168, 0.1294, 0.1302, 0.1237, 0.1324, 0.1248],
        [0.1320, 0.1141, 0.1192, 0.1251, 0.1298, 0.1265, 0.1296, 0.1238],
        [0.1271, 0.1137, 0.1187, 0.1250, 0.1296, 0.1267, 0.1321, 0.1271]],
       device='cuda:0', grad_fn=<SoftmaxBackward0>)
#####################
07/13 02:25:52AM searchCell_trainer.py:166 [INFO] Train: Epoch: [3][50/390]	Step 1223	lr 0.02479	Loss 2.6126 (2.6145)	Prec@(1,5) (32.2%, 65.1%)	
07/13 02:26:28AM searchCell_trainer.py:166 [INFO] Train: Epoch: [3][100/390]	Step 1273	lr 0.02479	Loss 2.8211 (2.5860)	Prec@(1,5) (32.9%, 65.8%)	
07/13 02:27:04AM searchCell_trainer.py:166 [INFO] Train: Epoch: [3][150/390]	Step 1323	lr 0.02479	Loss 2.5772 (2.5821)	Prec@(1,5) (33.2%, 66.1%)	
07/13 02:27:40AM searchCell_trainer.py:166 [INFO] Train: Epoch: [3][200/390]	Step 1373	lr 0.02479	Loss 2.4232 (2.5657)	Prec@(1,5) (33.5%, 66.3%)	
07/13 02:28:15AM searchCell_trainer.py:166 [INFO] Train: Epoch: [3][250/390]	Step 1423	lr 0.02479	Loss 2.7911 (2.5736)	Prec@(1,5) (33.3%, 66.3%)	
07/13 02:28:50AM searchCell_trainer.py:166 [INFO] Train: Epoch: [3][300/390]	Step 1473	lr 0.02479	Loss 2.6648 (2.5660)	Prec@(1,5) (33.5%, 66.5%)	
07/13 02:30:00AM searchCell_trainer.py:166 [INFO] Train: Epoch: [3][350/390]	Step 1523	lr 0.02479	Loss 2.2168 (2.5495)	Prec@(1,5) (33.7%, 66.9%)	
07/13 02:30:28AM searchCell_trainer.py:166 [INFO] Train: Epoch: [3][390/390]	Step 1563	lr 0.02479	Loss 2.4061 (2.5380)	Prec@(1,5) (33.9%, 67.1%)	
07/13 02:30:28AM searchCell_trainer.py:176 [INFO] Train: [  3/49] Final Prec@1 33.8440%
07/13 02:30:35AM searchCell_trainer.py:202 [INFO] Valid: Epoch: [3][50/391]	Step 1564	Loss 2.5465	Prec@(1,5) (34.0%, 67.2%)
07/13 02:30:41AM searchCell_trainer.py:202 [INFO] Valid: Epoch: [3][100/391]	Step 1564	Loss 2.5296	Prec@(1,5) (34.4%, 67.3%)
07/13 02:30:47AM searchCell_trainer.py:202 [INFO] Valid: Epoch: [3][150/391]	Step 1564	Loss 2.5359	Prec@(1,5) (34.5%, 67.1%)
07/13 02:30:53AM searchCell_trainer.py:202 [INFO] Valid: Epoch: [3][200/391]	Step 1564	Loss 2.5292	Prec@(1,5) (34.6%, 67.3%)
07/13 02:30:59AM searchCell_trainer.py:202 [INFO] Valid: Epoch: [3][250/391]	Step 1564	Loss 2.5248	Prec@(1,5) (34.7%, 67.3%)
07/13 02:31:05AM searchCell_trainer.py:202 [INFO] Valid: Epoch: [3][300/391]	Step 1564	Loss 2.5287	Prec@(1,5) (34.6%, 67.3%)
07/13 02:31:11AM searchCell_trainer.py:202 [INFO] Valid: Epoch: [3][350/391]	Step 1564	Loss 2.5233	Prec@(1,5) (34.6%, 67.5%)
07/13 02:31:16AM searchCell_trainer.py:202 [INFO] Valid: Epoch: [3][390/391]	Step 1564	Loss 2.5271	Prec@(1,5) (34.5%, 67.4%)
