07/12 04:37:49PM parser.py:28 [INFO] 
07/12 04:37:49PM parser.py:29 [INFO] Parameters:
07/12 04:37:49PM parser.py:31 [INFO] DAG_PATH=./results/search_cell/CIFAR100/BASELINE/EXP-20240712-163749/GENO
07/12 04:37:49PM parser.py:31 [INFO] ALPHA_LR=0.0003
07/12 04:37:49PM parser.py:31 [INFO] ALPHA_WEIGHT_DECAY=0.001
07/12 04:37:49PM parser.py:31 [INFO] BATCH_SIZE=64
07/12 04:37:49PM parser.py:31 [INFO] DATA_PATH=../data/
07/12 04:37:49PM parser.py:31 [INFO] DATASET=CIFAR100
07/12 04:37:49PM parser.py:31 [INFO] EPOCHS=50
07/12 04:37:49PM parser.py:31 [INFO] EXP_NAME=EXP-20240712-163749
07/12 04:37:49PM parser.py:31 [INFO] GPUS=[0]
07/12 04:37:49PM parser.py:31 [INFO] INIT_CHANNELS=16
07/12 04:37:49PM parser.py:31 [INFO] LAYERS=8
07/12 04:37:49PM parser.py:31 [INFO] LOCAL_RANK=0
07/12 04:37:49PM parser.py:31 [INFO] LOGGER=<Logger H-DAS (INFO)>
07/12 04:37:49PM parser.py:31 [INFO] NAME=BASELINE
07/12 04:37:49PM parser.py:31 [INFO] PATH=./results/search_cell/CIFAR100/BASELINE/EXP-20240712-163749
07/12 04:37:49PM parser.py:31 [INFO] PLOT_PATH=./results/search_cell/CIFAR100/BASELINE/EXP-20240712-163749/plots
07/12 04:37:49PM parser.py:31 [INFO] PRINT_FREQ=50
07/12 04:37:49PM parser.py:31 [INFO] RESUME_PATH=None
07/12 04:37:49PM parser.py:31 [INFO] SAVE=EXP
07/12 04:37:49PM parser.py:31 [INFO] SEED=2
07/12 04:37:49PM parser.py:31 [INFO] TRAIN_PORTION=0.5
07/12 04:37:49PM parser.py:31 [INFO] W_GRAD_CLIP=5.0
07/12 04:37:49PM parser.py:31 [INFO] W_LR=0.025
07/12 04:37:49PM parser.py:31 [INFO] W_LR_MIN=0.001
07/12 04:37:49PM parser.py:31 [INFO] W_MOMENTUM=0.9
07/12 04:37:49PM parser.py:31 [INFO] W_WEIGHT_DECAY=0.0003
07/12 04:37:49PM parser.py:31 [INFO] WORKERS=4
07/12 04:37:49PM parser.py:32 [INFO] 
07/12 04:37:51PM searchCell_trainer.py:95 [INFO] --> No loaded checkpoint!
####### ALPHA #######
# Alpha - normal
tensor([[0.1249, 0.1252, 0.1249, 0.1249, 0.1249, 0.1252, 0.1249, 0.1250],
        [0.1249, 0.1251, 0.1250, 0.1250, 0.1252, 0.1249, 0.1250, 0.1250]],
       device='cuda:0', grad_fn=<SoftmaxBackward0>)
tensor([[0.1248, 0.1249, 0.1249, 0.1251, 0.1250, 0.1250, 0.1251, 0.1251],
        [0.1249, 0.1250, 0.1250, 0.1251, 0.1251, 0.1251, 0.1249, 0.1249],
        [0.1250, 0.1251, 0.1249, 0.1249, 0.1249, 0.1249, 0.1252, 0.1251]],
       device='cuda:0', grad_fn=<SoftmaxBackward0>)
tensor([[0.1251, 0.1247, 0.1249, 0.1253, 0.1248, 0.1249, 0.1251, 0.1253],
        [0.1250, 0.1250, 0.1249, 0.1251, 0.1252, 0.1250, 0.1251, 0.1249],
        [0.1251, 0.1249, 0.1252, 0.1249, 0.1250, 0.1250, 0.1249, 0.1250],
        [0.1250, 0.1251, 0.1250, 0.1249, 0.1249, 0.1251, 0.1251, 0.1250]],
       device='cuda:0', grad_fn=<SoftmaxBackward0>)
tensor([[0.1251, 0.1250, 0.1251, 0.1250, 0.1249, 0.1249, 0.1252, 0.1249],
        [0.1250, 0.1250, 0.1251, 0.1250, 0.1252, 0.1250, 0.1250, 0.1247],
        [0.1250, 0.1249, 0.1251, 0.1249, 0.1251, 0.1252, 0.1247, 0.1251],
        [0.1250, 0.1250, 0.1251, 0.1248, 0.1251, 0.1250, 0.1251, 0.1250],
        [0.1250, 0.1251, 0.1250, 0.1251, 0.1251, 0.1251, 0.1249, 0.1248]],
       device='cuda:0', grad_fn=<SoftmaxBackward0>)
tensor([[0.1251, 0.1247, 0.1249, 0.1252, 0.1252, 0.1249, 0.1251, 0.1249],
        [0.1250, 0.1250, 0.1250, 0.1251, 0.1253, 0.1249, 0.1249, 0.1248]],
       device='cuda:0', grad_fn=<SoftmaxBackward0>)
tensor([[0.1250, 0.1252, 0.1250, 0.1250, 0.1251, 0.1248, 0.1251, 0.1249],
        [0.1250, 0.1250, 0.1250, 0.1250, 0.1248, 0.1251, 0.1250, 0.1251],
        [0.1250, 0.1249, 0.1251, 0.1252, 0.1248, 0.1252, 0.1248, 0.1250]],
       device='cuda:0', grad_fn=<SoftmaxBackward0>)
tensor([[0.1249, 0.1250, 0.1251, 0.1250, 0.1249, 0.1250, 0.1251, 0.1249],
        [0.1250, 0.1250, 0.1250, 0.1250, 0.1249, 0.1252, 0.1251, 0.1249],
        [0.1249, 0.1250, 0.1250, 0.1253, 0.1251, 0.1251, 0.1247, 0.1249],
        [0.1251, 0.1251, 0.1252, 0.1249, 0.1249, 0.1251, 0.1250, 0.1249]],
       device='cuda:0', grad_fn=<SoftmaxBackward0>)
tensor([[0.1250, 0.1249, 0.1251, 0.1251, 0.1251, 0.1249, 0.1250, 0.1250],
        [0.1252, 0.1249, 0.1251, 0.1251, 0.1250, 0.1249, 0.1249, 0.1249],
        [0.1249, 0.1250, 0.1251, 0.1250, 0.1249, 0.1250, 0.1250, 0.1252],
        [0.1250, 0.1249, 0.1250, 0.1251, 0.1250, 0.1251, 0.1250, 0.1249],
        [0.1249, 0.1251, 0.1250, 0.1251, 0.1248, 0.1251, 0.1249, 0.1251]],
       device='cuda:0', grad_fn=<SoftmaxBackward0>)
tensor([[0.1250, 0.1250, 0.1249, 0.1249, 0.1249, 0.1251, 0.1252, 0.1250],
        [0.1248, 0.1250, 0.1251, 0.1249, 0.1252, 0.1252, 0.1247, 0.1251]],
       device='cuda:0', grad_fn=<SoftmaxBackward0>)
tensor([[0.1250, 0.1249, 0.1252, 0.1250, 0.1251, 0.1250, 0.1249, 0.1250],
        [0.1250, 0.1251, 0.1249, 0.1248, 0.1251, 0.1251, 0.1249, 0.1250],
        [0.1249, 0.1253, 0.1249, 0.1251, 0.1249, 0.1251, 0.1250, 0.1249]],
       device='cuda:0', grad_fn=<SoftmaxBackward0>)
tensor([[0.1252, 0.1249, 0.1250, 0.1250, 0.1249, 0.1250, 0.1250, 0.1250],
        [0.1251, 0.1250, 0.1250, 0.1248, 0.1249, 0.1252, 0.1249, 0.1251],
        [0.1252, 0.1250, 0.1250, 0.1250, 0.1250, 0.1248, 0.1250, 0.1250],
        [0.1252, 0.1250, 0.1251, 0.1251, 0.1248, 0.1249, 0.1251, 0.1249]],
       device='cuda:0', grad_fn=<SoftmaxBackward0>)
tensor([[0.1250, 0.1250, 0.1249, 0.1252, 0.1249, 0.1250, 0.1250, 0.1251],
        [0.1250, 0.1249, 0.1250, 0.1252, 0.1251, 0.1250, 0.1250, 0.1248],
        [0.1250, 0.1249, 0.1246, 0.1250, 0.1252, 0.1250, 0.1251, 0.1252],
        [0.1249, 0.1250, 0.1250, 0.1249, 0.1248, 0.1250, 0.1253, 0.1251],
        [0.1248, 0.1252, 0.1249, 0.1249, 0.1252, 0.1250, 0.1251, 0.1249]],
       device='cuda:0', grad_fn=<SoftmaxBackward0>)

# Alpha - reduce
tensor([[0.1249, 0.1249, 0.1250, 0.1251, 0.1252, 0.1250, 0.1250, 0.1250],
        [0.1252, 0.1251, 0.1249, 0.1248, 0.1251, 0.1250, 0.1250, 0.1250]],
       device='cuda:0', grad_fn=<SoftmaxBackward0>)
tensor([[0.1250, 0.1249, 0.1250, 0.1252, 0.1249, 0.1250, 0.1251, 0.1249],
        [0.1248, 0.1250, 0.1249, 0.1251, 0.1250, 0.1250, 0.1252, 0.1250],
        [0.1251, 0.1251, 0.1250, 0.1250, 0.1251, 0.1250, 0.1249, 0.1249]],
       device='cuda:0', grad_fn=<SoftmaxBackward0>)
tensor([[0.1249, 0.1252, 0.1250, 0.1250, 0.1250, 0.1250, 0.1250, 0.1249],
        [0.1251, 0.1251, 0.1250, 0.1251, 0.1249, 0.1249, 0.1249, 0.1250],
        [0.1250, 0.1249, 0.1249, 0.1250, 0.1250, 0.1252, 0.1252, 0.1249],
        [0.1250, 0.1252, 0.1251, 0.1250, 0.1250, 0.1248, 0.1250, 0.1250]],
       device='cuda:0', grad_fn=<SoftmaxBackward0>)
tensor([[0.1251, 0.1252, 0.1249, 0.1250, 0.1249, 0.1248, 0.1250, 0.1250],
        [0.1250, 0.1251, 0.1249, 0.1250, 0.1249, 0.1251, 0.1250, 0.1250],
        [0.1250, 0.1250, 0.1250, 0.1250, 0.1251, 0.1250, 0.1250, 0.1249],
        [0.1251, 0.1249, 0.1252, 0.1250, 0.1250, 0.1250, 0.1248, 0.1251],
        [0.1252, 0.1249, 0.1251, 0.1249, 0.1250, 0.1252, 0.1249, 0.1248]],
       device='cuda:0', grad_fn=<SoftmaxBackward0>)
tensor([[0.1250, 0.1251, 0.1249, 0.1249, 0.1250, 0.1250, 0.1250, 0.1251],
        [0.1248, 0.1251, 0.1249, 0.1251, 0.1251, 0.1251, 0.1249, 0.1249]],
       device='cuda:0', grad_fn=<SoftmaxBackward0>)
tensor([[0.1250, 0.1252, 0.1248, 0.1252, 0.1248, 0.1250, 0.1249, 0.1252],
        [0.1249, 0.1250, 0.1251, 0.1251, 0.1250, 0.1251, 0.1250, 0.1248],
        [0.1250, 0.1251, 0.1251, 0.1250, 0.1250, 0.1250, 0.1249, 0.1249]],
       device='cuda:0', grad_fn=<SoftmaxBackward0>)
tensor([[0.1251, 0.1251, 0.1249, 0.1251, 0.1249, 0.1250, 0.1249, 0.1250],
        [0.1251, 0.1248, 0.1251, 0.1251, 0.1250, 0.1250, 0.1249, 0.1249],
        [0.1250, 0.1250, 0.1250, 0.1249, 0.1252, 0.1251, 0.1250, 0.1248],
        [0.1250, 0.1249, 0.1252, 0.1249, 0.1249, 0.1250, 0.1251, 0.1250]],
       device='cuda:0', grad_fn=<SoftmaxBackward0>)
tensor([[0.1250, 0.1250, 0.1250, 0.1250, 0.1251, 0.1249, 0.1249, 0.1251],
        [0.1250, 0.1250, 0.1250, 0.1248, 0.1252, 0.1250, 0.1250, 0.1251],
        [0.1248, 0.1252, 0.1251, 0.1250, 0.1250, 0.1251, 0.1248, 0.1250],
        [0.1249, 0.1251, 0.1250, 0.1250, 0.1250, 0.1250, 0.1249, 0.1250],
        [0.1250, 0.1251, 0.1250, 0.1248, 0.1250, 0.1250, 0.1250, 0.1251]],
       device='cuda:0', grad_fn=<SoftmaxBackward0>)
#####################
07/12 04:38:30PM searchCell_trainer.py:166 [INFO] Train: Epoch: [0][50/390]	Step 50	lr 0.025	Loss 4.2370 (4.4299)	Prec@(1,5) (3.7%, 15.2%)	
07/12 04:39:08PM searchCell_trainer.py:166 [INFO] Train: Epoch: [0][100/390]	Step 100	lr 0.025	Loss 3.9757 (4.2995)	Prec@(1,5) (4.9%, 18.8%)	
07/12 04:39:46PM searchCell_trainer.py:166 [INFO] Train: Epoch: [0][150/390]	Step 150	lr 0.025	Loss 3.8194 (4.1819)	Prec@(1,5) (6.4%, 22.4%)	
07/12 04:40:22PM searchCell_trainer.py:166 [INFO] Train: Epoch: [0][200/390]	Step 200	lr 0.025	Loss 3.7712 (4.0948)	Prec@(1,5) (7.4%, 25.0%)	
07/12 04:40:59PM searchCell_trainer.py:166 [INFO] Train: Epoch: [0][250/390]	Step 250	lr 0.025	Loss 3.3885 (4.0307)	Prec@(1,5) (8.1%, 27.0%)	
07/12 04:41:36PM searchCell_trainer.py:166 [INFO] Train: Epoch: [0][300/390]	Step 300	lr 0.025	Loss 3.6395 (3.9757)	Prec@(1,5) (8.8%, 28.5%)	
07/12 04:42:14PM searchCell_trainer.py:166 [INFO] Train: Epoch: [0][350/390]	Step 350	lr 0.025	Loss 3.4752 (3.9172)	Prec@(1,5) (9.7%, 30.2%)	
07/12 04:42:44PM searchCell_trainer.py:166 [INFO] Train: Epoch: [0][390/390]	Step 390	lr 0.025	Loss 3.4646 (3.8838)	Prec@(1,5) (10.1%, 31.2%)	
07/12 04:42:46PM searchCell_trainer.py:176 [INFO] Train: [  0/49] Final Prec@1 10.1640%
07/12 04:42:53PM searchCell_trainer.py:202 [INFO] Valid: Epoch: [0][50/391]	Step 391	Loss 3.6517	Prec@(1,5) (13.4%, 38.0%)
07/12 04:42:59PM searchCell_trainer.py:202 [INFO] Valid: Epoch: [0][100/391]	Step 391	Loss 3.6815	Prec@(1,5) (13.1%, 37.6%)
07/12 04:43:05PM searchCell_trainer.py:202 [INFO] Valid: Epoch: [0][150/391]	Step 391	Loss 3.6999	Prec@(1,5) (13.0%, 37.3%)
07/12 04:43:12PM searchCell_trainer.py:202 [INFO] Valid: Epoch: [0][200/391]	Step 391	Loss 3.7048	Prec@(1,5) (13.2%, 37.3%)
07/12 04:43:19PM searchCell_trainer.py:202 [INFO] Valid: Epoch: [0][250/391]	Step 391	Loss 3.6997	Prec@(1,5) (13.3%, 37.6%)
07/12 04:43:25PM searchCell_trainer.py:202 [INFO] Valid: Epoch: [0][300/391]	Step 391	Loss 3.7040	Prec@(1,5) (13.3%, 37.5%)
07/12 04:43:32PM searchCell_trainer.py:202 [INFO] Valid: Epoch: [0][350/391]	Step 391	Loss 3.6999	Prec@(1,5) (13.3%, 37.6%)
07/12 04:43:37PM searchCell_trainer.py:202 [INFO] Valid: Epoch: [0][390/391]	Step 391	Loss 3.7010	Prec@(1,5) (13.3%, 37.6%)
07/12 04:43:37PM searchCell_trainer.py:213 [INFO] Valid: [  0/49] Final Prec@1 13.3000%
07/12 04:43:37PM searchCell_main.py:49 [INFO] genotype = Genotype3(normal1=[[('max_pool_3x3', 0), ('sep_conv_3x3', 1)], [('sep_conv_5x5', 1), ('max_pool_3x3', 0)], [('max_pool_3x3', 0), ('dil_conv_3x3', 3)], [('max_pool_3x3', 0), ('dil_conv_5x5', 4)]], normal1_concat=range(2, 6), reduce1=[[('sep_conv_5x5', 0), ('skip_connect', 1)], [('dil_conv_3x3', 2), ('max_pool_3x3', 1)], [('dil_conv_5x5', 2), ('dil_conv_5x5', 1)], [('dil_conv_5x5', 3), ('sep_conv_5x5', 2)]], reduce1_concat=range(2, 6), normal2=[[('max_pool_3x3', 0), ('sep_conv_5x5', 1)], [('max_pool_3x3', 0), ('dil_conv_5x5', 1)], [('max_pool_3x3', 0), ('dil_conv_5x5', 1)], [('dil_conv_5x5', 1), ('sep_conv_5x5', 4)]], normal2_concat=range(2, 6), reduce2=[[('sep_conv_5x5', 1), ('max_pool_3x3', 0)], [('sep_conv_3x3', 1), ('max_pool_3x3', 0)], [('max_pool_3x3', 2), ('dil_conv_3x3', 3)], [('dil_conv_5x5', 4), ('dil_conv_5x5', 2)]], reduce2_concat=range(2, 6), normal3=[[('max_pool_3x3', 0), ('dil_conv_3x3', 1)], [('dil_conv_3x3', 1), ('dil_conv_5x5', 2)], [('sep_conv_5x5', 1), ('sep_conv_5x5', 2)], [('dil_conv_5x5', 1), ('dil_conv_5x5', 2)]], normal3_concat=range(2, 6))
07/12 04:43:38PM searchCell_main.py:69 [INFO] Until now, best Prec@1 = 13.3000%
####### ALPHA #######
# Alpha - normal
tensor([[0.1279, 0.1230, 0.1249, 0.1231, 0.1244, 0.1255, 0.1274, 0.1239],
        [0.1254, 0.1209, 0.1227, 0.1274, 0.1258, 0.1268, 0.1252, 0.1259]],
       device='cuda:0', grad_fn=<SoftmaxBackward0>)
tensor([[0.1263, 0.1219, 0.1238, 0.1249, 0.1256, 0.1259, 0.1261, 0.1255],
        [0.1263, 0.1213, 0.1230, 0.1253, 0.1276, 0.1258, 0.1258, 0.1250],
        [0.1262, 0.1229, 0.1248, 0.1253, 0.1251, 0.1238, 0.1255, 0.1264]],
       device='cuda:0', grad_fn=<SoftmaxBackward0>)
tensor([[0.1285, 0.1224, 0.1242, 0.1243, 0.1251, 0.1250, 0.1268, 0.1237],
        [0.1267, 0.1215, 0.1228, 0.1247, 0.1272, 0.1265, 0.1250, 0.1256],
        [0.1269, 0.1228, 0.1239, 0.1236, 0.1267, 0.1254, 0.1259, 0.1248],
        [0.1266, 0.1229, 0.1242, 0.1243, 0.1238, 0.1278, 0.1256, 0.1247]],
       device='cuda:0', grad_fn=<SoftmaxBackward0>)
tensor([[0.1286, 0.1236, 0.1252, 0.1259, 0.1232, 0.1241, 0.1240, 0.1254],
        [0.1263, 0.1215, 0.1231, 0.1274, 0.1258, 0.1241, 0.1261, 0.1256],
        [0.1261, 0.1224, 0.1242, 0.1254, 0.1247, 0.1248, 0.1269, 0.1256],
        [0.1257, 0.1222, 0.1240, 0.1245, 0.1256, 0.1252, 0.1272, 0.1256],
        [0.1256, 0.1224, 0.1241, 0.1262, 0.1247, 0.1240, 0.1285, 0.1245]],
       device='cuda:0', grad_fn=<SoftmaxBackward0>)
tensor([[0.1285, 0.1241, 0.1268, 0.1245, 0.1265, 0.1221, 0.1250, 0.1225],
        [0.1236, 0.1200, 0.1221, 0.1255, 0.1279, 0.1267, 0.1269, 0.1272]],
       device='cuda:0', grad_fn=<SoftmaxBackward0>)
tensor([[0.1281, 0.1246, 0.1268, 0.1261, 0.1235, 0.1247, 0.1230, 0.1233],
        [0.1252, 0.1218, 0.1237, 0.1254, 0.1245, 0.1257, 0.1266, 0.1271],
        [0.1260, 0.1230, 0.1255, 0.1248, 0.1259, 0.1244, 0.1246, 0.1257]],
       device='cuda:0', grad_fn=<SoftmaxBackward0>)
tensor([[0.1278, 0.1236, 0.1260, 0.1255, 0.1234, 0.1243, 0.1261, 0.1234],
        [0.1242, 0.1212, 0.1227, 0.1267, 0.1262, 0.1262, 0.1269, 0.1260],
        [0.1260, 0.1229, 0.1244, 0.1254, 0.1263, 0.1247, 0.1258, 0.1246],
        [0.1248, 0.1218, 0.1241, 0.1247, 0.1260, 0.1269, 0.1263, 0.1254]],
       device='cuda:0', grad_fn=<SoftmaxBackward0>)
tensor([[0.1274, 0.1239, 0.1261, 0.1241, 0.1257, 0.1236, 0.1267, 0.1224],
        [0.1232, 0.1201, 0.1216, 0.1253, 0.1279, 0.1265, 0.1284, 0.1270],
        [0.1253, 0.1230, 0.1242, 0.1270, 0.1241, 0.1246, 0.1265, 0.1253],
        [0.1244, 0.1221, 0.1236, 0.1274, 0.1251, 0.1260, 0.1255, 0.1260],
        [0.1243, 0.1224, 0.1240, 0.1261, 0.1278, 0.1255, 0.1238, 0.1262]],
       device='cuda:0', grad_fn=<SoftmaxBackward0>)
tensor([[0.1283, 0.1237, 0.1248, 0.1245, 0.1240, 0.1252, 0.1249, 0.1246],
        [0.1223, 0.1192, 0.1198, 0.1269, 0.1273, 0.1275, 0.1268, 0.1302]],
       device='cuda:0', grad_fn=<SoftmaxBackward0>)
tensor([[0.1271, 0.1233, 0.1244, 0.1249, 0.1241, 0.1251, 0.1257, 0.1255],
        [0.1220, 0.1190, 0.1191, 0.1272, 0.1271, 0.1282, 0.1271, 0.1304],
        [0.1230, 0.1206, 0.1210, 0.1249, 0.1272, 0.1266, 0.1275, 0.1292]],
       device='cuda:0', grad_fn=<SoftmaxBackward0>)
tensor([[0.1257, 0.1224, 0.1231, 0.1269, 0.1257, 0.1240, 0.1262, 0.1261],
        [0.1203, 0.1178, 0.1179, 0.1281, 0.1288, 0.1287, 0.1274, 0.1310],
        [0.1219, 0.1197, 0.1196, 0.1265, 0.1286, 0.1263, 0.1283, 0.1291],
        [0.1218, 0.1197, 0.1195, 0.1277, 0.1278, 0.1272, 0.1281, 0.1282]],
       device='cuda:0', grad_fn=<SoftmaxBackward0>)
tensor([[0.1248, 0.1221, 0.1225, 0.1237, 0.1276, 0.1259, 0.1263, 0.1270],
        [0.1203, 0.1184, 0.1185, 0.1280, 0.1279, 0.1280, 0.1294, 0.1295],
        [0.1212, 0.1193, 0.1192, 0.1276, 0.1265, 0.1280, 0.1288, 0.1296],
        [0.1216, 0.1199, 0.1198, 0.1269, 0.1267, 0.1281, 0.1276, 0.1294],
        [0.1213, 0.1201, 0.1196, 0.1276, 0.1276, 0.1273, 0.1270, 0.1294]],
       device='cuda:0', grad_fn=<SoftmaxBackward0>)

# Alpha - reduce
tensor([[0.1249, 0.1239, 0.1256, 0.1247, 0.1277, 0.1240, 0.1240, 0.1252],
        [0.1255, 0.1242, 0.1260, 0.1237, 0.1249, 0.1250, 0.1252, 0.1254]],
       device='cuda:0', grad_fn=<SoftmaxBackward0>)
tensor([[0.1259, 0.1245, 0.1256, 0.1260, 0.1237, 0.1241, 0.1256, 0.1246],
        [0.1263, 0.1248, 0.1240, 0.1253, 0.1247, 0.1256, 0.1243, 0.1251],
        [0.1253, 0.1228, 0.1251, 0.1240, 0.1265, 0.1267, 0.1241, 0.1255]],
       device='cuda:0', grad_fn=<SoftmaxBackward0>)
tensor([[0.1261, 0.1250, 0.1240, 0.1254, 0.1242, 0.1257, 0.1251, 0.1245],
        [0.1259, 0.1240, 0.1256, 0.1252, 0.1235, 0.1243, 0.1264, 0.1251],
        [0.1253, 0.1219, 0.1234, 0.1262, 0.1251, 0.1255, 0.1277, 0.1249],
        [0.1252, 0.1228, 0.1247, 0.1259, 0.1259, 0.1232, 0.1264, 0.1258]],
       device='cuda:0', grad_fn=<SoftmaxBackward0>)
tensor([[0.1267, 0.1255, 0.1252, 0.1235, 0.1252, 0.1255, 0.1237, 0.1247],
        [0.1266, 0.1251, 0.1238, 0.1238, 0.1232, 0.1258, 0.1272, 0.1247],
        [0.1258, 0.1230, 0.1246, 0.1252, 0.1276, 0.1239, 0.1254, 0.1244],
        [0.1259, 0.1233, 0.1253, 0.1249, 0.1234, 0.1238, 0.1283, 0.1252],
        [0.1266, 0.1236, 0.1254, 0.1259, 0.1256, 0.1244, 0.1242, 0.1243]],
       device='cuda:0', grad_fn=<SoftmaxBackward0>)
tensor([[0.1275, 0.1230, 0.1249, 0.1245, 0.1244, 0.1260, 0.1267, 0.1231],
        [0.1237, 0.1208, 0.1238, 0.1261, 0.1279, 0.1255, 0.1247, 0.1274]],
       device='cuda:0', grad_fn=<SoftmaxBackward0>)
tensor([[0.1271, 0.1233, 0.1240, 0.1251, 0.1259, 0.1242, 0.1260, 0.1244],
        [0.1218, 0.1196, 0.1264, 0.1273, 0.1263, 0.1271, 0.1251, 0.1264],
        [0.1269, 0.1212, 0.1226, 0.1267, 0.1260, 0.1265, 0.1259, 0.1242]],
       device='cuda:0', grad_fn=<SoftmaxBackward0>)
tensor([[0.1274, 0.1227, 0.1243, 0.1252, 0.1251, 0.1255, 0.1257, 0.1242],
        [0.1237, 0.1209, 0.1272, 0.1252, 0.1245, 0.1252, 0.1267, 0.1265],
        [0.1278, 0.1212, 0.1232, 0.1247, 0.1258, 0.1264, 0.1259, 0.1249],
        [0.1273, 0.1214, 0.1237, 0.1242, 0.1265, 0.1279, 0.1250, 0.1239]],
       device='cuda:0', grad_fn=<SoftmaxBackward0>)
tensor([[0.1255, 0.1220, 0.1243, 0.1257, 0.1263, 0.1240, 0.1262, 0.1260],
        [0.1234, 0.1212, 0.1248, 0.1249, 0.1268, 0.1262, 0.1269, 0.1259],
        [0.1260, 0.1209, 0.1221, 0.1261, 0.1259, 0.1263, 0.1283, 0.1244],
        [0.1264, 0.1215, 0.1236, 0.1236, 0.1272, 0.1253, 0.1263, 0.1261],
        [0.1258, 0.1203, 0.1220, 0.1253, 0.1261, 0.1254, 0.1300, 0.1251]],
       device='cuda:0', grad_fn=<SoftmaxBackward0>)
#####################
07/12 04:44:17PM searchCell_trainer.py:166 [INFO] Train: Epoch: [1][50/390]	Step 441	lr 0.02498	Loss 3.5001 (3.3783)	Prec@(1,5) (17.9%, 46.1%)	
07/12 04:44:55PM searchCell_trainer.py:166 [INFO] Train: Epoch: [1][100/390]	Step 491	lr 0.02498	Loss 3.7805 (3.4260)	Prec@(1,5) (17.5%, 44.7%)	
07/12 04:45:34PM searchCell_trainer.py:166 [INFO] Train: Epoch: [1][150/390]	Step 541	lr 0.02498	Loss 3.1302 (3.4100)	Prec@(1,5) (17.7%, 45.3%)	
07/12 04:46:11PM searchCell_trainer.py:166 [INFO] Train: Epoch: [1][200/390]	Step 591	lr 0.02498	Loss 3.2954 (3.3721)	Prec@(1,5) (18.0%, 46.4%)	
07/12 04:46:48PM searchCell_trainer.py:166 [INFO] Train: Epoch: [1][250/390]	Step 641	lr 0.02498	Loss 2.9589 (3.3515)	Prec@(1,5) (18.3%, 47.0%)	
07/12 04:47:25PM searchCell_trainer.py:166 [INFO] Train: Epoch: [1][300/390]	Step 691	lr 0.02498	Loss 3.3022 (3.3205)	Prec@(1,5) (19.1%, 47.7%)	
07/12 04:48:02PM searchCell_trainer.py:166 [INFO] Train: Epoch: [1][350/390]	Step 741	lr 0.02498	Loss 3.3378 (3.2932)	Prec@(1,5) (19.5%, 48.4%)	
07/12 04:48:31PM searchCell_trainer.py:166 [INFO] Train: Epoch: [1][390/390]	Step 781	lr 0.02498	Loss 3.0573 (3.2749)	Prec@(1,5) (19.8%, 48.9%)	
07/12 04:48:31PM searchCell_trainer.py:176 [INFO] Train: [  1/49] Final Prec@1 19.7960%
07/12 04:48:38PM searchCell_trainer.py:202 [INFO] Valid: Epoch: [1][50/391]	Step 782	Loss 3.1970	Prec@(1,5) (21.9%, 51.1%)
07/12 04:48:44PM searchCell_trainer.py:202 [INFO] Valid: Epoch: [1][100/391]	Step 782	Loss 3.1775	Prec@(1,5) (21.9%, 52.1%)
07/12 04:48:50PM searchCell_trainer.py:202 [INFO] Valid: Epoch: [1][150/391]	Step 782	Loss 3.1909	Prec@(1,5) (21.8%, 51.4%)
07/12 04:48:56PM searchCell_trainer.py:202 [INFO] Valid: Epoch: [1][200/391]	Step 782	Loss 3.1920	Prec@(1,5) (21.9%, 51.0%)
07/12 04:49:02PM searchCell_trainer.py:202 [INFO] Valid: Epoch: [1][250/391]	Step 782	Loss 3.1957	Prec@(1,5) (21.9%, 50.8%)
07/12 04:49:09PM searchCell_trainer.py:202 [INFO] Valid: Epoch: [1][300/391]	Step 782	Loss 3.2030	Prec@(1,5) (21.6%, 50.7%)
07/12 04:49:15PM searchCell_trainer.py:202 [INFO] Valid: Epoch: [1][350/391]	Step 782	Loss 3.1972	Prec@(1,5) (21.9%, 50.9%)
07/12 04:49:20PM searchCell_trainer.py:202 [INFO] Valid: Epoch: [1][390/391]	Step 782	Loss 3.2020	Prec@(1,5) (21.7%, 50.8%)
07/12 04:49:21PM searchCell_trainer.py:213 [INFO] Valid: [  1/49] Final Prec@1 21.7640%
07/12 04:49:21PM searchCell_main.py:49 [INFO] genotype = Genotype3(normal1=[[('sep_conv_3x3', 1), ('max_pool_3x3', 0)], [('sep_conv_5x5', 1), ('dil_conv_5x5', 0)], [('dil_conv_3x3', 3), ('dil_conv_5x5', 0)], [('max_pool_3x3', 0), ('dil_conv_5x5', 1)]], normal1_concat=range(2, 6), reduce1=[[('sep_conv_5x5', 0), ('max_pool_3x3', 1)], [('max_pool_3x3', 1), ('max_pool_3x3', 0)], [('dil_conv_5x5', 2), ('dil_conv_5x5', 3)], [('dil_conv_5x5', 3), ('sep_conv_5x5', 2)]], reduce1_concat=range(2, 6), normal2=[[('max_pool_3x3', 0), ('sep_conv_5x5', 1)], [('max_pool_3x3', 0), ('sep_conv_5x5', 2)], [('max_pool_3x3', 0), ('dil_conv_5x5', 1)], [('dil_conv_5x5', 1), ('sep_conv_5x5', 4)]], normal2_concat=range(2, 6), reduce2=[[('max_pool_3x3', 0), ('sep_conv_5x5', 1)], [('sep_conv_5x5', 1), ('max_pool_3x3', 0)], [('max_pool_3x3', 0), ('dil_conv_5x5', 2)], [('dil_conv_5x5', 4), ('dil_conv_5x5', 2)]], reduce2_concat=range(2, 6), normal3=[[('max_pool_3x3', 0), ('sep_conv_5x5', 1)], [('dil_conv_5x5', 2), ('sep_conv_5x5', 1)], [('dil_conv_5x5', 3), ('sep_conv_5x5', 1)], [('dil_conv_5x5', 2), ('dil_conv_5x5', 1)]], normal3_concat=range(2, 6))
07/12 04:49:21PM searchCell_main.py:69 [INFO] Until now, best Prec@1 = 21.7640%
####### ALPHA #######
# Alpha - normal
tensor([[0.1282, 0.1197, 0.1240, 0.1246, 0.1274, 0.1253, 0.1280, 0.1228],
        [0.1251, 0.1163, 0.1213, 0.1297, 0.1257, 0.1280, 0.1273, 0.1267]],
       device='cuda:0', grad_fn=<SoftmaxBackward0>)
tensor([[0.1272, 0.1186, 0.1229, 0.1268, 0.1258, 0.1265, 0.1274, 0.1248],
        [0.1264, 0.1170, 0.1210, 0.1272, 0.1316, 0.1257, 0.1257, 0.1255],
        [0.1267, 0.1201, 0.1244, 0.1262, 0.1270, 0.1239, 0.1257, 0.1260]],
       device='cuda:0', grad_fn=<SoftmaxBackward0>)
tensor([[0.1284, 0.1189, 0.1230, 0.1269, 0.1278, 0.1234, 0.1286, 0.1231],
        [0.1266, 0.1181, 0.1218, 0.1250, 0.1278, 0.1282, 0.1268, 0.1257],
        [0.1256, 0.1196, 0.1236, 0.1256, 0.1266, 0.1261, 0.1271, 0.1259],
        [0.1252, 0.1205, 0.1233, 0.1272, 0.1247, 0.1296, 0.1251, 0.1245]],
       device='cuda:0', grad_fn=<SoftmaxBackward0>)
tensor([[0.1298, 0.1214, 0.1253, 0.1258, 0.1227, 0.1224, 0.1261, 0.1264],
        [0.1260, 0.1174, 0.1209, 0.1287, 0.1272, 0.1238, 0.1300, 0.1260],
        [0.1272, 0.1202, 0.1240, 0.1256, 0.1269, 0.1228, 0.1281, 0.1253],
        [0.1250, 0.1198, 0.1238, 0.1252, 0.1271, 0.1258, 0.1269, 0.1265],
        [0.1243, 0.1208, 0.1245, 0.1273, 0.1235, 0.1237, 0.1295, 0.1264]],
       device='cuda:0', grad_fn=<SoftmaxBackward0>)
tensor([[0.1314, 0.1239, 0.1292, 0.1222, 0.1277, 0.1191, 0.1258, 0.1206],
        [0.1224, 0.1168, 0.1206, 0.1258, 0.1315, 0.1267, 0.1273, 0.1289]],
       device='cuda:0', grad_fn=<SoftmaxBackward0>)
tensor([[0.1305, 0.1238, 0.1285, 0.1246, 0.1250, 0.1236, 0.1223, 0.1216],
        [0.1237, 0.1188, 0.1224, 0.1263, 0.1270, 0.1256, 0.1273, 0.1288],
        [0.1252, 0.1198, 0.1243, 0.1253, 0.1288, 0.1232, 0.1267, 0.1267]],
       device='cuda:0', grad_fn=<SoftmaxBackward0>)
tensor([[0.1304, 0.1229, 0.1275, 0.1247, 0.1220, 0.1236, 0.1269, 0.1220],
        [0.1231, 0.1177, 0.1209, 0.1257, 0.1270, 0.1276, 0.1296, 0.1284],
        [0.1255, 0.1200, 0.1238, 0.1248, 0.1291, 0.1240, 0.1271, 0.1257],
        [0.1233, 0.1186, 0.1224, 0.1242, 0.1275, 0.1301, 0.1285, 0.1255]],
       device='cuda:0', grad_fn=<SoftmaxBackward0>)
tensor([[0.1297, 0.1225, 0.1262, 0.1253, 0.1259, 0.1218, 0.1289, 0.1196],
        [0.1214, 0.1163, 0.1190, 0.1271, 0.1307, 0.1262, 0.1311, 0.1282],
        [0.1262, 0.1209, 0.1235, 0.1254, 0.1250, 0.1230, 0.1299, 0.1260],
        [0.1238, 0.1194, 0.1223, 0.1283, 0.1263, 0.1262, 0.1265, 0.1273],
        [0.1240, 0.1196, 0.1223, 0.1262, 0.1304, 0.1256, 0.1243, 0.1276]],
       device='cuda:0', grad_fn=<SoftmaxBackward0>)
tensor([[0.1310, 0.1226, 0.1245, 0.1248, 0.1237, 0.1242, 0.1250, 0.1242],
        [0.1213, 0.1152, 0.1162, 0.1273, 0.1298, 0.1294, 0.1286, 0.1324]],
       device='cuda:0', grad_fn=<SoftmaxBackward0>)
tensor([[0.1283, 0.1218, 0.1235, 0.1249, 0.1247, 0.1250, 0.1264, 0.1254],
        [0.1211, 0.1158, 0.1163, 0.1280, 0.1298, 0.1291, 0.1272, 0.1326],
        [0.1221, 0.1175, 0.1183, 0.1247, 0.1296, 0.1269, 0.1301, 0.1308]],
       device='cuda:0', grad_fn=<SoftmaxBackward0>)
tensor([[0.1268, 0.1209, 0.1222, 0.1259, 0.1262, 0.1241, 0.1270, 0.1270],
        [0.1176, 0.1127, 0.1131, 0.1308, 0.1316, 0.1309, 0.1293, 0.1339],
        [0.1202, 0.1158, 0.1155, 0.1291, 0.1315, 0.1262, 0.1308, 0.1309],
        [0.1203, 0.1159, 0.1153, 0.1286, 0.1297, 0.1286, 0.1319, 0.1296]],
       device='cuda:0', grad_fn=<SoftmaxBackward0>)
tensor([[0.1253, 0.1205, 0.1213, 0.1234, 0.1284, 0.1267, 0.1264, 0.1279],
        [0.1177, 0.1142, 0.1145, 0.1295, 0.1308, 0.1300, 0.1314, 0.1319],
        [0.1198, 0.1162, 0.1157, 0.1282, 0.1278, 0.1296, 0.1317, 0.1309],
        [0.1206, 0.1170, 0.1163, 0.1285, 0.1279, 0.1300, 0.1289, 0.1308],
        [0.1204, 0.1175, 0.1167, 0.1269, 0.1301, 0.1290, 0.1277, 0.1316]],
       device='cuda:0', grad_fn=<SoftmaxBackward0>)

# Alpha - reduce
tensor([[0.1255, 0.1229, 0.1262, 0.1244, 0.1287, 0.1245, 0.1243, 0.1234],
        [0.1278, 0.1250, 0.1243, 0.1218, 0.1243, 0.1251, 0.1244, 0.1273]],
       device='cuda:0', grad_fn=<SoftmaxBackward0>)
tensor([[0.1275, 0.1242, 0.1251, 0.1258, 0.1242, 0.1226, 0.1259, 0.1247],
        [0.1293, 0.1259, 0.1224, 0.1262, 0.1222, 0.1266, 0.1215, 0.1259],
        [0.1245, 0.1198, 0.1245, 0.1252, 0.1273, 0.1265, 0.1272, 0.1250]],
       device='cuda:0', grad_fn=<SoftmaxBackward0>)
tensor([[0.1275, 0.1246, 0.1250, 0.1229, 0.1248, 0.1237, 0.1276, 0.1239],
        [0.1268, 0.1235, 0.1268, 0.1227, 0.1215, 0.1248, 0.1288, 0.1251],
        [0.1252, 0.1193, 0.1238, 0.1249, 0.1231, 0.1274, 0.1312, 0.1252],
        [0.1232, 0.1187, 0.1233, 0.1258, 0.1275, 0.1234, 0.1306, 0.1276]],
       device='cuda:0', grad_fn=<SoftmaxBackward0>)
tensor([[0.1284, 0.1243, 0.1259, 0.1244, 0.1268, 0.1246, 0.1216, 0.1240],
        [0.1282, 0.1244, 0.1244, 0.1234, 0.1220, 0.1255, 0.1278, 0.1242],
        [0.1267, 0.1193, 0.1243, 0.1238, 0.1298, 0.1237, 0.1274, 0.1249],
        [0.1246, 0.1188, 0.1236, 0.1259, 0.1239, 0.1249, 0.1311, 0.1272],
        [0.1263, 0.1205, 0.1245, 0.1277, 0.1265, 0.1261, 0.1246, 0.1238]],
       device='cuda:0', grad_fn=<SoftmaxBackward0>)
tensor([[0.1308, 0.1229, 0.1235, 0.1250, 0.1258, 0.1239, 0.1279, 0.1203],
        [0.1233, 0.1186, 0.1226, 0.1257, 0.1294, 0.1250, 0.1247, 0.1307]],
       device='cuda:0', grad_fn=<SoftmaxBackward0>)
tensor([[0.1306, 0.1232, 0.1227, 0.1239, 0.1271, 0.1246, 0.1241, 0.1238],
        [0.1196, 0.1159, 0.1274, 0.1264, 0.1301, 0.1286, 0.1231, 0.1289],
        [0.1280, 0.1166, 0.1192, 0.1280, 0.1274, 0.1283, 0.1297, 0.1228]],
       device='cuda:0', grad_fn=<SoftmaxBackward0>)
tensor([[0.1300, 0.1212, 0.1225, 0.1263, 0.1268, 0.1246, 0.1255, 0.1231],
        [0.1212, 0.1165, 0.1290, 0.1258, 0.1255, 0.1252, 0.1281, 0.1288],
        [0.1280, 0.1155, 0.1191, 0.1244, 0.1288, 0.1286, 0.1302, 0.1253],
        [0.1276, 0.1165, 0.1206, 0.1249, 0.1297, 0.1294, 0.1271, 0.1242]],
       device='cuda:0', grad_fn=<SoftmaxBackward0>)
tensor([[0.1282, 0.1208, 0.1231, 0.1261, 0.1281, 0.1218, 0.1254, 0.1266],
        [0.1206, 0.1170, 0.1265, 0.1236, 0.1283, 0.1280, 0.1276, 0.1285],
        [0.1265, 0.1158, 0.1174, 0.1256, 0.1293, 0.1297, 0.1323, 0.1234],
        [0.1281, 0.1176, 0.1212, 0.1243, 0.1309, 0.1247, 0.1272, 0.1261],
        [0.1288, 0.1170, 0.1198, 0.1243, 0.1284, 0.1234, 0.1350, 0.1233]],
       device='cuda:0', grad_fn=<SoftmaxBackward0>)
#####################
07/12 04:49:58PM searchCell_trainer.py:166 [INFO] Train: Epoch: [2][50/390]	Step 832	lr 0.02491	Loss 3.2555 (3.0044)	Prec@(1,5) (24.8%, 55.2%)	
07/12 04:50:35PM searchCell_trainer.py:166 [INFO] Train: Epoch: [2][100/390]	Step 882	lr 0.02491	Loss 2.6533 (2.9770)	Prec@(1,5) (24.8%, 56.3%)	
07/12 04:51:13PM searchCell_trainer.py:166 [INFO] Train: Epoch: [2][150/390]	Step 932	lr 0.02491	Loss 2.9769 (2.9764)	Prec@(1,5) (24.8%, 56.5%)	
07/12 04:51:50PM searchCell_trainer.py:166 [INFO] Train: Epoch: [2][200/390]	Step 982	lr 0.02491	Loss 2.5721 (2.9553)	Prec@(1,5) (25.2%, 57.3%)	
07/12 04:52:28PM searchCell_trainer.py:166 [INFO] Train: Epoch: [2][250/390]	Step 1032	lr 0.02491	Loss 2.6947 (2.9395)	Prec@(1,5) (25.7%, 57.6%)	
07/12 04:53:05PM searchCell_trainer.py:166 [INFO] Train: Epoch: [2][300/390]	Step 1082	lr 0.02491	Loss 3.2033 (2.9337)	Prec@(1,5) (25.9%, 57.5%)	
07/12 04:53:41PM searchCell_trainer.py:166 [INFO] Train: Epoch: [2][350/390]	Step 1132	lr 0.02491	Loss 2.7548 (2.9172)	Prec@(1,5) (26.3%, 57.9%)	
07/12 04:54:11PM searchCell_trainer.py:166 [INFO] Train: Epoch: [2][390/390]	Step 1172	lr 0.02491	Loss 2.8783 (2.9063)	Prec@(1,5) (26.5%, 58.0%)	
07/12 04:54:12PM searchCell_trainer.py:176 [INFO] Train: [  2/49] Final Prec@1 26.4680%
07/12 04:54:18PM searchCell_trainer.py:202 [INFO] Valid: Epoch: [2][50/391]	Step 1173	Loss 2.8220	Prec@(1,5) (28.9%, 59.5%)
07/12 04:54:24PM searchCell_trainer.py:202 [INFO] Valid: Epoch: [2][100/391]	Step 1173	Loss 2.8174	Prec@(1,5) (28.5%, 60.0%)
07/12 04:54:31PM searchCell_trainer.py:202 [INFO] Valid: Epoch: [2][150/391]	Step 1173	Loss 2.8290	Prec@(1,5) (28.3%, 59.8%)
07/12 04:54:37PM searchCell_trainer.py:202 [INFO] Valid: Epoch: [2][200/391]	Step 1173	Loss 2.8286	Prec@(1,5) (28.5%, 59.7%)
07/12 04:54:44PM searchCell_trainer.py:202 [INFO] Valid: Epoch: [2][250/391]	Step 1173	Loss 2.8301	Prec@(1,5) (28.5%, 59.8%)
07/12 04:54:50PM searchCell_trainer.py:202 [INFO] Valid: Epoch: [2][300/391]	Step 1173	Loss 2.8194	Prec@(1,5) (28.9%, 60.1%)
07/12 04:54:57PM searchCell_trainer.py:202 [INFO] Valid: Epoch: [2][350/391]	Step 1173	Loss 2.8302	Prec@(1,5) (28.6%, 59.9%)
07/12 04:55:02PM searchCell_trainer.py:202 [INFO] Valid: Epoch: [2][390/391]	Step 1173	Loss 2.8364	Prec@(1,5) (28.5%, 59.8%)
07/12 04:55:02PM searchCell_trainer.py:213 [INFO] Valid: [  2/49] Final Prec@1 28.4560%
07/12 04:55:02PM searchCell_main.py:49 [INFO] genotype = Genotype3(normal1=[[('sep_conv_3x3', 1), ('sep_conv_5x5', 0)], [('sep_conv_5x5', 1), ('sep_conv_3x3', 0)], [('dil_conv_3x3', 3), ('sep_conv_3x3', 0)], [('max_pool_3x3', 0), ('sep_conv_3x3', 1)]], normal1_concat=range(2, 6), reduce1=[[('sep_conv_5x5', 0), ('max_pool_3x3', 1)], [('max_pool_3x3', 1), ('max_pool_3x3', 0)], [('dil_conv_5x5', 2), ('dil_conv_5x5', 3)], [('dil_conv_5x5', 3), ('sep_conv_5x5', 2)]], reduce1_concat=range(2, 6), normal2=[[('sep_conv_5x5', 1), ('max_pool_3x3', 0)], [('max_pool_3x3', 0), ('sep_conv_5x5', 2)], [('max_pool_3x3', 0), ('dil_conv_3x3', 3)], [('max_pool_3x3', 0), ('dil_conv_5x5', 1)]], normal2_concat=range(2, 6), reduce2=[[('max_pool_3x3', 0), ('sep_conv_5x5', 1)], [('max_pool_3x3', 0), ('dil_conv_5x5', 2)], [('max_pool_3x3', 0), ('dil_conv_5x5', 2)], [('dil_conv_5x5', 4), ('dil_conv_5x5', 2)]], reduce2_concat=range(2, 6), normal3=[[('max_pool_3x3', 0), ('dil_conv_3x3', 1)], [('sep_conv_5x5', 2), ('sep_conv_5x5', 1)], [('dil_conv_5x5', 3), ('sep_conv_5x5', 1)], [('dil_conv_5x5', 2), ('sep_conv_3x3', 3)]], normal3_concat=range(2, 6))
07/12 04:55:03PM searchCell_main.py:69 [INFO] Until now, best Prec@1 = 28.4560%
####### ALPHA #######
# Alpha - normal
tensor([[0.1292, 0.1164, 0.1236, 0.1280, 0.1308, 0.1240, 0.1266, 0.1213],
        [0.1259, 0.1135, 0.1221, 0.1318, 0.1241, 0.1287, 0.1266, 0.1274]],
       device='cuda:0', grad_fn=<SoftmaxBackward0>)
tensor([[0.1281, 0.1155, 0.1222, 0.1286, 0.1272, 0.1281, 0.1279, 0.1225],
        [0.1266, 0.1131, 0.1193, 0.1279, 0.1333, 0.1279, 0.1257, 0.1263],
        [0.1270, 0.1165, 0.1236, 0.1263, 0.1263, 0.1257, 0.1277, 0.1269]],
       device='cuda:0', grad_fn=<SoftmaxBackward0>)
tensor([[0.1292, 0.1155, 0.1220, 0.1297, 0.1284, 0.1243, 0.1278, 0.1230],
        [0.1279, 0.1161, 0.1219, 0.1269, 0.1275, 0.1279, 0.1251, 0.1267],
        [0.1246, 0.1164, 0.1228, 0.1274, 0.1280, 0.1270, 0.1276, 0.1262],
        [0.1236, 0.1182, 0.1229, 0.1293, 0.1278, 0.1305, 0.1232, 0.1245]],
       device='cuda:0', grad_fn=<SoftmaxBackward0>)
tensor([[0.1316, 0.1197, 0.1256, 0.1262, 0.1226, 0.1211, 0.1260, 0.1273],
        [0.1268, 0.1148, 0.1196, 0.1308, 0.1299, 0.1230, 0.1294, 0.1257],
        [0.1285, 0.1177, 0.1234, 0.1276, 0.1277, 0.1224, 0.1273, 0.1255],
        [0.1245, 0.1182, 0.1243, 0.1259, 0.1288, 0.1261, 0.1257, 0.1265],
        [0.1227, 0.1197, 0.1247, 0.1299, 0.1234, 0.1227, 0.1286, 0.1283]],
       device='cuda:0', grad_fn=<SoftmaxBackward0>)
tensor([[0.1338, 0.1246, 0.1318, 0.1216, 0.1278, 0.1185, 0.1228, 0.1191],
        [0.1216, 0.1144, 0.1202, 0.1259, 0.1341, 0.1260, 0.1273, 0.1305]],
       device='cuda:0', grad_fn=<SoftmaxBackward0>)
tensor([[0.1325, 0.1238, 0.1305, 0.1231, 0.1242, 0.1231, 0.1228, 0.1200],
        [0.1226, 0.1166, 0.1219, 0.1262, 0.1279, 0.1254, 0.1299, 0.1296],
        [0.1240, 0.1177, 0.1246, 0.1242, 0.1304, 0.1228, 0.1282, 0.1282]],
       device='cuda:0', grad_fn=<SoftmaxBackward0>)
tensor([[0.1322, 0.1230, 0.1294, 0.1218, 0.1230, 0.1237, 0.1258, 0.1212],
        [0.1228, 0.1156, 0.1204, 0.1263, 0.1272, 0.1288, 0.1299, 0.1290],
        [0.1250, 0.1179, 0.1238, 0.1259, 0.1317, 0.1226, 0.1268, 0.1264],
        [0.1217, 0.1154, 0.1204, 0.1245, 0.1292, 0.1327, 0.1300, 0.1260]],
       device='cuda:0', grad_fn=<SoftmaxBackward0>)
tensor([[0.1326, 0.1232, 0.1284, 0.1252, 0.1258, 0.1200, 0.1264, 0.1185],
        [0.1211, 0.1145, 0.1190, 0.1272, 0.1308, 0.1271, 0.1317, 0.1285],
        [0.1255, 0.1187, 0.1229, 0.1234, 0.1270, 0.1244, 0.1310, 0.1271],
        [0.1225, 0.1168, 0.1213, 0.1292, 0.1267, 0.1265, 0.1296, 0.1276],
        [0.1233, 0.1185, 0.1222, 0.1265, 0.1317, 0.1243, 0.1251, 0.1284]],
       device='cuda:0', grad_fn=<SoftmaxBackward0>)
tensor([[0.1325, 0.1212, 0.1242, 0.1257, 0.1231, 0.1243, 0.1257, 0.1234],
        [0.1197, 0.1115, 0.1130, 0.1274, 0.1309, 0.1311, 0.1310, 0.1354]],
       device='cuda:0', grad_fn=<SoftmaxBackward0>)
tensor([[0.1294, 0.1204, 0.1228, 0.1246, 0.1266, 0.1247, 0.1258, 0.1257],
        [0.1198, 0.1129, 0.1139, 0.1290, 0.1311, 0.1297, 0.1282, 0.1355],
        [0.1206, 0.1142, 0.1159, 0.1249, 0.1316, 0.1281, 0.1313, 0.1334]],
       device='cuda:0', grad_fn=<SoftmaxBackward0>)
tensor([[0.1277, 0.1192, 0.1212, 0.1251, 0.1263, 0.1244, 0.1279, 0.1282],
        [0.1147, 0.1081, 0.1088, 0.1323, 0.1334, 0.1331, 0.1319, 0.1378],
        [0.1182, 0.1120, 0.1124, 0.1322, 0.1323, 0.1259, 0.1332, 0.1338],
        [0.1179, 0.1116, 0.1109, 0.1303, 0.1311, 0.1303, 0.1356, 0.1322]],
       device='cuda:0', grad_fn=<SoftmaxBackward0>)
tensor([[0.1248, 0.1177, 0.1191, 0.1245, 0.1299, 0.1274, 0.1272, 0.1293],
        [0.1147, 0.1100, 0.1106, 0.1319, 0.1326, 0.1323, 0.1324, 0.1357],
        [0.1172, 0.1121, 0.1119, 0.1306, 0.1295, 0.1312, 0.1336, 0.1339],
        [0.1176, 0.1123, 0.1113, 0.1332, 0.1295, 0.1318, 0.1310, 0.1333],
        [0.1177, 0.1133, 0.1124, 0.1275, 0.1327, 0.1305, 0.1306, 0.1352]],
       device='cuda:0', grad_fn=<SoftmaxBackward0>)

# Alpha - reduce
tensor([[0.1275, 0.1230, 0.1257, 0.1235, 0.1297, 0.1227, 0.1259, 0.1221],
        [0.1283, 0.1246, 0.1235, 0.1222, 0.1245, 0.1256, 0.1230, 0.1283]],
       device='cuda:0', grad_fn=<SoftmaxBackward0>)
tensor([[0.1299, 0.1246, 0.1265, 0.1256, 0.1241, 0.1202, 0.1255, 0.1235],
        [0.1301, 0.1252, 0.1221, 0.1268, 0.1219, 0.1279, 0.1199, 0.1260],
        [0.1233, 0.1168, 0.1236, 0.1269, 0.1286, 0.1273, 0.1293, 0.1242]],
       device='cuda:0', grad_fn=<SoftmaxBackward0>)
tensor([[0.1298, 0.1248, 0.1260, 0.1223, 0.1233, 0.1239, 0.1274, 0.1225],
        [0.1281, 0.1235, 0.1273, 0.1217, 0.1189, 0.1243, 0.1303, 0.1260],
        [0.1241, 0.1168, 0.1235, 0.1246, 0.1246, 0.1270, 0.1348, 0.1245],
        [0.1217, 0.1165, 0.1237, 0.1262, 0.1274, 0.1230, 0.1330, 0.1286]],
       device='cuda:0', grad_fn=<SoftmaxBackward0>)
tensor([[0.1313, 0.1249, 0.1261, 0.1241, 0.1262, 0.1232, 0.1204, 0.1237],
        [0.1292, 0.1238, 0.1236, 0.1220, 0.1220, 0.1242, 0.1288, 0.1264],
        [0.1257, 0.1157, 0.1240, 0.1240, 0.1320, 0.1247, 0.1278, 0.1261],
        [0.1236, 0.1167, 0.1240, 0.1257, 0.1243, 0.1241, 0.1327, 0.1289],
        [0.1250, 0.1175, 0.1239, 0.1272, 0.1282, 0.1283, 0.1257, 0.1241]],
       device='cuda:0', grad_fn=<SoftmaxBackward0>)
tensor([[0.1346, 0.1237, 0.1233, 0.1235, 0.1266, 0.1227, 0.1274, 0.1182],
        [0.1241, 0.1177, 0.1209, 0.1246, 0.1301, 0.1247, 0.1241, 0.1337]],
       device='cuda:0', grad_fn=<SoftmaxBackward0>)
tensor([[0.1343, 0.1234, 0.1227, 0.1226, 0.1284, 0.1233, 0.1233, 0.1220],
        [0.1191, 0.1137, 0.1283, 0.1270, 0.1306, 0.1284, 0.1216, 0.1313],
        [0.1269, 0.1118, 0.1171, 0.1283, 0.1304, 0.1295, 0.1326, 0.1234]],
       device='cuda:0', grad_fn=<SoftmaxBackward0>)
tensor([[0.1339, 0.1214, 0.1204, 0.1256, 0.1284, 0.1235, 0.1248, 0.1218],
        [0.1208, 0.1144, 0.1296, 0.1250, 0.1250, 0.1246, 0.1309, 0.1297],
        [0.1270, 0.1107, 0.1174, 0.1255, 0.1304, 0.1306, 0.1320, 0.1265],
        [0.1284, 0.1132, 0.1194, 0.1243, 0.1307, 0.1307, 0.1292, 0.1241]],
       device='cuda:0', grad_fn=<SoftmaxBackward0>)
tensor([[0.1327, 0.1213, 0.1204, 0.1258, 0.1289, 0.1208, 0.1247, 0.1254],
        [0.1214, 0.1160, 0.1273, 0.1214, 0.1275, 0.1296, 0.1263, 0.1306],
        [0.1274, 0.1124, 0.1158, 0.1259, 0.1310, 0.1294, 0.1351, 0.1230],
        [0.1301, 0.1151, 0.1204, 0.1258, 0.1314, 0.1248, 0.1273, 0.1249],
        [0.1315, 0.1157, 0.1202, 0.1212, 0.1303, 0.1207, 0.1376, 0.1227]],
       device='cuda:0', grad_fn=<SoftmaxBackward0>)
#####################
07/12 04:55:41PM searchCell_trainer.py:166 [INFO] Train: Epoch: [3][50/390]	Step 1223	lr 0.02479	Loss 2.7001 (2.6863)	Prec@(1,5) (30.5%, 63.8%)	
07/12 04:56:19PM searchCell_trainer.py:166 [INFO] Train: Epoch: [3][100/390]	Step 1273	lr 0.02479	Loss 2.6959 (2.6955)	Prec@(1,5) (30.1%, 63.1%)	
07/12 04:56:55PM searchCell_trainer.py:166 [INFO] Train: Epoch: [3][150/390]	Step 1323	lr 0.02479	Loss 2.7038 (2.6638)	Prec@(1,5) (30.8%, 63.8%)	
07/12 04:57:32PM searchCell_trainer.py:166 [INFO] Train: Epoch: [3][200/390]	Step 1373	lr 0.02479	Loss 2.7737 (2.6603)	Prec@(1,5) (31.0%, 64.0%)	
07/12 04:58:09PM searchCell_trainer.py:166 [INFO] Train: Epoch: [3][250/390]	Step 1423	lr 0.02479	Loss 2.7850 (2.6495)	Prec@(1,5) (31.3%, 64.2%)	
07/12 04:58:46PM searchCell_trainer.py:166 [INFO] Train: Epoch: [3][300/390]	Step 1473	lr 0.02479	Loss 2.0543 (2.6414)	Prec@(1,5) (31.6%, 64.4%)	
07/12 04:59:23PM searchCell_trainer.py:166 [INFO] Train: Epoch: [3][350/390]	Step 1523	lr 0.02479	Loss 2.7469 (2.6315)	Prec@(1,5) (31.9%, 64.6%)	
07/12 04:59:52PM searchCell_trainer.py:166 [INFO] Train: Epoch: [3][390/390]	Step 1563	lr 0.02479	Loss 2.8147 (2.6222)	Prec@(1,5) (32.1%, 64.8%)	
07/12 04:59:53PM searchCell_trainer.py:176 [INFO] Train: [  3/49] Final Prec@1 32.1440%
07/12 04:59:59PM searchCell_trainer.py:202 [INFO] Valid: Epoch: [3][50/391]	Step 1564	Loss 2.6336	Prec@(1,5) (32.2%, 65.2%)
07/12 05:00:06PM searchCell_trainer.py:202 [INFO] Valid: Epoch: [3][100/391]	Step 1564	Loss 2.6445	Prec@(1,5) (31.6%, 65.0%)
07/12 05:00:12PM searchCell_trainer.py:202 [INFO] Valid: Epoch: [3][150/391]	Step 1564	Loss 2.6333	Prec@(1,5) (32.0%, 65.4%)
07/12 05:00:18PM searchCell_trainer.py:202 [INFO] Valid: Epoch: [3][200/391]	Step 1564	Loss 2.6278	Prec@(1,5) (32.2%, 65.5%)
07/12 05:00:25PM searchCell_trainer.py:202 [INFO] Valid: Epoch: [3][250/391]	Step 1564	Loss 2.6211	Prec@(1,5) (32.5%, 65.6%)
07/12 05:00:31PM searchCell_trainer.py:202 [INFO] Valid: Epoch: [3][300/391]	Step 1564	Loss 2.6256	Prec@(1,5) (32.3%, 65.5%)
07/12 05:00:38PM searchCell_trainer.py:202 [INFO] Valid: Epoch: [3][350/391]	Step 1564	Loss 2.6309	Prec@(1,5) (32.2%, 65.3%)
07/12 05:00:43PM searchCell_trainer.py:202 [INFO] Valid: Epoch: [3][390/391]	Step 1564	Loss 2.6302	Prec@(1,5) (32.2%, 65.3%)
