05/25 10:03:05PM parser.py:28 [INFO] 
05/25 10:03:05PM parser.py:29 [INFO] Parameters:
05/25 10:03:05PM parser.py:31 [INFO] DAG_PATH=results/search_Stage/CIFAR10/PRET_CIFAR10/EXP(20240524-090821)-20240525-220305/DAG
05/25 10:03:05PM parser.py:31 [INFO] ALPHA_LR=0.0003
05/25 10:03:05PM parser.py:31 [INFO] ALPHA_WEIGHT_DECAY=0.001
05/25 10:03:05PM parser.py:31 [INFO] BATCH_SIZE=64
05/25 10:03:05PM parser.py:31 [INFO] CHECKPOINT_RESET=True
05/25 10:03:05PM parser.py:31 [INFO] DATA_PATH=../data/
05/25 10:03:05PM parser.py:31 [INFO] DATASET=CIFAR10
05/25 10:03:05PM parser.py:31 [INFO] EPOCHS=50
05/25 10:03:05PM parser.py:31 [INFO] EXP_NAME=EXP(20240524-090821)-20240525-220305
05/25 10:03:05PM parser.py:31 [INFO] GENOTYPE=Genotype(normal=[[('sep_conv_3x3', 1), ('sep_conv_3x3', 0)], [('skip_connect', 0), ('sep_conv_3x3', 1)], [('skip_connect', 0), ('sep_conv_3x3', 1)], [('sep_conv_3x3', 0), ('skip_connect', 2)]], normal_concat=[2, 3, 4, 5], reduce=[[('max_pool_3x3', 0), ('max_pool_3x3', 1)], [('skip_connect', 2), ('max_pool_3x3', 0)], [('max_pool_3x3', 0), ('skip_connect', 2)], [('skip_connect', 2), ('avg_pool_3x3', 0)]], reduce_concat=[2, 3, 4, 5])
05/25 10:03:05PM parser.py:31 [INFO] GPUS=[0]
05/25 10:03:05PM parser.py:31 [INFO] INIT_CHANNELS=16
05/25 10:03:05PM parser.py:31 [INFO] LAYERS=20
05/25 10:03:05PM parser.py:31 [INFO] LOCAL_RANK=0
05/25 10:03:05PM parser.py:31 [INFO] LOGGER=<Logger H-DAS (INFO)>
05/25 10:03:05PM parser.py:31 [INFO] NAME=PRET_CIFAR10
05/25 10:03:05PM parser.py:31 [INFO] PATH=results/search_Stage/CIFAR10/PRET_CIFAR10/EXP(20240524-090821)-20240525-220305
05/25 10:03:05PM parser.py:31 [INFO] PRINT_FREQ=50
05/25 10:03:05PM parser.py:31 [INFO] RESUME_PATH=/home/miura/lab/research-hdas/results/search_Stage/CIFAR10/SCRATCH/EXP-20240524-090821/best.pth.tar
05/25 10:03:05PM parser.py:31 [INFO] SAVE=EXP(20240524-090821)
05/25 10:03:05PM parser.py:31 [INFO] SEED=0
05/25 10:03:05PM parser.py:31 [INFO] SHARE_STAGE=True
05/25 10:03:05PM parser.py:31 [INFO] TRAIN_PORTION=0.5
05/25 10:03:05PM parser.py:31 [INFO] W_GRAD_CLIP=5.0
05/25 10:03:05PM parser.py:31 [INFO] W_LR=0.025
05/25 10:03:05PM parser.py:31 [INFO] W_LR_MIN=0.001
05/25 10:03:05PM parser.py:31 [INFO] W_MOMENTUM=0.9
05/25 10:03:05PM parser.py:31 [INFO] W_WEIGHT_DECAY=0.0003
05/25 10:03:05PM parser.py:31 [INFO] WORKERS=4
05/25 10:03:05PM parser.py:32 [INFO] 
05/25 10:03:07PM searchStage_trainer.py:110 [INFO] --> Loaded checkpoint '/home/miura/lab/research-hdas/results/search_Stage/CIFAR10/SCRATCH/EXP-20240524-090821/best.pth.tar'(Reseted epoch 0)
####### ALPHA #######
# Alpha - DAG
tensor([[0.2496, 0.2763, 0.2581, 0.2160],
        [0.2519, 0.2809, 0.2662, 0.2011]], device='cuda:0',
       grad_fn=<SoftmaxBackward0>)
tensor([[0.2636, 0.2736, 0.2662, 0.1965],
        [0.2576, 0.2701, 0.2661, 0.2062],
        [0.2660, 0.2876, 0.2210, 0.2255]], device='cuda:0',
       grad_fn=<SoftmaxBackward0>)
tensor([[0.2684, 0.2674, 0.2621, 0.2021],
        [0.2643, 0.2722, 0.2271, 0.2363],
        [0.2668, 0.2754, 0.2375, 0.2203]], device='cuda:0',
       grad_fn=<SoftmaxBackward0>)
tensor([[0.2611, 0.2653, 0.2409, 0.2327],
        [0.2646, 0.2637, 0.2345, 0.2372],
        [0.2595, 0.2695, 0.2435, 0.2275]], device='cuda:0',
       grad_fn=<SoftmaxBackward0>)
tensor([[0.2578, 0.2634, 0.2417, 0.2371],
        [0.2668, 0.2622, 0.2346, 0.2363],
        [0.2575, 0.2704, 0.2452, 0.2269]], device='cuda:0',
       grad_fn=<SoftmaxBackward0>)
tensor([[0.2516, 0.2596, 0.2484, 0.2404],
        [0.2526, 0.2619, 0.2551, 0.2304],
        [0.2551, 0.2620, 0.2386, 0.2443]], device='cuda:0',
       grad_fn=<SoftmaxBackward0>)
#####################
05/25 10:03:26PM searchShareStage_trainer.py:124 [INFO] Train: Epoch: [0][50/390]	Step 50	lr 0.025	Loss 0.6355 (0.4943)	Prec@(1,5) (86.1%, 99.2%)	
05/25 10:03:42PM searchShareStage_trainer.py:124 [INFO] Train: Epoch: [0][100/390]	Step 100	lr 0.025	Loss 0.8556 (0.5924)	Prec@(1,5) (81.2%, 98.8%)	
05/25 10:04:00PM searchShareStage_trainer.py:124 [INFO] Train: Epoch: [0][150/390]	Step 150	lr 0.025	Loss 0.7466 (0.6144)	Prec@(1,5) (79.9%, 98.8%)	
05/25 10:04:18PM searchShareStage_trainer.py:124 [INFO] Train: Epoch: [0][200/390]	Step 200	lr 0.025	Loss 0.5792 (0.6051)	Prec@(1,5) (80.0%, 98.9%)	
05/25 10:04:34PM searchShareStage_trainer.py:124 [INFO] Train: Epoch: [0][250/390]	Step 250	lr 0.025	Loss 0.5414 (0.5891)	Prec@(1,5) (80.3%, 98.9%)	
05/25 10:04:52PM searchShareStage_trainer.py:124 [INFO] Train: Epoch: [0][300/390]	Step 300	lr 0.025	Loss 0.6320 (0.5771)	Prec@(1,5) (80.6%, 99.0%)	
05/25 10:05:10PM searchShareStage_trainer.py:124 [INFO] Train: Epoch: [0][350/390]	Step 350	lr 0.025	Loss 0.4251 (0.5703)	Prec@(1,5) (80.7%, 99.0%)	
05/25 10:05:24PM searchShareStage_trainer.py:124 [INFO] Train: Epoch: [0][390/390]	Step 390	lr 0.025	Loss 0.5244 (0.5672)	Prec@(1,5) (80.8%, 99.1%)	
05/25 10:05:25PM searchShareStage_trainer.py:134 [INFO] Train: [  0/49] Final Prec@1 80.8000%
05/25 10:05:28PM searchStage_trainer.py:249 [INFO] Valid: Epoch: [0][50/391]	Step 391	Loss 0.7174	Prec@(1,5) (76.8%, 98.1%)
05/25 10:05:31PM searchStage_trainer.py:249 [INFO] Valid: Epoch: [0][100/391]	Step 391	Loss 0.7154	Prec@(1,5) (76.6%, 98.0%)
05/25 10:05:34PM searchStage_trainer.py:249 [INFO] Valid: Epoch: [0][150/391]	Step 391	Loss 0.7010	Prec@(1,5) (77.0%, 98.2%)
05/25 10:05:36PM searchStage_trainer.py:249 [INFO] Valid: Epoch: [0][200/391]	Step 391	Loss 0.6979	Prec@(1,5) (77.0%, 98.2%)
05/25 10:05:39PM searchStage_trainer.py:249 [INFO] Valid: Epoch: [0][250/391]	Step 391	Loss 0.6952	Prec@(1,5) (76.9%, 98.2%)
05/25 10:05:42PM searchStage_trainer.py:249 [INFO] Valid: Epoch: [0][300/391]	Step 391	Loss 0.6986	Prec@(1,5) (76.8%, 98.1%)
05/25 10:05:45PM searchStage_trainer.py:249 [INFO] Valid: Epoch: [0][350/391]	Step 391	Loss 0.7017	Prec@(1,5) (76.7%, 98.1%)
05/25 10:05:48PM searchStage_trainer.py:249 [INFO] Valid: Epoch: [0][390/391]	Step 391	Loss 0.7045	Prec@(1,5) (76.6%, 98.1%)
05/25 10:05:48PM searchStage_trainer.py:260 [INFO] Valid: [  0/49] Final Prec@1 76.5760%
05/25 10:05:48PM searchStage_main.py:53 [INFO] DAG = Genotype2(DAG1=[[('avg_pool_3x3', 1), ('avg_pool_3x3', 0)], [('avg_pool_3x3', 2), ('avg_pool_3x3', 0)], [('avg_pool_3x3', 3), ('avg_pool_3x3', 2)], [('avg_pool_3x3', 4), ('max_pool_3x3', 3)], [('avg_pool_3x3', 5), ('max_pool_3x3', 4)], [('avg_pool_3x3', 6), ('avg_pool_3x3', 5)]], DAG1_concat=range(6, 8), DAG2=[[('avg_pool_3x3', 1), ('avg_pool_3x3', 0)], [('avg_pool_3x3', 2), ('avg_pool_3x3', 0)], [('avg_pool_3x3', 3), ('avg_pool_3x3', 2)], [('avg_pool_3x3', 4), ('max_pool_3x3', 3)], [('avg_pool_3x3', 5), ('max_pool_3x3', 4)], [('avg_pool_3x3', 6), ('avg_pool_3x3', 5)]], DAG2_concat=range(6, 8), DAG3=[[('avg_pool_3x3', 1), ('avg_pool_3x3', 0)], [('avg_pool_3x3', 2), ('avg_pool_3x3', 0)], [('avg_pool_3x3', 3), ('avg_pool_3x3', 2)], [('avg_pool_3x3', 4), ('max_pool_3x3', 3)], [('avg_pool_3x3', 5), ('max_pool_3x3', 4)], [('avg_pool_3x3', 6), ('avg_pool_3x3', 5)]], DAG3_concat=range(6, 8))
05/25 10:05:48PM searchStage_main.py:68 [INFO] Until now, best Prec@1 = 76.5760%
####### ALPHA #######
# Alpha - DAG
tensor([[0.2496, 0.2762, 0.2582, 0.2159],
        [0.2520, 0.2808, 0.2661, 0.2011]], device='cuda:0',
       grad_fn=<SoftmaxBackward0>)
tensor([[0.2637, 0.2736, 0.2662, 0.1965],
        [0.2577, 0.2700, 0.2662, 0.2061],
        [0.2660, 0.2876, 0.2209, 0.2255]], device='cuda:0',
       grad_fn=<SoftmaxBackward0>)
tensor([[0.2684, 0.2673, 0.2621, 0.2021],
        [0.2642, 0.2723, 0.2272, 0.2363],
        [0.2667, 0.2755, 0.2374, 0.2204]], device='cuda:0',
       grad_fn=<SoftmaxBackward0>)
tensor([[0.2612, 0.2652, 0.2408, 0.2328],
        [0.2647, 0.2637, 0.2344, 0.2372],
        [0.2595, 0.2696, 0.2434, 0.2275]], device='cuda:0',
       grad_fn=<SoftmaxBackward0>)
tensor([[0.2578, 0.2635, 0.2418, 0.2370],
        [0.2668, 0.2622, 0.2347, 0.2363],
        [0.2574, 0.2704, 0.2451, 0.2270]], device='cuda:0',
       grad_fn=<SoftmaxBackward0>)
tensor([[0.2517, 0.2595, 0.2483, 0.2405],
        [0.2526, 0.2620, 0.2552, 0.2303],
        [0.2550, 0.2619, 0.2386, 0.2444]], device='cuda:0',
       grad_fn=<SoftmaxBackward0>)
#####################
05/25 10:06:07PM searchShareStage_trainer.py:124 [INFO] Train: Epoch: [1][50/390]	Step 441	lr 0.02498	Loss 0.3652 (0.4716)	Prec@(1,5) (83.1%, 99.5%)	
05/25 10:06:25PM searchShareStage_trainer.py:124 [INFO] Train: Epoch: [1][100/390]	Step 491	lr 0.02498	Loss 0.3435 (0.4794)	Prec@(1,5) (83.0%, 99.4%)	
05/25 10:06:42PM searchShareStage_trainer.py:124 [INFO] Train: Epoch: [1][150/390]	Step 541	lr 0.02498	Loss 0.6160 (0.4868)	Prec@(1,5) (82.9%, 99.4%)	
05/25 10:07:00PM searchShareStage_trainer.py:124 [INFO] Train: Epoch: [1][200/390]	Step 591	lr 0.02498	Loss 0.4185 (0.4878)	Prec@(1,5) (82.7%, 99.4%)	
05/25 10:07:18PM searchShareStage_trainer.py:124 [INFO] Train: Epoch: [1][250/390]	Step 641	lr 0.02498	Loss 0.3953 (0.4922)	Prec@(1,5) (82.5%, 99.4%)	
05/25 10:07:35PM searchShareStage_trainer.py:124 [INFO] Train: Epoch: [1][300/390]	Step 691	lr 0.02498	Loss 0.2987 (0.4924)	Prec@(1,5) (82.6%, 99.4%)	
05/25 10:07:52PM searchShareStage_trainer.py:124 [INFO] Train: Epoch: [1][350/390]	Step 741	lr 0.02498	Loss 0.3249 (0.4928)	Prec@(1,5) (82.6%, 99.4%)	
05/25 10:08:07PM searchShareStage_trainer.py:124 [INFO] Train: Epoch: [1][390/390]	Step 781	lr 0.02498	Loss 0.4142 (0.4914)	Prec@(1,5) (82.6%, 99.4%)	
05/25 10:08:07PM searchShareStage_trainer.py:134 [INFO] Train: [  1/49] Final Prec@1 82.6360%
05/25 10:08:11PM searchStage_trainer.py:249 [INFO] Valid: Epoch: [1][50/391]	Step 782	Loss 0.6698	Prec@(1,5) (77.3%, 98.6%)
05/25 10:08:13PM searchStage_trainer.py:249 [INFO] Valid: Epoch: [1][100/391]	Step 782	Loss 0.6547	Prec@(1,5) (77.6%, 98.5%)
05/25 10:08:16PM searchStage_trainer.py:249 [INFO] Valid: Epoch: [1][150/391]	Step 782	Loss 0.6557	Prec@(1,5) (77.6%, 98.4%)
05/25 10:08:19PM searchStage_trainer.py:249 [INFO] Valid: Epoch: [1][200/391]	Step 782	Loss 0.6481	Prec@(1,5) (77.8%, 98.4%)
05/25 10:08:22PM searchStage_trainer.py:249 [INFO] Valid: Epoch: [1][250/391]	Step 782	Loss 0.6475	Prec@(1,5) (77.8%, 98.4%)
05/25 10:08:25PM searchStage_trainer.py:249 [INFO] Valid: Epoch: [1][300/391]	Step 782	Loss 0.6493	Prec@(1,5) (77.9%, 98.4%)
05/25 10:08:28PM searchStage_trainer.py:249 [INFO] Valid: Epoch: [1][350/391]	Step 782	Loss 0.6474	Prec@(1,5) (77.9%, 98.3%)
05/25 10:08:30PM searchStage_trainer.py:249 [INFO] Valid: Epoch: [1][390/391]	Step 782	Loss 0.6463	Prec@(1,5) (77.9%, 98.4%)
05/25 10:08:30PM searchStage_trainer.py:260 [INFO] Valid: [  1/49] Final Prec@1 77.9240%
05/25 10:08:30PM searchStage_main.py:53 [INFO] DAG = Genotype2(DAG1=[[('avg_pool_3x3', 1), ('avg_pool_3x3', 0)], [('avg_pool_3x3', 2), ('avg_pool_3x3', 0)], [('avg_pool_3x3', 3), ('avg_pool_3x3', 2)], [('avg_pool_3x3', 4), ('max_pool_3x3', 3)], [('avg_pool_3x3', 5), ('max_pool_3x3', 4)], [('avg_pool_3x3', 6), ('avg_pool_3x3', 5)]], DAG1_concat=range(6, 8), DAG2=[[('avg_pool_3x3', 1), ('avg_pool_3x3', 0)], [('avg_pool_3x3', 2), ('avg_pool_3x3', 0)], [('avg_pool_3x3', 3), ('avg_pool_3x3', 2)], [('avg_pool_3x3', 4), ('max_pool_3x3', 3)], [('avg_pool_3x3', 5), ('max_pool_3x3', 4)], [('avg_pool_3x3', 6), ('avg_pool_3x3', 5)]], DAG2_concat=range(6, 8), DAG3=[[('avg_pool_3x3', 1), ('avg_pool_3x3', 0)], [('avg_pool_3x3', 2), ('avg_pool_3x3', 0)], [('avg_pool_3x3', 3), ('avg_pool_3x3', 2)], [('avg_pool_3x3', 4), ('max_pool_3x3', 3)], [('avg_pool_3x3', 5), ('max_pool_3x3', 4)], [('avg_pool_3x3', 6), ('avg_pool_3x3', 5)]], DAG3_concat=range(6, 8))
05/25 10:08:31PM searchStage_main.py:68 [INFO] Until now, best Prec@1 = 77.9240%
####### ALPHA #######
# Alpha - DAG
tensor([[0.2496, 0.2762, 0.2582, 0.2159],
        [0.2520, 0.2808, 0.2661, 0.2011]], device='cuda:0',
       grad_fn=<SoftmaxBackward0>)
tensor([[0.2637, 0.2736, 0.2662, 0.1965],
        [0.2577, 0.2700, 0.2662, 0.2061],
        [0.2660, 0.2876, 0.2209, 0.2256]], device='cuda:0',
       grad_fn=<SoftmaxBackward0>)
tensor([[0.2684, 0.2673, 0.2621, 0.2021],
        [0.2642, 0.2723, 0.2272, 0.2363],
        [0.2667, 0.2755, 0.2374, 0.2204]], device='cuda:0',
       grad_fn=<SoftmaxBackward0>)
tensor([[0.2612, 0.2652, 0.2408, 0.2328],
        [0.2647, 0.2637, 0.2344, 0.2372],
        [0.2595, 0.2696, 0.2434, 0.2275]], device='cuda:0',
       grad_fn=<SoftmaxBackward0>)
tensor([[0.2578, 0.2635, 0.2418, 0.2370],
        [0.2668, 0.2621, 0.2347, 0.2363],
        [0.2574, 0.2704, 0.2451, 0.2271]], device='cuda:0',
       grad_fn=<SoftmaxBackward0>)
tensor([[0.2517, 0.2595, 0.2483, 0.2405],
        [0.2526, 0.2620, 0.2552, 0.2303],
        [0.2550, 0.2619, 0.2386, 0.2445]], device='cuda:0',
       grad_fn=<SoftmaxBackward0>)
#####################
05/25 10:08:48PM searchShareStage_trainer.py:124 [INFO] Train: Epoch: [2][50/390]	Step 832	lr 0.02491	Loss 0.5035 (0.4347)	Prec@(1,5) (84.7%, 99.3%)	
05/25 10:09:06PM searchShareStage_trainer.py:124 [INFO] Train: Epoch: [2][100/390]	Step 882	lr 0.02491	Loss 0.4241 (0.4338)	Prec@(1,5) (84.9%, 99.5%)	
05/25 10:09:24PM searchShareStage_trainer.py:124 [INFO] Train: Epoch: [2][150/390]	Step 932	lr 0.02491	Loss 0.6407 (0.4490)	Prec@(1,5) (84.6%, 99.5%)	
05/25 10:09:41PM searchShareStage_trainer.py:124 [INFO] Train: Epoch: [2][200/390]	Step 982	lr 0.02491	Loss 0.7413 (0.4555)	Prec@(1,5) (84.2%, 99.5%)	
05/25 10:09:59PM searchShareStage_trainer.py:124 [INFO] Train: Epoch: [2][250/390]	Step 1032	lr 0.02491	Loss 0.4739 (0.4636)	Prec@(1,5) (83.9%, 99.5%)	
05/25 10:10:17PM searchShareStage_trainer.py:124 [INFO] Train: Epoch: [2][300/390]	Step 1082	lr 0.02491	Loss 0.5624 (0.4667)	Prec@(1,5) (83.8%, 99.4%)	
05/25 10:10:35PM searchShareStage_trainer.py:124 [INFO] Train: Epoch: [2][350/390]	Step 1132	lr 0.02491	Loss 0.4090 (0.4654)	Prec@(1,5) (83.8%, 99.4%)	
05/25 10:10:48PM searchShareStage_trainer.py:124 [INFO] Train: Epoch: [2][390/390]	Step 1172	lr 0.02491	Loss 0.5684 (0.4628)	Prec@(1,5) (83.9%, 99.5%)	
05/25 10:10:48PM searchShareStage_trainer.py:134 [INFO] Train: [  2/49] Final Prec@1 83.9240%
05/25 10:10:51PM searchStage_trainer.py:249 [INFO] Valid: Epoch: [2][50/391]	Step 1173	Loss 0.7703	Prec@(1,5) (73.7%, 98.3%)
05/25 10:10:54PM searchStage_trainer.py:249 [INFO] Valid: Epoch: [2][100/391]	Step 1173	Loss 0.7456	Prec@(1,5) (74.3%, 98.6%)
05/25 10:10:57PM searchStage_trainer.py:249 [INFO] Valid: Epoch: [2][150/391]	Step 1173	Loss 0.7262	Prec@(1,5) (75.4%, 98.7%)
05/25 10:10:59PM searchStage_trainer.py:249 [INFO] Valid: Epoch: [2][200/391]	Step 1173	Loss 0.7164	Prec@(1,5) (75.7%, 98.7%)
05/25 10:11:03PM searchStage_trainer.py:249 [INFO] Valid: Epoch: [2][250/391]	Step 1173	Loss 0.7165	Prec@(1,5) (75.7%, 98.7%)
05/25 10:11:05PM searchStage_trainer.py:249 [INFO] Valid: Epoch: [2][300/391]	Step 1173	Loss 0.7182	Prec@(1,5) (75.7%, 98.7%)
05/25 10:11:08PM searchStage_trainer.py:249 [INFO] Valid: Epoch: [2][350/391]	Step 1173	Loss 0.7177	Prec@(1,5) (75.7%, 98.6%)
05/25 10:11:10PM searchStage_trainer.py:249 [INFO] Valid: Epoch: [2][390/391]	Step 1173	Loss 0.7200	Prec@(1,5) (75.6%, 98.6%)
05/25 10:11:10PM searchStage_trainer.py:260 [INFO] Valid: [  2/49] Final Prec@1 75.6440%
05/25 10:11:10PM searchStage_main.py:53 [INFO] DAG = Genotype2(DAG1=[[('avg_pool_3x3', 1), ('avg_pool_3x3', 0)], [('avg_pool_3x3', 2), ('avg_pool_3x3', 0)], [('avg_pool_3x3', 3), ('avg_pool_3x3', 2)], [('avg_pool_3x3', 4), ('max_pool_3x3', 3)], [('avg_pool_3x3', 5), ('max_pool_3x3', 4)], [('avg_pool_3x3', 6), ('avg_pool_3x3', 5)]], DAG1_concat=range(6, 8), DAG2=[[('avg_pool_3x3', 1), ('avg_pool_3x3', 0)], [('avg_pool_3x3', 2), ('avg_pool_3x3', 0)], [('avg_pool_3x3', 3), ('avg_pool_3x3', 2)], [('avg_pool_3x3', 4), ('max_pool_3x3', 3)], [('avg_pool_3x3', 5), ('max_pool_3x3', 4)], [('avg_pool_3x3', 6), ('avg_pool_3x3', 5)]], DAG2_concat=range(6, 8), DAG3=[[('avg_pool_3x3', 1), ('avg_pool_3x3', 0)], [('avg_pool_3x3', 2), ('avg_pool_3x3', 0)], [('avg_pool_3x3', 3), ('avg_pool_3x3', 2)], [('avg_pool_3x3', 4), ('max_pool_3x3', 3)], [('avg_pool_3x3', 5), ('max_pool_3x3', 4)], [('avg_pool_3x3', 6), ('avg_pool_3x3', 5)]], DAG3_concat=range(6, 8))
05/25 10:11:11PM searchStage_main.py:68 [INFO] Until now, best Prec@1 = 77.9240%
####### ALPHA #######
# Alpha - DAG
tensor([[0.2496, 0.2762, 0.2582, 0.2159],
        [0.2519, 0.2808, 0.2662, 0.2011]], device='cuda:0',
       grad_fn=<SoftmaxBackward0>)
tensor([[0.2637, 0.2735, 0.2662, 0.1965],
        [0.2577, 0.2700, 0.2662, 0.2061],
        [0.2660, 0.2876, 0.2209, 0.2256]], device='cuda:0',
       grad_fn=<SoftmaxBackward0>)
tensor([[0.2684, 0.2673, 0.2621, 0.2022],
        [0.2642, 0.2723, 0.2272, 0.2363],
        [0.2667, 0.2755, 0.2374, 0.2204]], device='cuda:0',
       grad_fn=<SoftmaxBackward0>)
tensor([[0.2612, 0.2652, 0.2408, 0.2328],
        [0.2647, 0.2636, 0.2344, 0.2372],
        [0.2595, 0.2696, 0.2435, 0.2275]], device='cuda:0',
       grad_fn=<SoftmaxBackward0>)
tensor([[0.2578, 0.2634, 0.2418, 0.2370],
        [0.2668, 0.2621, 0.2348, 0.2363],
        [0.2574, 0.2703, 0.2452, 0.2271]], device='cuda:0',
       grad_fn=<SoftmaxBackward0>)
tensor([[0.2517, 0.2595, 0.2483, 0.2405],
        [0.2526, 0.2619, 0.2552, 0.2303],
        [0.2550, 0.2619, 0.2386, 0.2445]], device='cuda:0',
       grad_fn=<SoftmaxBackward0>)
#####################
05/25 10:11:29PM searchShareStage_trainer.py:124 [INFO] Train: Epoch: [3][50/390]	Step 1223	lr 0.02479	Loss 0.2667 (0.4294)	Prec@(1,5) (85.2%, 99.4%)	
05/25 10:11:46PM searchShareStage_trainer.py:124 [INFO] Train: Epoch: [3][100/390]	Step 1273	lr 0.02479	Loss 0.2716 (0.4265)	Prec@(1,5) (85.2%, 99.5%)	
05/25 10:12:04PM searchShareStage_trainer.py:124 [INFO] Train: Epoch: [3][150/390]	Step 1323	lr 0.02479	Loss 0.4380 (0.4227)	Prec@(1,5) (85.0%, 99.5%)	
05/25 10:12:22PM searchShareStage_trainer.py:124 [INFO] Train: Epoch: [3][200/390]	Step 1373	lr 0.02479	Loss 0.5619 (0.4277)	Prec@(1,5) (84.9%, 99.5%)	
05/25 10:12:40PM searchShareStage_trainer.py:124 [INFO] Train: Epoch: [3][250/390]	Step 1423	lr 0.02479	Loss 0.3478 (0.4381)	Prec@(1,5) (84.5%, 99.4%)	
05/25 10:12:57PM searchShareStage_trainer.py:124 [INFO] Train: Epoch: [3][300/390]	Step 1473	lr 0.02479	Loss 0.4195 (0.4424)	Prec@(1,5) (84.4%, 99.4%)	
05/25 10:13:15PM searchShareStage_trainer.py:124 [INFO] Train: Epoch: [3][350/390]	Step 1523	lr 0.02479	Loss 0.3837 (0.4434)	Prec@(1,5) (84.4%, 99.4%)	
05/25 10:13:30PM searchShareStage_trainer.py:124 [INFO] Train: Epoch: [3][390/390]	Step 1563	lr 0.02479	Loss 0.4355 (0.4431)	Prec@(1,5) (84.4%, 99.4%)	
05/25 10:13:30PM searchShareStage_trainer.py:134 [INFO] Train: [  3/49] Final Prec@1 84.3440%
05/25 10:13:33PM searchStage_trainer.py:249 [INFO] Valid: Epoch: [3][50/391]	Step 1564	Loss 0.5832	Prec@(1,5) (80.3%, 98.8%)
05/25 10:13:36PM searchStage_trainer.py:249 [INFO] Valid: Epoch: [3][100/391]	Step 1564	Loss 0.5962	Prec@(1,5) (79.6%, 98.8%)
05/25 10:13:39PM searchStage_trainer.py:249 [INFO] Valid: Epoch: [3][150/391]	Step 1564	Loss 0.5920	Prec@(1,5) (80.0%, 98.7%)
05/25 10:13:41PM searchStage_trainer.py:249 [INFO] Valid: Epoch: [3][200/391]	Step 1564	Loss 0.5847	Prec@(1,5) (80.3%, 98.7%)
05/25 10:13:44PM searchStage_trainer.py:249 [INFO] Valid: Epoch: [3][250/391]	Step 1564	Loss 0.5824	Prec@(1,5) (80.5%, 98.7%)
05/25 10:13:46PM searchStage_trainer.py:249 [INFO] Valid: Epoch: [3][300/391]	Step 1564	Loss 0.5787	Prec@(1,5) (80.5%, 98.8%)
05/25 10:13:49PM searchStage_trainer.py:249 [INFO] Valid: Epoch: [3][350/391]	Step 1564	Loss 0.5797	Prec@(1,5) (80.5%, 98.8%)
05/25 10:13:51PM searchStage_trainer.py:249 [INFO] Valid: Epoch: [3][390/391]	Step 1564	Loss 0.5835	Prec@(1,5) (80.4%, 98.8%)
05/25 10:13:51PM searchStage_trainer.py:260 [INFO] Valid: [  3/49] Final Prec@1 80.4120%
05/25 10:13:51PM searchStage_main.py:53 [INFO] DAG = Genotype2(DAG1=[[('avg_pool_3x3', 1), ('avg_pool_3x3', 0)], [('avg_pool_3x3', 2), ('avg_pool_3x3', 0)], [('avg_pool_3x3', 3), ('avg_pool_3x3', 2)], [('avg_pool_3x3', 4), ('max_pool_3x3', 3)], [('avg_pool_3x3', 5), ('max_pool_3x3', 4)], [('avg_pool_3x3', 6), ('avg_pool_3x3', 5)]], DAG1_concat=range(6, 8), DAG2=[[('avg_pool_3x3', 1), ('avg_pool_3x3', 0)], [('avg_pool_3x3', 2), ('avg_pool_3x3', 0)], [('avg_pool_3x3', 3), ('avg_pool_3x3', 2)], [('avg_pool_3x3', 4), ('max_pool_3x3', 3)], [('avg_pool_3x3', 5), ('max_pool_3x3', 4)], [('avg_pool_3x3', 6), ('avg_pool_3x3', 5)]], DAG2_concat=range(6, 8), DAG3=[[('avg_pool_3x3', 1), ('avg_pool_3x3', 0)], [('avg_pool_3x3', 2), ('avg_pool_3x3', 0)], [('avg_pool_3x3', 3), ('avg_pool_3x3', 2)], [('avg_pool_3x3', 4), ('max_pool_3x3', 3)], [('avg_pool_3x3', 5), ('max_pool_3x3', 4)], [('avg_pool_3x3', 6), ('avg_pool_3x3', 5)]], DAG3_concat=range(6, 8))
05/25 10:13:51PM searchStage_main.py:68 [INFO] Until now, best Prec@1 = 80.4120%
####### ALPHA #######
# Alpha - DAG
tensor([[0.2496, 0.2762, 0.2582, 0.2160],
        [0.2519, 0.2807, 0.2662, 0.2012]], device='cuda:0',
       grad_fn=<SoftmaxBackward0>)
tensor([[0.2637, 0.2735, 0.2662, 0.1965],
        [0.2577, 0.2700, 0.2662, 0.2061],
        [0.2660, 0.2875, 0.2209, 0.2256]], device='cuda:0',
       grad_fn=<SoftmaxBackward0>)
tensor([[0.2684, 0.2673, 0.2621, 0.2022],
        [0.2642, 0.2722, 0.2272, 0.2363],
        [0.2667, 0.2754, 0.2374, 0.2204]], device='cuda:0',
       grad_fn=<SoftmaxBackward0>)
tensor([[0.2612, 0.2652, 0.2409, 0.2328],
        [0.2647, 0.2636, 0.2344, 0.2373],
        [0.2594, 0.2696, 0.2435, 0.2275]], device='cuda:0',
       grad_fn=<SoftmaxBackward0>)
tensor([[0.2578, 0.2634, 0.2418, 0.2370],
        [0.2668, 0.2621, 0.2348, 0.2364],
        [0.2574, 0.2703, 0.2452, 0.2271]], device='cuda:0',
       grad_fn=<SoftmaxBackward0>)
tensor([[0.2517, 0.2595, 0.2483, 0.2405],
        [0.2526, 0.2619, 0.2552, 0.2303],
        [0.2550, 0.2619, 0.2386, 0.2445]], device='cuda:0',
       grad_fn=<SoftmaxBackward0>)
#####################
05/25 10:14:10PM searchShareStage_trainer.py:124 [INFO] Train: Epoch: [4][50/390]	Step 1614	lr 0.02462	Loss 0.4470 (0.4117)	Prec@(1,5) (85.9%, 99.7%)	
05/25 10:14:28PM searchShareStage_trainer.py:124 [INFO] Train: Epoch: [4][100/390]	Step 1664	lr 0.02462	Loss 0.3286 (0.3996)	Prec@(1,5) (86.2%, 99.6%)	
05/25 10:14:45PM searchShareStage_trainer.py:124 [INFO] Train: Epoch: [4][150/390]	Step 1714	lr 0.02462	Loss 0.4481 (0.4017)	Prec@(1,5) (86.2%, 99.5%)	
05/25 10:15:02PM searchShareStage_trainer.py:124 [INFO] Train: Epoch: [4][200/390]	Step 1764	lr 0.02462	Loss 0.3830 (0.4048)	Prec@(1,5) (86.0%, 99.5%)	
05/25 10:15:20PM searchShareStage_trainer.py:124 [INFO] Train: Epoch: [4][250/390]	Step 1814	lr 0.02462	Loss 0.3840 (0.4121)	Prec@(1,5) (85.8%, 99.5%)	
05/25 10:15:38PM searchShareStage_trainer.py:124 [INFO] Train: Epoch: [4][300/390]	Step 1864	lr 0.02462	Loss 0.4895 (0.4189)	Prec@(1,5) (85.5%, 99.5%)	
05/25 10:15:55PM searchShareStage_trainer.py:124 [INFO] Train: Epoch: [4][350/390]	Step 1914	lr 0.02462	Loss 0.4390 (0.4232)	Prec@(1,5) (85.3%, 99.5%)	
05/25 10:16:09PM searchShareStage_trainer.py:124 [INFO] Train: Epoch: [4][390/390]	Step 1954	lr 0.02462	Loss 0.6011 (0.4264)	Prec@(1,5) (85.2%, 99.5%)	
05/25 10:16:09PM searchShareStage_trainer.py:134 [INFO] Train: [  4/49] Final Prec@1 85.1960%
05/25 10:16:12PM searchStage_trainer.py:249 [INFO] Valid: Epoch: [4][50/391]	Step 1955	Loss 0.6219	Prec@(1,5) (79.0%, 98.6%)
05/25 10:16:15PM searchStage_trainer.py:249 [INFO] Valid: Epoch: [4][100/391]	Step 1955	Loss 0.6160	Prec@(1,5) (79.3%, 98.7%)
05/25 10:16:18PM searchStage_trainer.py:249 [INFO] Valid: Epoch: [4][150/391]	Step 1955	Loss 0.6177	Prec@(1,5) (79.4%, 98.7%)
05/25 10:16:21PM searchStage_trainer.py:249 [INFO] Valid: Epoch: [4][200/391]	Step 1955	Loss 0.6174	Prec@(1,5) (79.3%, 98.7%)
05/25 10:16:24PM searchStage_trainer.py:249 [INFO] Valid: Epoch: [4][250/391]	Step 1955	Loss 0.6246	Prec@(1,5) (79.0%, 98.7%)
05/25 10:16:27PM searchStage_trainer.py:249 [INFO] Valid: Epoch: [4][300/391]	Step 1955	Loss 0.6231	Prec@(1,5) (79.0%, 98.7%)
05/25 10:16:29PM searchStage_trainer.py:249 [INFO] Valid: Epoch: [4][350/391]	Step 1955	Loss 0.6220	Prec@(1,5) (79.1%, 98.7%)
05/25 10:16:31PM searchStage_trainer.py:249 [INFO] Valid: Epoch: [4][390/391]	Step 1955	Loss 0.6188	Prec@(1,5) (79.3%, 98.7%)
05/25 10:16:31PM searchStage_trainer.py:260 [INFO] Valid: [  4/49] Final Prec@1 79.3200%
05/25 10:16:31PM searchStage_main.py:53 [INFO] DAG = Genotype2(DAG1=[[('avg_pool_3x3', 1), ('avg_pool_3x3', 0)], [('avg_pool_3x3', 2), ('avg_pool_3x3', 0)], [('avg_pool_3x3', 3), ('avg_pool_3x3', 2)], [('avg_pool_3x3', 4), ('max_pool_3x3', 3)], [('avg_pool_3x3', 5), ('max_pool_3x3', 4)], [('avg_pool_3x3', 6), ('avg_pool_3x3', 5)]], DAG1_concat=range(6, 8), DAG2=[[('avg_pool_3x3', 1), ('avg_pool_3x3', 0)], [('avg_pool_3x3', 2), ('avg_pool_3x3', 0)], [('avg_pool_3x3', 3), ('avg_pool_3x3', 2)], [('avg_pool_3x3', 4), ('max_pool_3x3', 3)], [('avg_pool_3x3', 5), ('max_pool_3x3', 4)], [('avg_pool_3x3', 6), ('avg_pool_3x3', 5)]], DAG2_concat=range(6, 8), DAG3=[[('avg_pool_3x3', 1), ('avg_pool_3x3', 0)], [('avg_pool_3x3', 2), ('avg_pool_3x3', 0)], [('avg_pool_3x3', 3), ('avg_pool_3x3', 2)], [('avg_pool_3x3', 4), ('max_pool_3x3', 3)], [('avg_pool_3x3', 5), ('max_pool_3x3', 4)], [('avg_pool_3x3', 6), ('avg_pool_3x3', 5)]], DAG3_concat=range(6, 8))
05/25 10:16:32PM searchStage_main.py:68 [INFO] Until now, best Prec@1 = 80.4120%
####### ALPHA #######
# Alpha - DAG
tensor([[0.2496, 0.2762, 0.2583, 0.2160],
        [0.2519, 0.2807, 0.2662, 0.2012]], device='cuda:0',
       grad_fn=<SoftmaxBackward0>)
tensor([[0.2637, 0.2735, 0.2662, 0.1966],
        [0.2577, 0.2700, 0.2662, 0.2062],
        [0.2660, 0.2875, 0.2209, 0.2256]], device='cuda:0',
       grad_fn=<SoftmaxBackward0>)
tensor([[0.2684, 0.2673, 0.2621, 0.2021],
        [0.2642, 0.2722, 0.2272, 0.2364],
        [0.2667, 0.2754, 0.2374, 0.2204]], device='cuda:0',
       grad_fn=<SoftmaxBackward0>)
tensor([[0.2611, 0.2652, 0.2409, 0.2328],
        [0.2647, 0.2636, 0.2344, 0.2373],
        [0.2594, 0.2695, 0.2435, 0.2276]], device='cuda:0',
       grad_fn=<SoftmaxBackward0>)
tensor([[0.2578, 0.2634, 0.2419, 0.2370],
        [0.2668, 0.2621, 0.2348, 0.2364],
        [0.2574, 0.2703, 0.2452, 0.2271]], device='cuda:0',
       grad_fn=<SoftmaxBackward0>)
tensor([[0.2516, 0.2595, 0.2484, 0.2406],
        [0.2526, 0.2619, 0.2552, 0.2303],
        [0.2550, 0.2618, 0.2386, 0.2446]], device='cuda:0',
       grad_fn=<SoftmaxBackward0>)
#####################
05/25 10:16:50PM searchShareStage_trainer.py:124 [INFO] Train: Epoch: [5][50/390]	Step 2005	lr 0.02441	Loss 0.4443 (0.3735)	Prec@(1,5) (87.4%, 99.6%)	
05/25 10:17:07PM searchShareStage_trainer.py:124 [INFO] Train: Epoch: [5][100/390]	Step 2055	lr 0.02441	Loss 0.4773 (0.3806)	Prec@(1,5) (86.9%, 99.6%)	
05/25 10:17:25PM searchShareStage_trainer.py:124 [INFO] Train: Epoch: [5][150/390]	Step 2105	lr 0.02441	Loss 0.3370 (0.3942)	Prec@(1,5) (86.5%, 99.6%)	
05/25 10:17:44PM searchShareStage_trainer.py:124 [INFO] Train: Epoch: [5][200/390]	Step 2155	lr 0.02441	Loss 0.4536 (0.4023)	Prec@(1,5) (86.3%, 99.5%)	
05/25 10:18:00PM searchShareStage_trainer.py:124 [INFO] Train: Epoch: [5][250/390]	Step 2205	lr 0.02441	Loss 0.3326 (0.4060)	Prec@(1,5) (86.2%, 99.5%)	
05/25 10:18:18PM searchShareStage_trainer.py:124 [INFO] Train: Epoch: [5][300/390]	Step 2255	lr 0.02441	Loss 0.3937 (0.4088)	Prec@(1,5) (86.1%, 99.5%)	
05/25 10:18:37PM searchShareStage_trainer.py:124 [INFO] Train: Epoch: [5][350/390]	Step 2305	lr 0.02441	Loss 0.3797 (0.4060)	Prec@(1,5) (86.2%, 99.5%)	
05/25 10:18:51PM searchShareStage_trainer.py:124 [INFO] Train: Epoch: [5][390/390]	Step 2345	lr 0.02441	Loss 0.2470 (0.4056)	Prec@(1,5) (86.2%, 99.5%)	
05/25 10:18:51PM searchShareStage_trainer.py:134 [INFO] Train: [  5/49] Final Prec@1 86.1760%
05/25 10:18:54PM searchStage_trainer.py:249 [INFO] Valid: Epoch: [5][50/391]	Step 2346	Loss 0.5963	Prec@(1,5) (80.7%, 98.4%)
05/25 10:18:57PM searchStage_trainer.py:249 [INFO] Valid: Epoch: [5][100/391]	Step 2346	Loss 0.5970	Prec@(1,5) (80.5%, 98.6%)
05/25 10:18:59PM searchStage_trainer.py:249 [INFO] Valid: Epoch: [5][150/391]	Step 2346	Loss 0.6041	Prec@(1,5) (80.2%, 98.6%)
05/25 10:19:02PM searchStage_trainer.py:249 [INFO] Valid: Epoch: [5][200/391]	Step 2346	Loss 0.6014	Prec@(1,5) (80.0%, 98.7%)
05/25 10:19:05PM searchStage_trainer.py:249 [INFO] Valid: Epoch: [5][250/391]	Step 2346	Loss 0.6078	Prec@(1,5) (79.9%, 98.7%)
05/25 10:19:08PM searchStage_trainer.py:249 [INFO] Valid: Epoch: [5][300/391]	Step 2346	Loss 0.6038	Prec@(1,5) (80.1%, 98.7%)
05/25 10:19:10PM searchStage_trainer.py:249 [INFO] Valid: Epoch: [5][350/391]	Step 2346	Loss 0.5987	Prec@(1,5) (80.3%, 98.7%)
05/25 10:19:13PM searchStage_trainer.py:249 [INFO] Valid: Epoch: [5][390/391]	Step 2346	Loss 0.6025	Prec@(1,5) (80.1%, 98.7%)
05/25 10:19:13PM searchStage_trainer.py:260 [INFO] Valid: [  5/49] Final Prec@1 80.0760%
05/25 10:19:13PM searchStage_main.py:53 [INFO] DAG = Genotype2(DAG1=[[('avg_pool_3x3', 1), ('avg_pool_3x3', 0)], [('avg_pool_3x3', 2), ('avg_pool_3x3', 0)], [('avg_pool_3x3', 3), ('avg_pool_3x3', 2)], [('avg_pool_3x3', 4), ('max_pool_3x3', 3)], [('avg_pool_3x3', 5), ('max_pool_3x3', 4)], [('avg_pool_3x3', 6), ('avg_pool_3x3', 5)]], DAG1_concat=range(6, 8), DAG2=[[('avg_pool_3x3', 1), ('avg_pool_3x3', 0)], [('avg_pool_3x3', 2), ('avg_pool_3x3', 0)], [('avg_pool_3x3', 3), ('avg_pool_3x3', 2)], [('avg_pool_3x3', 4), ('max_pool_3x3', 3)], [('avg_pool_3x3', 5), ('max_pool_3x3', 4)], [('avg_pool_3x3', 6), ('avg_pool_3x3', 5)]], DAG2_concat=range(6, 8), DAG3=[[('avg_pool_3x3', 1), ('avg_pool_3x3', 0)], [('avg_pool_3x3', 2), ('avg_pool_3x3', 0)], [('avg_pool_3x3', 3), ('avg_pool_3x3', 2)], [('avg_pool_3x3', 4), ('max_pool_3x3', 3)], [('avg_pool_3x3', 5), ('max_pool_3x3', 4)], [('avg_pool_3x3', 6), ('avg_pool_3x3', 5)]], DAG3_concat=range(6, 8))
05/25 10:19:13PM searchStage_main.py:68 [INFO] Until now, best Prec@1 = 80.4120%
####### ALPHA #######
# Alpha - DAG
tensor([[0.2496, 0.2761, 0.2583, 0.2160],
        [0.2519, 0.2807, 0.2662, 0.2012]], device='cuda:0',
       grad_fn=<SoftmaxBackward0>)
tensor([[0.2637, 0.2735, 0.2662, 0.1966],
        [0.2577, 0.2699, 0.2662, 0.2062],
        [0.2660, 0.2875, 0.2209, 0.2257]], device='cuda:0',
       grad_fn=<SoftmaxBackward0>)
tensor([[0.2684, 0.2673, 0.2622, 0.2022],
        [0.2642, 0.2722, 0.2272, 0.2364],
        [0.2667, 0.2754, 0.2375, 0.2205]], device='cuda:0',
       grad_fn=<SoftmaxBackward0>)
tensor([[0.2611, 0.2652, 0.2409, 0.2328],
        [0.2646, 0.2636, 0.2344, 0.2373],
        [0.2594, 0.2695, 0.2435, 0.2276]], device='cuda:0',
       grad_fn=<SoftmaxBackward0>)
tensor([[0.2578, 0.2634, 0.2419, 0.2370],
        [0.2668, 0.2620, 0.2348, 0.2364],
        [0.2574, 0.2703, 0.2452, 0.2272]], device='cuda:0',
       grad_fn=<SoftmaxBackward0>)
tensor([[0.2516, 0.2594, 0.2484, 0.2406],
        [0.2526, 0.2619, 0.2552, 0.2304],
        [0.2550, 0.2618, 0.2386, 0.2446]], device='cuda:0',
       grad_fn=<SoftmaxBackward0>)
#####################
05/25 10:19:32PM searchShareStage_trainer.py:124 [INFO] Train: Epoch: [6][50/390]	Step 2396	lr 0.02416	Loss 0.4807 (0.3721)	Prec@(1,5) (87.2%, 99.7%)	
05/25 10:19:50PM searchShareStage_trainer.py:124 [INFO] Train: Epoch: [6][100/390]	Step 2446	lr 0.02416	Loss 0.1227 (0.3594)	Prec@(1,5) (87.6%, 99.7%)	
05/25 10:20:06PM searchShareStage_trainer.py:124 [INFO] Train: Epoch: [6][150/390]	Step 2496	lr 0.02416	Loss 0.2405 (0.3697)	Prec@(1,5) (87.1%, 99.7%)	
05/25 10:20:24PM searchShareStage_trainer.py:124 [INFO] Train: Epoch: [6][200/390]	Step 2546	lr 0.02416	Loss 0.3140 (0.3804)	Prec@(1,5) (86.6%, 99.6%)	
05/25 10:20:42PM searchShareStage_trainer.py:124 [INFO] Train: Epoch: [6][250/390]	Step 2596	lr 0.02416	Loss 0.4635 (0.3876)	Prec@(1,5) (86.4%, 99.7%)	
05/25 10:21:00PM searchShareStage_trainer.py:124 [INFO] Train: Epoch: [6][300/390]	Step 2646	lr 0.02416	Loss 0.7244 (0.3940)	Prec@(1,5) (86.2%, 99.6%)	
05/25 10:21:16PM searchShareStage_trainer.py:124 [INFO] Train: Epoch: [6][350/390]	Step 2696	lr 0.02416	Loss 0.5129 (0.3947)	Prec@(1,5) (86.1%, 99.6%)	
05/25 10:21:31PM searchShareStage_trainer.py:124 [INFO] Train: Epoch: [6][390/390]	Step 2736	lr 0.02416	Loss 0.2838 (0.3961)	Prec@(1,5) (86.1%, 99.6%)	
05/25 10:21:31PM searchShareStage_trainer.py:134 [INFO] Train: [  6/49] Final Prec@1 86.1080%
05/25 10:21:34PM searchStage_trainer.py:249 [INFO] Valid: Epoch: [6][50/391]	Step 2737	Loss 0.6909	Prec@(1,5) (79.0%, 98.5%)
05/25 10:21:37PM searchStage_trainer.py:249 [INFO] Valid: Epoch: [6][100/391]	Step 2737	Loss 0.6886	Prec@(1,5) (78.4%, 98.4%)
05/25 10:21:41PM searchStage_trainer.py:249 [INFO] Valid: Epoch: [6][150/391]	Step 2737	Loss 0.6908	Prec@(1,5) (78.4%, 98.2%)
05/25 10:21:44PM searchStage_trainer.py:249 [INFO] Valid: Epoch: [6][200/391]	Step 2737	Loss 0.6792	Prec@(1,5) (78.9%, 98.2%)
05/25 10:21:47PM searchStage_trainer.py:249 [INFO] Valid: Epoch: [6][250/391]	Step 2737	Loss 0.6845	Prec@(1,5) (78.5%, 98.2%)
05/25 10:21:49PM searchStage_trainer.py:249 [INFO] Valid: Epoch: [6][300/391]	Step 2737	Loss 0.6832	Prec@(1,5) (78.5%, 98.3%)
05/25 10:21:52PM searchStage_trainer.py:249 [INFO] Valid: Epoch: [6][350/391]	Step 2737	Loss 0.6878	Prec@(1,5) (78.3%, 98.2%)
05/25 10:21:55PM searchStage_trainer.py:249 [INFO] Valid: Epoch: [6][390/391]	Step 2737	Loss 0.6902	Prec@(1,5) (78.3%, 98.2%)
05/25 10:21:55PM searchStage_trainer.py:260 [INFO] Valid: [  6/49] Final Prec@1 78.2760%
05/25 10:21:55PM searchStage_main.py:53 [INFO] DAG = Genotype2(DAG1=[[('avg_pool_3x3', 1), ('avg_pool_3x3', 0)], [('avg_pool_3x3', 2), ('avg_pool_3x3', 0)], [('avg_pool_3x3', 3), ('avg_pool_3x3', 2)], [('avg_pool_3x3', 4), ('max_pool_3x3', 3)], [('avg_pool_3x3', 5), ('max_pool_3x3', 4)], [('avg_pool_3x3', 6), ('avg_pool_3x3', 5)]], DAG1_concat=range(6, 8), DAG2=[[('avg_pool_3x3', 1), ('avg_pool_3x3', 0)], [('avg_pool_3x3', 2), ('avg_pool_3x3', 0)], [('avg_pool_3x3', 3), ('avg_pool_3x3', 2)], [('avg_pool_3x3', 4), ('max_pool_3x3', 3)], [('avg_pool_3x3', 5), ('max_pool_3x3', 4)], [('avg_pool_3x3', 6), ('avg_pool_3x3', 5)]], DAG2_concat=range(6, 8), DAG3=[[('avg_pool_3x3', 1), ('avg_pool_3x3', 0)], [('avg_pool_3x3', 2), ('avg_pool_3x3', 0)], [('avg_pool_3x3', 3), ('avg_pool_3x3', 2)], [('avg_pool_3x3', 4), ('max_pool_3x3', 3)], [('avg_pool_3x3', 5), ('max_pool_3x3', 4)], [('avg_pool_3x3', 6), ('avg_pool_3x3', 5)]], DAG3_concat=range(6, 8))
05/25 10:21:55PM searchStage_main.py:68 [INFO] Until now, best Prec@1 = 80.4120%
####### ALPHA #######
# Alpha - DAG
tensor([[0.2496, 0.2761, 0.2583, 0.2160],
        [0.2519, 0.2807, 0.2662, 0.2012]], device='cuda:0',
       grad_fn=<SoftmaxBackward0>)
tensor([[0.2637, 0.2735, 0.2662, 0.1966],
        [0.2577, 0.2699, 0.2662, 0.2062],
        [0.2660, 0.2874, 0.2209, 0.2257]], device='cuda:0',
       grad_fn=<SoftmaxBackward0>)
tensor([[0.2684, 0.2672, 0.2622, 0.2022],
        [0.2642, 0.2722, 0.2272, 0.2364],
        [0.2667, 0.2754, 0.2375, 0.2205]], device='cuda:0',
       grad_fn=<SoftmaxBackward0>)
tensor([[0.2611, 0.2652, 0.2409, 0.2328],
        [0.2646, 0.2635, 0.2345, 0.2374],
        [0.2594, 0.2695, 0.2435, 0.2276]], device='cuda:0',
       grad_fn=<SoftmaxBackward0>)
tensor([[0.2578, 0.2634, 0.2419, 0.2370],
        [0.2667, 0.2620, 0.2348, 0.2365],
        [0.2574, 0.2703, 0.2452, 0.2272]], device='cuda:0',
       grad_fn=<SoftmaxBackward0>)
tensor([[0.2516, 0.2594, 0.2484, 0.2406],
        [0.2526, 0.2618, 0.2552, 0.2304],
        [0.2549, 0.2618, 0.2387, 0.2446]], device='cuda:0',
       grad_fn=<SoftmaxBackward0>)
#####################
05/25 10:22:12PM searchShareStage_trainer.py:124 [INFO] Train: Epoch: [7][50/390]	Step 2787	lr 0.02386	Loss 0.3752 (0.3787)	Prec@(1,5) (86.7%, 99.8%)	
05/25 10:22:30PM searchShareStage_trainer.py:124 [INFO] Train: Epoch: [7][100/390]	Step 2837	lr 0.02386	Loss 0.4215 (0.3697)	Prec@(1,5) (86.9%, 99.8%)	
05/25 10:22:48PM searchShareStage_trainer.py:124 [INFO] Train: Epoch: [7][150/390]	Step 2887	lr 0.02386	Loss 0.3357 (0.3724)	Prec@(1,5) (86.6%, 99.8%)	
05/25 10:23:06PM searchShareStage_trainer.py:124 [INFO] Train: Epoch: [7][200/390]	Step 2937	lr 0.02386	Loss 0.4425 (0.3709)	Prec@(1,5) (86.6%, 99.8%)	
05/25 10:23:23PM searchShareStage_trainer.py:124 [INFO] Train: Epoch: [7][250/390]	Step 2987	lr 0.02386	Loss 0.4349 (0.3717)	Prec@(1,5) (86.7%, 99.8%)	
05/25 10:23:42PM searchShareStage_trainer.py:124 [INFO] Train: Epoch: [7][300/390]	Step 3037	lr 0.02386	Loss 0.5010 (0.3750)	Prec@(1,5) (86.7%, 99.7%)	
05/25 10:24:00PM searchShareStage_trainer.py:124 [INFO] Train: Epoch: [7][350/390]	Step 3087	lr 0.02386	Loss 0.4363 (0.3806)	Prec@(1,5) (86.5%, 99.7%)	
05/25 10:24:13PM searchShareStage_trainer.py:124 [INFO] Train: Epoch: [7][390/390]	Step 3127	lr 0.02386	Loss 0.3001 (0.3791)	Prec@(1,5) (86.5%, 99.7%)	
05/25 10:24:13PM searchShareStage_trainer.py:134 [INFO] Train: [  7/49] Final Prec@1 86.5000%
05/25 10:24:16PM searchStage_trainer.py:249 [INFO] Valid: Epoch: [7][50/391]	Step 3128	Loss 0.6231	Prec@(1,5) (79.5%, 98.6%)
05/25 10:24:19PM searchStage_trainer.py:249 [INFO] Valid: Epoch: [7][100/391]	Step 3128	Loss 0.6235	Prec@(1,5) (79.5%, 98.7%)
05/25 10:24:22PM searchStage_trainer.py:249 [INFO] Valid: Epoch: [7][150/391]	Step 3128	Loss 0.6126	Prec@(1,5) (80.0%, 98.7%)
05/25 10:24:25PM searchStage_trainer.py:249 [INFO] Valid: Epoch: [7][200/391]	Step 3128	Loss 0.6125	Prec@(1,5) (80.0%, 98.8%)
05/25 10:24:28PM searchStage_trainer.py:249 [INFO] Valid: Epoch: [7][250/391]	Step 3128	Loss 0.6159	Prec@(1,5) (79.9%, 98.8%)
05/25 10:24:31PM searchStage_trainer.py:249 [INFO] Valid: Epoch: [7][300/391]	Step 3128	Loss 0.6172	Prec@(1,5) (79.9%, 98.8%)
05/25 10:24:34PM searchStage_trainer.py:249 [INFO] Valid: Epoch: [7][350/391]	Step 3128	Loss 0.6183	Prec@(1,5) (80.0%, 98.7%)
05/25 10:24:36PM searchStage_trainer.py:249 [INFO] Valid: Epoch: [7][390/391]	Step 3128	Loss 0.6149	Prec@(1,5) (80.0%, 98.8%)
05/25 10:24:37PM searchStage_trainer.py:260 [INFO] Valid: [  7/49] Final Prec@1 79.9600%
05/25 10:24:37PM searchStage_main.py:53 [INFO] DAG = Genotype2(DAG1=[[('avg_pool_3x3', 1), ('avg_pool_3x3', 0)], [('avg_pool_3x3', 2), ('avg_pool_3x3', 0)], [('avg_pool_3x3', 3), ('avg_pool_3x3', 2)], [('avg_pool_3x3', 4), ('max_pool_3x3', 3)], [('avg_pool_3x3', 5), ('max_pool_3x3', 4)], [('avg_pool_3x3', 6), ('avg_pool_3x3', 5)]], DAG1_concat=range(6, 8), DAG2=[[('avg_pool_3x3', 1), ('avg_pool_3x3', 0)], [('avg_pool_3x3', 2), ('avg_pool_3x3', 0)], [('avg_pool_3x3', 3), ('avg_pool_3x3', 2)], [('avg_pool_3x3', 4), ('max_pool_3x3', 3)], [('avg_pool_3x3', 5), ('max_pool_3x3', 4)], [('avg_pool_3x3', 6), ('avg_pool_3x3', 5)]], DAG2_concat=range(6, 8), DAG3=[[('avg_pool_3x3', 1), ('avg_pool_3x3', 0)], [('avg_pool_3x3', 2), ('avg_pool_3x3', 0)], [('avg_pool_3x3', 3), ('avg_pool_3x3', 2)], [('avg_pool_3x3', 4), ('max_pool_3x3', 3)], [('avg_pool_3x3', 5), ('max_pool_3x3', 4)], [('avg_pool_3x3', 6), ('avg_pool_3x3', 5)]], DAG3_concat=range(6, 8))
05/25 10:24:37PM searchStage_main.py:68 [INFO] Until now, best Prec@1 = 80.4120%
####### ALPHA #######
# Alpha - DAG
tensor([[0.2496, 0.2761, 0.2583, 0.2160],
        [0.2519, 0.2807, 0.2662, 0.2012]], device='cuda:0',
       grad_fn=<SoftmaxBackward0>)
tensor([[0.2637, 0.2734, 0.2662, 0.1966],
        [0.2577, 0.2699, 0.2663, 0.2062],
        [0.2660, 0.2874, 0.2209, 0.2257]], device='cuda:0',
       grad_fn=<SoftmaxBackward0>)
tensor([[0.2684, 0.2673, 0.2622, 0.2022],
        [0.2642, 0.2722, 0.2272, 0.2364],
        [0.2667, 0.2754, 0.2375, 0.2205]], device='cuda:0',
       grad_fn=<SoftmaxBackward0>)
tensor([[0.2611, 0.2651, 0.2409, 0.2329],
        [0.2646, 0.2634, 0.2345, 0.2374],
        [0.2594, 0.2695, 0.2434, 0.2277]], device='cuda:0',
       grad_fn=<SoftmaxBackward0>)
tensor([[0.2577, 0.2634, 0.2419, 0.2370],
        [0.2667, 0.2620, 0.2348, 0.2365],
        [0.2573, 0.2702, 0.2451, 0.2273]], device='cuda:0',
       grad_fn=<SoftmaxBackward0>)
tensor([[0.2516, 0.2594, 0.2484, 0.2406],
        [0.2525, 0.2618, 0.2552, 0.2305],
        [0.2549, 0.2617, 0.2387, 0.2447]], device='cuda:0',
       grad_fn=<SoftmaxBackward0>)
#####################
05/25 10:24:55PM searchShareStage_trainer.py:124 [INFO] Train: Epoch: [8][50/390]	Step 3178	lr 0.02352	Loss 0.2769 (0.3511)	Prec@(1,5) (88.3%, 99.7%)	
