05/31 12:22:12AM parser.py:28 [INFO] 
05/31 12:22:12AM parser.py:29 [INFO] Parameters:
05/31 12:22:12AM parser.py:31 [INFO] DAG_PATH=results/search_Stage/CIFAR10/SCRATCH_PCDARTS_STAGESPEC/EXP-20240531-002212/DAG
05/31 12:22:12AM parser.py:31 [INFO] ALPHA_LR=0.0003
05/31 12:22:12AM parser.py:31 [INFO] ALPHA_WEIGHT_DECAY=0.001
05/31 12:22:12AM parser.py:31 [INFO] BATCH_SIZE=64
05/31 12:22:12AM parser.py:31 [INFO] CHECKPOINT_RESET=False
05/31 12:22:12AM parser.py:31 [INFO] DATA_PATH=../data/
05/31 12:22:12AM parser.py:31 [INFO] DATASET=CIFAR10
05/31 12:22:12AM parser.py:31 [INFO] EPOCHS=50
05/31 12:22:12AM parser.py:31 [INFO] EXP_NAME=EXP-20240531-002212
05/31 12:22:12AM parser.py:31 [INFO] GENOTYPE=Genotype(normal=[[('sep_conv_3x3', 0), ('skip_connect', 1)], [('skip_connect', 1), ('dil_conv_3x3', 2)], [('sep_conv_3x3', 1), ('dil_conv_3x3', 3)], [('sep_conv_3x3', 1), ('sep_conv_5x5', 4)]], normal_concat=range(2, 6), reduce=[[('sep_conv_3x3', 0), ('sep_conv_3x3', 1)], [('none', 1), ('avg_pool_3x3', 2)], [('skip_connect', 2), ('sep_conv_5x5', 3)], [('none', 3), ('avg_pool_3x3', 4)]], reduce_concat=range(2, 6))
05/31 12:22:12AM parser.py:31 [INFO] GPUS=[0]
05/31 12:22:12AM parser.py:31 [INFO] INIT_CHANNELS=16
05/31 12:22:12AM parser.py:31 [INFO] LAYERS=20
05/31 12:22:12AM parser.py:31 [INFO] LOCAL_RANK=0
05/31 12:22:12AM parser.py:31 [INFO] LOGGER=<Logger H-DAS (INFO)>
05/31 12:22:12AM parser.py:31 [INFO] NAME=SCRATCH_PCDARTS_STAGESPEC
05/31 12:22:12AM parser.py:31 [INFO] PATH=results/search_Stage/CIFAR10/SCRATCH_PCDARTS_STAGESPEC/EXP-20240531-002212
05/31 12:22:12AM parser.py:31 [INFO] PRINT_FREQ=50
05/31 12:22:12AM parser.py:31 [INFO] RESUME_PATH=None
05/31 12:22:12AM parser.py:31 [INFO] SAVE=EXP
05/31 12:22:12AM parser.py:31 [INFO] SEED=3
05/31 12:22:12AM parser.py:31 [INFO] SHARE_STAGE=False
05/31 12:22:12AM parser.py:31 [INFO] SPEC_CELL=False
05/31 12:22:12AM parser.py:31 [INFO] TRAIN_PORTION=0.5
05/31 12:22:12AM parser.py:31 [INFO] W_GRAD_CLIP=5.0
05/31 12:22:12AM parser.py:31 [INFO] W_LR=0.025
05/31 12:22:12AM parser.py:31 [INFO] W_LR_MIN=0.001
05/31 12:22:12AM parser.py:31 [INFO] W_MOMENTUM=0.9
05/31 12:22:12AM parser.py:31 [INFO] W_WEIGHT_DECAY=0.0003
05/31 12:22:12AM parser.py:31 [INFO] WORKERS=4
05/31 12:22:12AM parser.py:32 [INFO] 
05/31 12:22:14AM searchStage_trainer.py:103 [INFO] --> No loaded checkpoint!
####### ALPHA #######
# Alpha - DAG
tensor([[0.2502, 0.2500, 0.2500, 0.2498],
        [0.2500, 0.2497, 0.2501, 0.2503]], device='cuda:0',
       grad_fn=<SoftmaxBackward0>)
tensor([[0.2496, 0.2502, 0.2500, 0.2502],
        [0.2498, 0.2501, 0.2501, 0.2500],
        [0.2501, 0.2501, 0.2500, 0.2498]], device='cuda:0',
       grad_fn=<SoftmaxBackward0>)
tensor([[0.2499, 0.2498, 0.2502, 0.2501],
        [0.2500, 0.2501, 0.2498, 0.2502],
        [0.2498, 0.2500, 0.2502, 0.2501]], device='cuda:0',
       grad_fn=<SoftmaxBackward0>)
tensor([[0.2499, 0.2498, 0.2501, 0.2502],
        [0.2501, 0.2503, 0.2495, 0.2501],
        [0.2499, 0.2500, 0.2498, 0.2503]], device='cuda:0',
       grad_fn=<SoftmaxBackward0>)
tensor([[0.2500, 0.2503, 0.2499, 0.2498],
        [0.2500, 0.2502, 0.2500, 0.2498],
        [0.2501, 0.2497, 0.2498, 0.2504]], device='cuda:0',
       grad_fn=<SoftmaxBackward0>)
tensor([[0.2498, 0.2502, 0.2498, 0.2502],
        [0.2500, 0.2501, 0.2500, 0.2499],
        [0.2496, 0.2500, 0.2506, 0.2497]], device='cuda:0',
       grad_fn=<SoftmaxBackward0>)
tensor([[0.2501, 0.2498, 0.2501, 0.2501],
        [0.2497, 0.2497, 0.2504, 0.2502]], device='cuda:0',
       grad_fn=<SoftmaxBackward0>)
tensor([[0.2499, 0.2499, 0.2501, 0.2501],
        [0.2502, 0.2501, 0.2499, 0.2498],
        [0.2500, 0.2499, 0.2499, 0.2502]], device='cuda:0',
       grad_fn=<SoftmaxBackward0>)
tensor([[0.2504, 0.2499, 0.2497, 0.2500],
        [0.2499, 0.2499, 0.2498, 0.2504],
        [0.2500, 0.2498, 0.2500, 0.2502]], device='cuda:0',
       grad_fn=<SoftmaxBackward0>)
tensor([[0.2501, 0.2503, 0.2497, 0.2500],
        [0.2501, 0.2498, 0.2502, 0.2499],
        [0.2500, 0.2501, 0.2498, 0.2501]], device='cuda:0',
       grad_fn=<SoftmaxBackward0>)
tensor([[0.2496, 0.2504, 0.2502, 0.2498],
        [0.2501, 0.2499, 0.2500, 0.2500],
        [0.2503, 0.2499, 0.2496, 0.2502]], device='cuda:0',
       grad_fn=<SoftmaxBackward0>)
tensor([[0.2502, 0.2498, 0.2504, 0.2496],
        [0.2500, 0.2500, 0.2501, 0.2499],
        [0.2499, 0.2500, 0.2500, 0.2501]], device='cuda:0',
       grad_fn=<SoftmaxBackward0>)
tensor([[0.2501, 0.2501, 0.2500, 0.2498],
        [0.2501, 0.2498, 0.2502, 0.2499]], device='cuda:0',
       grad_fn=<SoftmaxBackward0>)
tensor([[0.2498, 0.2501, 0.2500, 0.2501],
        [0.2500, 0.2503, 0.2499, 0.2498],
        [0.2497, 0.2501, 0.2500, 0.2502]], device='cuda:0',
       grad_fn=<SoftmaxBackward0>)
tensor([[0.2502, 0.2501, 0.2500, 0.2497],
        [0.2496, 0.2501, 0.2501, 0.2502],
        [0.2501, 0.2497, 0.2500, 0.2503]], device='cuda:0',
       grad_fn=<SoftmaxBackward0>)
tensor([[0.2499, 0.2502, 0.2498, 0.2501],
        [0.2502, 0.2500, 0.2501, 0.2496],
        [0.2500, 0.2498, 0.2501, 0.2501]], device='cuda:0',
       grad_fn=<SoftmaxBackward0>)
tensor([[0.2502, 0.2500, 0.2499, 0.2498],
        [0.2497, 0.2497, 0.2502, 0.2505],
        [0.2503, 0.2503, 0.2497, 0.2497]], device='cuda:0',
       grad_fn=<SoftmaxBackward0>)
tensor([[0.2503, 0.2498, 0.2502, 0.2497],
        [0.2502, 0.2497, 0.2501, 0.2500],
        [0.2498, 0.2503, 0.2497, 0.2502]], device='cuda:0',
       grad_fn=<SoftmaxBackward0>)
#####################
05/31 12:22:31AM searchStage_trainer.py:211 [INFO] Train: Epoch: [0][50/390]	Step 50	lr 0.025	Loss 2.2707 (2.2749)	Prec@(1,5) (15.4%, 64.9%)	
05/31 12:22:46AM searchStage_trainer.py:211 [INFO] Train: Epoch: [0][100/390]	Step 100	lr 0.025	Loss 2.2055 (2.3009)	Prec@(1,5) (16.9%, 68.2%)	
05/31 12:23:02AM searchStage_trainer.py:211 [INFO] Train: Epoch: [0][150/390]	Step 150	lr 0.025	Loss 2.0928 (2.2754)	Prec@(1,5) (18.2%, 69.8%)	
05/31 12:23:18AM searchStage_trainer.py:211 [INFO] Train: Epoch: [0][200/390]	Step 200	lr 0.025	Loss 1.9253 (2.2071)	Prec@(1,5) (19.7%, 72.8%)	
05/31 12:23:33AM searchStage_trainer.py:211 [INFO] Train: Epoch: [0][250/390]	Step 250	lr 0.025	Loss 2.0327 (2.1517)	Prec@(1,5) (21.1%, 74.8%)	
05/31 12:23:49AM searchStage_trainer.py:211 [INFO] Train: Epoch: [0][300/390]	Step 300	lr 0.025	Loss 1.8091 (2.1076)	Prec@(1,5) (22.3%, 76.5%)	
05/31 12:24:04AM searchStage_trainer.py:211 [INFO] Train: Epoch: [0][350/390]	Step 350	lr 0.025	Loss 1.7867 (2.0693)	Prec@(1,5) (23.6%, 77.8%)	
05/31 12:24:16AM searchStage_trainer.py:211 [INFO] Train: Epoch: [0][390/390]	Step 390	lr 0.025	Loss 1.9581 (2.0437)	Prec@(1,5) (24.2%, 78.6%)	
05/31 12:24:17AM searchStage_trainer.py:221 [INFO] Train: [  0/49] Final Prec@1 24.2360%
05/31 12:24:20AM searchStage_trainer.py:249 [INFO] Valid: Epoch: [0][50/391]	Step 391	Loss 1.9254	Prec@(1,5) (28.7%, 83.5%)
05/31 12:24:22AM searchStage_trainer.py:249 [INFO] Valid: Epoch: [0][100/391]	Step 391	Loss 1.8983	Prec@(1,5) (29.3%, 84.0%)
05/31 12:24:24AM searchStage_trainer.py:249 [INFO] Valid: Epoch: [0][150/391]	Step 391	Loss 1.8988	Prec@(1,5) (29.7%, 83.7%)
05/31 12:24:27AM searchStage_trainer.py:249 [INFO] Valid: Epoch: [0][200/391]	Step 391	Loss 1.8988	Prec@(1,5) (29.7%, 83.9%)
05/31 12:24:29AM searchStage_trainer.py:249 [INFO] Valid: Epoch: [0][250/391]	Step 391	Loss 1.9020	Prec@(1,5) (29.7%, 83.8%)
05/31 12:24:31AM searchStage_trainer.py:249 [INFO] Valid: Epoch: [0][300/391]	Step 391	Loss 1.8959	Prec@(1,5) (30.0%, 83.9%)
05/31 12:24:33AM searchStage_trainer.py:249 [INFO] Valid: Epoch: [0][350/391]	Step 391	Loss 1.8953	Prec@(1,5) (30.2%, 83.9%)
05/31 12:24:35AM searchStage_trainer.py:249 [INFO] Valid: Epoch: [0][390/391]	Step 391	Loss 1.8971	Prec@(1,5) (30.2%, 83.8%)
05/31 12:24:35AM searchStage_trainer.py:260 [INFO] Valid: [  0/49] Final Prec@1 30.2120%
05/31 12:24:35AM searchStage_main.py:59 [INFO] DAG = Genotype2(DAG1=[[('avg_pool_3x3', 1), ('avg_pool_3x3', 0)], [('avg_pool_3x3', 2), ('avg_pool_3x3', 0)], [('avg_pool_3x3', 2), ('avg_pool_3x3', 3)], [('avg_pool_3x3', 4), ('avg_pool_3x3', 2)], [('avg_pool_3x3', 4), ('avg_pool_3x3', 3)], [('avg_pool_3x3', 6), ('avg_pool_3x3', 4)]], DAG1_concat=range(6, 8), DAG2=[[('skip_connect', 1), ('skip_connect', 0)], [('avg_pool_3x3', 2), ('avg_pool_3x3', 0)], [('max_pool_3x3', 2), ('avg_pool_3x3', 3)], [('max_pool_3x3', 4), ('avg_pool_3x3', 2)], [('avg_pool_3x3', 4), ('avg_pool_3x3', 3)], [('max_pool_3x3', 4), ('avg_pool_3x3', 6)]], DAG2_concat=range(6, 8), DAG3=[[('skip_connect', 0), ('skip_connect', 1)], [('avg_pool_3x3', 2), ('avg_pool_3x3', 0)], [('skip_connect', 3), ('skip_connect', 2)], [('max_pool_3x3', 3), ('max_pool_3x3', 2)], [('skip_connect', 3), ('avg_pool_3x3', 5)], [('skip_connect', 6), ('skip_connect', 5)]], DAG3_concat=range(6, 8))
05/31 12:24:36AM searchStage_main.py:79 [INFO] Until now, best Prec@1 = 30.2120%
####### ALPHA #######
# Alpha - DAG
tensor([[0.2493, 0.2532, 0.2511, 0.2463],
        [0.2471, 0.2559, 0.2500, 0.2469]], device='cuda:0',
       grad_fn=<SoftmaxBackward0>)
tensor([[0.2502, 0.2540, 0.2508, 0.2450],
        [0.2495, 0.2539, 0.2523, 0.2444],
        [0.2487, 0.2588, 0.2472, 0.2453]], device='cuda:0',
       grad_fn=<SoftmaxBackward0>)
tensor([[0.2537, 0.2524, 0.2497, 0.2442],
        [0.2524, 0.2593, 0.2437, 0.2445],
        [0.2517, 0.2588, 0.2456, 0.2440]], device='cuda:0',
       grad_fn=<SoftmaxBackward0>)
tensor([[0.2516, 0.2570, 0.2465, 0.2449],
        [0.2516, 0.2584, 0.2430, 0.2470],
        [0.2503, 0.2591, 0.2471, 0.2435]], device='cuda:0',
       grad_fn=<SoftmaxBackward0>)
tensor([[0.2527, 0.2554, 0.2469, 0.2450],
        [0.2532, 0.2570, 0.2462, 0.2436],
        [0.2558, 0.2543, 0.2439, 0.2460]], device='cuda:0',
       grad_fn=<SoftmaxBackward0>)
tensor([[0.2529, 0.2558, 0.2451, 0.2462],
        [0.2521, 0.2546, 0.2461, 0.2472],
        [0.2530, 0.2556, 0.2453, 0.2461]], device='cuda:0',
       grad_fn=<SoftmaxBackward0>)
tensor([[0.2485, 0.2504, 0.2512, 0.2499],
        [0.2480, 0.2509, 0.2519, 0.2492]], device='cuda:0',
       grad_fn=<SoftmaxBackward0>)
tensor([[0.2509, 0.2510, 0.2507, 0.2473],
        [0.2500, 0.2493, 0.2506, 0.2502],
        [0.2498, 0.2512, 0.2499, 0.2491]], device='cuda:0',
       grad_fn=<SoftmaxBackward0>)
tensor([[0.2505, 0.2509, 0.2502, 0.2484],
        [0.2514, 0.2506, 0.2483, 0.2497],
        [0.2508, 0.2510, 0.2486, 0.2495]], device='cuda:0',
       grad_fn=<SoftmaxBackward0>)
tensor([[0.2505, 0.2509, 0.2496, 0.2491],
        [0.2505, 0.2501, 0.2504, 0.2490],
        [0.2509, 0.2507, 0.2484, 0.2500]], device='cuda:0',
       grad_fn=<SoftmaxBackward0>)
tensor([[0.2495, 0.2516, 0.2496, 0.2493],
        [0.2500, 0.2511, 0.2490, 0.2498],
        [0.2502, 0.2507, 0.2499, 0.2493]], device='cuda:0',
       grad_fn=<SoftmaxBackward0>)
tensor([[0.2509, 0.2505, 0.2499, 0.2486],
        [0.2506, 0.2502, 0.2490, 0.2503],
        [0.2503, 0.2506, 0.2495, 0.2497]], device='cuda:0',
       grad_fn=<SoftmaxBackward0>)
tensor([[0.2498, 0.2498, 0.2504, 0.2500],
        [0.2501, 0.2502, 0.2503, 0.2495]], device='cuda:0',
       grad_fn=<SoftmaxBackward0>)
tensor([[0.2495, 0.2506, 0.2505, 0.2495],
        [0.2496, 0.2505, 0.2501, 0.2498],
        [0.2493, 0.2501, 0.2500, 0.2505]], device='cuda:0',
       grad_fn=<SoftmaxBackward0>)
tensor([[0.2503, 0.2499, 0.2502, 0.2496],
        [0.2496, 0.2498, 0.2504, 0.2503],
        [0.2498, 0.2497, 0.2504, 0.2501]], device='cuda:0',
       grad_fn=<SoftmaxBackward0>)
tensor([[0.2505, 0.2499, 0.2494, 0.2502],
        [0.2507, 0.2500, 0.2502, 0.2491],
        [0.2500, 0.2494, 0.2499, 0.2506]], device='cuda:0',
       grad_fn=<SoftmaxBackward0>)
tensor([[0.2477, 0.2511, 0.2520, 0.2492],
        [0.2482, 0.2500, 0.2510, 0.2508],
        [0.2483, 0.2512, 0.2507, 0.2499]], device='cuda:0',
       grad_fn=<SoftmaxBackward0>)
tensor([[0.2503, 0.2493, 0.2502, 0.2501],
        [0.2496, 0.2498, 0.2506, 0.2501],
        [0.2486, 0.2506, 0.2510, 0.2497]], device='cuda:0',
       grad_fn=<SoftmaxBackward0>)
#####################
05/31 12:24:53午前 searchStage_trainer.py:211 [INFO] Train: Epoch: [1][50/390]	Step 441	lr 0.02498	Loss 2.1170 (1.7739)	Prec@(1,5) (32.4%, 86.2%)	
05/31 12:25:09午前 searchStage_trainer.py:211 [INFO] Train: Epoch: [1][100/390]	Step 491	lr 0.02498	Loss 1.4618 (1.7563)	Prec@(1,5) (34.0%, 86.8%)	
05/31 12:25:26午前 searchStage_trainer.py:211 [INFO] Train: Epoch: [1][150/390]	Step 541	lr 0.02498	Loss 1.6571 (1.7344)	Prec@(1,5) (34.9%, 87.1%)	
05/31 12:25:42午前 searchStage_trainer.py:211 [INFO] Train: Epoch: [1][200/390]	Step 591	lr 0.02498	Loss 1.5681 (1.7366)	Prec@(1,5) (34.8%, 87.0%)	
05/31 12:25:58午前 searchStage_trainer.py:211 [INFO] Train: Epoch: [1][250/390]	Step 641	lr 0.02498	Loss 1.4197 (1.7298)	Prec@(1,5) (35.1%, 87.3%)	
05/31 12:26:14午前 searchStage_trainer.py:211 [INFO] Train: Epoch: [1][300/390]	Step 691	lr 0.02498	Loss 1.4494 (1.7250)	Prec@(1,5) (35.3%, 87.5%)	
05/31 12:26:30午前 searchStage_trainer.py:211 [INFO] Train: Epoch: [1][350/390]	Step 741	lr 0.02498	Loss 1.7083 (1.7171)	Prec@(1,5) (35.7%, 87.5%)	
05/31 12:26:43午前 searchStage_trainer.py:211 [INFO] Train: Epoch: [1][390/390]	Step 781	lr 0.02498	Loss 1.8220 (1.7082)	Prec@(1,5) (36.1%, 87.8%)	
05/31 12:26:43午前 searchStage_trainer.py:221 [INFO] Train: [  1/49] Final Prec@1 36.1320%
05/31 12:26:46午前 searchStage_trainer.py:249 [INFO] Valid: Epoch: [1][50/391]	Step 782	Loss 1.7379	Prec@(1,5) (34.6%, 88.0%)
05/31 12:26:48午前 searchStage_trainer.py:249 [INFO] Valid: Epoch: [1][100/391]	Step 782	Loss 1.7106	Prec@(1,5) (35.9%, 88.2%)
05/31 12:26:50午前 searchStage_trainer.py:249 [INFO] Valid: Epoch: [1][150/391]	Step 782	Loss 1.7070	Prec@(1,5) (36.1%, 88.1%)
05/31 12:26:52午前 searchStage_trainer.py:249 [INFO] Valid: Epoch: [1][200/391]	Step 782	Loss 1.7008	Prec@(1,5) (36.3%, 88.2%)
05/31 12:26:54午前 searchStage_trainer.py:249 [INFO] Valid: Epoch: [1][250/391]	Step 782	Loss 1.7000	Prec@(1,5) (36.4%, 88.2%)
05/31 12:26:57午前 searchStage_trainer.py:249 [INFO] Valid: Epoch: [1][300/391]	Step 782	Loss 1.7007	Prec@(1,5) (36.6%, 88.1%)
05/31 12:26:59午前 searchStage_trainer.py:249 [INFO] Valid: Epoch: [1][350/391]	Step 782	Loss 1.7008	Prec@(1,5) (36.3%, 88.1%)
05/31 12:27:01午前 searchStage_trainer.py:249 [INFO] Valid: Epoch: [1][390/391]	Step 782	Loss 1.7002	Prec@(1,5) (36.6%, 88.1%)
05/31 12:27:01午前 searchStage_trainer.py:260 [INFO] Valid: [  1/49] Final Prec@1 36.5840%
05/31 12:27:01午前 searchStage_main.py:59 [INFO] DAG = Genotype2(DAG1=[[('avg_pool_3x3', 1), ('avg_pool_3x3', 0)], [('avg_pool_3x3', 2), ('avg_pool_3x3', 0)], [('avg_pool_3x3', 3), ('avg_pool_3x3', 2)], [('avg_pool_3x3', 2), ('avg_pool_3x3', 4)], [('avg_pool_3x3', 3), ('avg_pool_3x3', 4)], [('avg_pool_3x3', 6), ('avg_pool_3x3', 4)]], DAG1_concat=range(6, 8), DAG2=[[('skip_connect', 1), ('skip_connect', 0)], [('avg_pool_3x3', 2), ('max_pool_3x3', 0)], [('avg_pool_3x3', 3), ('avg_pool_3x3', 2)], [('avg_pool_3x3', 4), ('max_pool_3x3', 3)], [('avg_pool_3x3', 4), ('avg_pool_3x3', 3)], [('avg_pool_3x3', 6), ('max_pool_3x3', 5)]], DAG2_concat=range(6, 8), DAG3=[[('skip_connect', 0), ('skip_connect', 1)], [('avg_pool_3x3', 2), ('avg_pool_3x3', 0)], [('skip_connect', 3), ('skip_connect', 2)], [('max_pool_3x3', 3), ('max_pool_3x3', 4)], [('skip_connect', 3), ('avg_pool_3x3', 5)], [('skip_connect', 6), ('skip_connect', 5)]], DAG3_concat=range(6, 8))
05/31 12:27:01午前 searchStage_main.py:79 [INFO] Until now, best Prec@1 = 36.5840%
####### ALPHA #######
# Alpha - DAG
tensor([[0.2482, 0.2582, 0.2492, 0.2444],
        [0.2442, 0.2614, 0.2543, 0.2401]], device='cuda:0',
       grad_fn=<SoftmaxBackward0>)
tensor([[0.2497, 0.2579, 0.2543, 0.2382],
        [0.2494, 0.2582, 0.2532, 0.2393],
        [0.2520, 0.2690, 0.2410, 0.2380]], device='cuda:0',
       grad_fn=<SoftmaxBackward0>)
tensor([[0.2544, 0.2566, 0.2485, 0.2406],
        [0.2556, 0.2676, 0.2376, 0.2392],
        [0.2518, 0.2712, 0.2428, 0.2342]], device='cuda:0',
       grad_fn=<SoftmaxBackward0>)
tensor([[0.2518, 0.2659, 0.2448, 0.2375],
        [0.2543, 0.2645, 0.2388, 0.2425],
        [0.2510, 0.2670, 0.2422, 0.2399]], device='cuda:0',
       grad_fn=<SoftmaxBackward0>)
tensor([[0.2574, 0.2625, 0.2435, 0.2366],
        [0.2554, 0.2627, 0.2413, 0.2406],
        [0.2608, 0.2599, 0.2375, 0.2418]], device='cuda:0',
       grad_fn=<SoftmaxBackward0>)
tensor([[0.2524, 0.2622, 0.2421, 0.2434],
        [0.2540, 0.2606, 0.2428, 0.2426],
        [0.2529, 0.2627, 0.2416, 0.2427]], device='cuda:0',
       grad_fn=<SoftmaxBackward0>)
tensor([[0.2490, 0.2514, 0.2517, 0.2479],
        [0.2477, 0.2501, 0.2524, 0.2498]], device='cuda:0',
       grad_fn=<SoftmaxBackward0>)
tensor([[0.2519, 0.2514, 0.2506, 0.2461],
        [0.2511, 0.2483, 0.2510, 0.2495],
        [0.2498, 0.2519, 0.2505, 0.2478]], device='cuda:0',
       grad_fn=<SoftmaxBackward0>)
tensor([[0.2505, 0.2512, 0.2503, 0.2480],
        [0.2515, 0.2517, 0.2478, 0.2490],
        [0.2510, 0.2517, 0.2490, 0.2484]], device='cuda:0',
       grad_fn=<SoftmaxBackward0>)
tensor([[0.2507, 0.2511, 0.2489, 0.2493],
        [0.2514, 0.2505, 0.2497, 0.2483],
        [0.2513, 0.2514, 0.2484, 0.2488]], device='cuda:0',
       grad_fn=<SoftmaxBackward0>)
tensor([[0.2494, 0.2526, 0.2495, 0.2485],
        [0.2501, 0.2519, 0.2488, 0.2493],
        [0.2504, 0.2511, 0.2494, 0.2491]], device='cuda:0',
       grad_fn=<SoftmaxBackward0>)
tensor([[0.2513, 0.2509, 0.2492, 0.2485],
        [0.2506, 0.2505, 0.2489, 0.2501],
        [0.2508, 0.2513, 0.2490, 0.2489]], device='cuda:0',
       grad_fn=<SoftmaxBackward0>)
tensor([[0.2497, 0.2496, 0.2504, 0.2504],
        [0.2500, 0.2504, 0.2505, 0.2491]], device='cuda:0',
       grad_fn=<SoftmaxBackward0>)
tensor([[0.2492, 0.2511, 0.2508, 0.2489],
        [0.2494, 0.2507, 0.2502, 0.2497],
        [0.2491, 0.2500, 0.2499, 0.2509]], device='cuda:0',
       grad_fn=<SoftmaxBackward0>)
tensor([[0.2504, 0.2497, 0.2502, 0.2497],
        [0.2496, 0.2495, 0.2507, 0.2503],
        [0.2494, 0.2497, 0.2509, 0.2500]], device='cuda:0',
       grad_fn=<SoftmaxBackward0>)
tensor([[0.2509, 0.2497, 0.2495, 0.2499],
        [0.2511, 0.2499, 0.2501, 0.2488],
        [0.2502, 0.2490, 0.2496, 0.2512]], device='cuda:0',
       grad_fn=<SoftmaxBackward0>)
tensor([[0.2457, 0.2520, 0.2538, 0.2485],
        [0.2467, 0.2503, 0.2519, 0.2512],
        [0.2466, 0.2518, 0.2515, 0.2500]], device='cuda:0',
       grad_fn=<SoftmaxBackward0>)
tensor([[0.2502, 0.2490, 0.2504, 0.2505],
        [0.2491, 0.2498, 0.2508, 0.2503],
        [0.2475, 0.2509, 0.2524, 0.2492]], device='cuda:0',
       grad_fn=<SoftmaxBackward0>)
#####################
05/31 12:27:18午前 searchStage_trainer.py:211 [INFO] Train: Epoch: [2][50/390]	Step 832	lr 0.02491	Loss 1.5108 (1.6376)	Prec@(1,5) (39.5%, 88.4%)	
05/31 12:27:34午前 searchStage_trainer.py:211 [INFO] Train: Epoch: [2][100/390]	Step 882	lr 0.02491	Loss 1.5050 (1.6259)	Prec@(1,5) (39.8%, 89.0%)	
05/31 12:27:50午前 searchStage_trainer.py:211 [INFO] Train: Epoch: [2][150/390]	Step 932	lr 0.02491	Loss 1.4095 (1.6043)	Prec@(1,5) (40.2%, 89.3%)	
05/31 12:28:07午前 searchStage_trainer.py:211 [INFO] Train: Epoch: [2][200/390]	Step 982	lr 0.02491	Loss 1.5735 (1.5934)	Prec@(1,5) (40.9%, 89.7%)	
05/31 12:28:23午前 searchStage_trainer.py:211 [INFO] Train: Epoch: [2][250/390]	Step 1032	lr 0.02491	Loss 1.5310 (1.5799)	Prec@(1,5) (41.4%, 89.9%)	
05/31 12:28:39午前 searchStage_trainer.py:211 [INFO] Train: Epoch: [2][300/390]	Step 1082	lr 0.02491	Loss 1.5548 (1.5695)	Prec@(1,5) (41.9%, 90.2%)	
05/31 12:28:55午前 searchStage_trainer.py:211 [INFO] Train: Epoch: [2][350/390]	Step 1132	lr 0.02491	Loss 1.4001 (1.5611)	Prec@(1,5) (42.2%, 90.4%)	
05/31 12:29:08午前 searchStage_trainer.py:211 [INFO] Train: Epoch: [2][390/390]	Step 1172	lr 0.02491	Loss 1.6105 (1.5520)	Prec@(1,5) (42.5%, 90.5%)	
05/31 12:29:08午前 searchStage_trainer.py:221 [INFO] Train: [  2/49] Final Prec@1 42.4920%
05/31 12:29:10午前 searchStage_trainer.py:249 [INFO] Valid: Epoch: [2][50/391]	Step 1173	Loss 1.5100	Prec@(1,5) (43.4%, 91.4%)
05/31 12:29:12午前 searchStage_trainer.py:249 [INFO] Valid: Epoch: [2][100/391]	Step 1173	Loss 1.5285	Prec@(1,5) (44.1%, 91.3%)
05/31 12:29:15午前 searchStage_trainer.py:249 [INFO] Valid: Epoch: [2][150/391]	Step 1173	Loss 1.5268	Prec@(1,5) (44.0%, 91.5%)
05/31 12:29:17午前 searchStage_trainer.py:249 [INFO] Valid: Epoch: [2][200/391]	Step 1173	Loss 1.5143	Prec@(1,5) (44.5%, 91.6%)
05/31 12:29:19午前 searchStage_trainer.py:249 [INFO] Valid: Epoch: [2][250/391]	Step 1173	Loss 1.5241	Prec@(1,5) (44.3%, 91.5%)
05/31 12:29:21午前 searchStage_trainer.py:249 [INFO] Valid: Epoch: [2][300/391]	Step 1173	Loss 1.5197	Prec@(1,5) (44.6%, 91.4%)
05/31 12:29:23午前 searchStage_trainer.py:249 [INFO] Valid: Epoch: [2][350/391]	Step 1173	Loss 1.5156	Prec@(1,5) (44.8%, 91.5%)
05/31 12:29:25午前 searchStage_trainer.py:249 [INFO] Valid: Epoch: [2][390/391]	Step 1173	Loss 1.5188	Prec@(1,5) (44.6%, 91.5%)
05/31 12:29:25午前 searchStage_trainer.py:260 [INFO] Valid: [  2/49] Final Prec@1 44.6120%
05/31 12:29:25午前 searchStage_main.py:59 [INFO] DAG = Genotype2(DAG1=[[('avg_pool_3x3', 0), ('avg_pool_3x3', 1)], [('avg_pool_3x3', 2), ('avg_pool_3x3', 0)], [('avg_pool_3x3', 3), ('avg_pool_3x3', 2)], [('avg_pool_3x3', 4), ('avg_pool_3x3', 2)], [('avg_pool_3x3', 3), ('avg_pool_3x3', 5)], [('avg_pool_3x3', 6), ('avg_pool_3x3', 5)]], DAG1_concat=range(6, 8), DAG2=[[('skip_connect', 1), ('avg_pool_3x3', 0)], [('avg_pool_3x3', 2), ('avg_pool_3x3', 0)], [('avg_pool_3x3', 3), ('avg_pool_3x3', 2)], [('avg_pool_3x3', 4), ('max_pool_3x3', 3)], [('avg_pool_3x3', 5), ('avg_pool_3x3', 4)], [('avg_pool_3x3', 6), ('avg_pool_3x3', 5)]], DAG2_concat=range(6, 8), DAG3=[[('skip_connect', 0), ('skip_connect', 1)], [('avg_pool_3x3', 2), ('avg_pool_3x3', 0)], [('skip_connect', 3), ('skip_connect', 2)], [('max_pool_3x3', 4), ('max_pool_3x3', 3)], [('avg_pool_3x3', 5), ('skip_connect', 3)], [('skip_connect', 6), ('skip_connect', 5)]], DAG3_concat=range(6, 8))
05/31 12:29:26午前 searchStage_main.py:79 [INFO] Until now, best Prec@1 = 44.6120%
####### ALPHA #######
# Alpha - DAG
tensor([[0.2502, 0.2659, 0.2481, 0.2358],
        [0.2413, 0.2670, 0.2533, 0.2385]], device='cuda:0',
       grad_fn=<SoftmaxBackward0>)
tensor([[0.2476, 0.2654, 0.2561, 0.2309],
        [0.2465, 0.2646, 0.2557, 0.2332],
        [0.2515, 0.2824, 0.2364, 0.2298]], device='cuda:0',
       grad_fn=<SoftmaxBackward0>)
tensor([[0.2572, 0.2621, 0.2471, 0.2336],
        [0.2603, 0.2749, 0.2313, 0.2336],
        [0.2522, 0.2815, 0.2398, 0.2265]], device='cuda:0',
       grad_fn=<SoftmaxBackward0>)
tensor([[0.2518, 0.2742, 0.2445, 0.2294],
        [0.2561, 0.2726, 0.2327, 0.2385],
        [0.2517, 0.2762, 0.2372, 0.2350]], device='cuda:0',
       grad_fn=<SoftmaxBackward0>)
tensor([[0.2584, 0.2711, 0.2407, 0.2298],
        [0.2566, 0.2693, 0.2398, 0.2344],
        [0.2621, 0.2682, 0.2322, 0.2376]], device='cuda:0',
       grad_fn=<SoftmaxBackward0>)
tensor([[0.2549, 0.2670, 0.2390, 0.2390],
        [0.2556, 0.2666, 0.2377, 0.2401],
        [0.2549, 0.2691, 0.2383, 0.2377]], device='cuda:0',
       grad_fn=<SoftmaxBackward0>)
tensor([[0.2490, 0.2518, 0.2513, 0.2479],
        [0.2483, 0.2508, 0.2521, 0.2487]], device='cuda:0',
       grad_fn=<SoftmaxBackward0>)
tensor([[0.2518, 0.2519, 0.2507, 0.2456],
        [0.2519, 0.2488, 0.2514, 0.2479],
        [0.2495, 0.2529, 0.2502, 0.2474]], device='cuda:0',
       grad_fn=<SoftmaxBackward0>)
tensor([[0.2504, 0.2515, 0.2507, 0.2474],
        [0.2521, 0.2524, 0.2474, 0.2482],
        [0.2513, 0.2521, 0.2487, 0.2480]], device='cuda:0',
       grad_fn=<SoftmaxBackward0>)
tensor([[0.2510, 0.2515, 0.2485, 0.2490],
        [0.2520, 0.2510, 0.2492, 0.2479],
        [0.2514, 0.2519, 0.2485, 0.2482]], device='cuda:0',
       grad_fn=<SoftmaxBackward0>)
tensor([[0.2494, 0.2533, 0.2502, 0.2471],
        [0.2501, 0.2520, 0.2487, 0.2492],
        [0.2507, 0.2514, 0.2486, 0.2493]], device='cuda:0',
       grad_fn=<SoftmaxBackward0>)
tensor([[0.2514, 0.2514, 0.2492, 0.2481],
        [0.2502, 0.2509, 0.2491, 0.2498],
        [0.2509, 0.2517, 0.2488, 0.2486]], device='cuda:0',
       grad_fn=<SoftmaxBackward0>)
tensor([[0.2495, 0.2494, 0.2506, 0.2506],
        [0.2500, 0.2506, 0.2506, 0.2488]], device='cuda:0',
       grad_fn=<SoftmaxBackward0>)
tensor([[0.2489, 0.2514, 0.2512, 0.2484],
        [0.2491, 0.2508, 0.2503, 0.2498],
        [0.2488, 0.2500, 0.2500, 0.2512]], device='cuda:0',
       grad_fn=<SoftmaxBackward0>)
tensor([[0.2504, 0.2494, 0.2503, 0.2499],
        [0.2495, 0.2493, 0.2509, 0.2504],
        [0.2493, 0.2498, 0.2511, 0.2498]], device='cuda:0',
       grad_fn=<SoftmaxBackward0>)
tensor([[0.2513, 0.2496, 0.2494, 0.2497],
        [0.2515, 0.2497, 0.2500, 0.2488],
        [0.2503, 0.2487, 0.2496, 0.2514]], device='cuda:0',
       grad_fn=<SoftmaxBackward0>)
tensor([[0.2441, 0.2528, 0.2551, 0.2480],
        [0.2455, 0.2506, 0.2525, 0.2514],
        [0.2454, 0.2523, 0.2522, 0.2501]], device='cuda:0',
       grad_fn=<SoftmaxBackward0>)
tensor([[0.2501, 0.2487, 0.2504, 0.2507],
        [0.2486, 0.2497, 0.2511, 0.2506],
        [0.2466, 0.2512, 0.2536, 0.2486]], device='cuda:0',
       grad_fn=<SoftmaxBackward0>)
#####################
05/31 12:29:43午前 searchStage_trainer.py:211 [INFO] Train: Epoch: [3][50/390]	Step 1223	lr 0.02479	Loss 1.5368 (1.4317)	Prec@(1,5) (47.2%, 92.9%)	
05/31 12:29:59午前 searchStage_trainer.py:211 [INFO] Train: Epoch: [3][100/390]	Step 1273	lr 0.02479	Loss 1.5293 (1.4425)	Prec@(1,5) (47.2%, 92.8%)	
05/31 12:30:15午前 searchStage_trainer.py:211 [INFO] Train: Epoch: [3][150/390]	Step 1323	lr 0.02479	Loss 1.3028 (1.4319)	Prec@(1,5) (47.4%, 92.8%)	
05/31 12:30:32午前 searchStage_trainer.py:211 [INFO] Train: Epoch: [3][200/390]	Step 1373	lr 0.02479	Loss 1.3899 (1.4292)	Prec@(1,5) (47.6%, 92.8%)	
05/31 12:30:48午前 searchStage_trainer.py:211 [INFO] Train: Epoch: [3][250/390]	Step 1423	lr 0.02479	Loss 1.4743 (1.4226)	Prec@(1,5) (47.9%, 92.7%)	
05/31 12:31:04午前 searchStage_trainer.py:211 [INFO] Train: Epoch: [3][300/390]	Step 1473	lr 0.02479	Loss 1.3775 (1.4171)	Prec@(1,5) (48.1%, 92.8%)	
05/31 12:31:20午前 searchStage_trainer.py:211 [INFO] Train: Epoch: [3][350/390]	Step 1523	lr 0.02479	Loss 1.3482 (1.4080)	Prec@(1,5) (48.6%, 92.9%)	
05/31 12:31:33午前 searchStage_trainer.py:211 [INFO] Train: Epoch: [3][390/390]	Step 1563	lr 0.02479	Loss 1.3340 (1.4019)	Prec@(1,5) (48.8%, 93.0%)	
05/31 12:31:34午前 searchStage_trainer.py:221 [INFO] Train: [  3/49] Final Prec@1 48.8320%
05/31 12:31:36午前 searchStage_trainer.py:249 [INFO] Valid: Epoch: [3][50/391]	Step 1564	Loss 1.5068	Prec@(1,5) (47.4%, 92.7%)
05/31 12:31:38午前 searchStage_trainer.py:249 [INFO] Valid: Epoch: [3][100/391]	Step 1564	Loss 1.4887	Prec@(1,5) (47.1%, 92.8%)
05/31 12:31:40午前 searchStage_trainer.py:249 [INFO] Valid: Epoch: [3][150/391]	Step 1564	Loss 1.4885	Prec@(1,5) (47.3%, 92.7%)
05/31 12:31:43午前 searchStage_trainer.py:249 [INFO] Valid: Epoch: [3][200/391]	Step 1564	Loss 1.4814	Prec@(1,5) (47.6%, 92.7%)
05/31 12:31:45午前 searchStage_trainer.py:249 [INFO] Valid: Epoch: [3][250/391]	Step 1564	Loss 1.4811	Prec@(1,5) (47.8%, 92.7%)
05/31 12:31:47午前 searchStage_trainer.py:249 [INFO] Valid: Epoch: [3][300/391]	Step 1564	Loss 1.4852	Prec@(1,5) (47.8%, 92.7%)
05/31 12:31:49午前 searchStage_trainer.py:249 [INFO] Valid: Epoch: [3][350/391]	Step 1564	Loss 1.4872	Prec@(1,5) (47.8%, 92.7%)
05/31 12:31:51午前 searchStage_trainer.py:249 [INFO] Valid: Epoch: [3][390/391]	Step 1564	Loss 1.4858	Prec@(1,5) (47.8%, 92.6%)
05/31 12:31:51午前 searchStage_trainer.py:260 [INFO] Valid: [  3/49] Final Prec@1 47.7840%
05/31 12:31:51午前 searchStage_main.py:59 [INFO] DAG = Genotype2(DAG1=[[('avg_pool_3x3', 0), ('avg_pool_3x3', 1)], [('avg_pool_3x3', 2), ('avg_pool_3x3', 0)], [('avg_pool_3x3', 3), ('avg_pool_3x3', 2)], [('avg_pool_3x3', 4), ('avg_pool_3x3', 2)], [('avg_pool_3x3', 5), ('avg_pool_3x3', 3)], [('avg_pool_3x3', 6), ('avg_pool_3x3', 5)]], DAG1_concat=range(6, 8), DAG2=[[('skip_connect', 1), ('avg_pool_3x3', 0)], [('avg_pool_3x3', 2), ('avg_pool_3x3', 0)], [('avg_pool_3x3', 3), ('avg_pool_3x3', 2)], [('avg_pool_3x3', 4), ('max_pool_3x3', 3)], [('avg_pool_3x3', 5), ('avg_pool_3x3', 4)], [('avg_pool_3x3', 6), ('avg_pool_3x3', 5)]], DAG2_concat=range(6, 8), DAG3=[[('skip_connect', 0), ('skip_connect', 1)], [('avg_pool_3x3', 2), ('avg_pool_3x3', 0)], [('skip_connect', 3), ('skip_connect', 2)], [('max_pool_3x3', 4), ('max_pool_3x3', 3)], [('avg_pool_3x3', 5), ('skip_connect', 4)], [('skip_connect', 6), ('skip_connect', 5)]], DAG3_concat=range(6, 8))
05/31 12:31:52午前 searchStage_main.py:79 [INFO] Until now, best Prec@1 = 47.7840%
####### ALPHA #######
# Alpha - DAG
tensor([[0.2535, 0.2708, 0.2455, 0.2302],
        [0.2423, 0.2740, 0.2510, 0.2327]], device='cuda:0',
       grad_fn=<SoftmaxBackward0>)
tensor([[0.2489, 0.2704, 0.2572, 0.2236],
        [0.2453, 0.2704, 0.2585, 0.2259],
        [0.2524, 0.2929, 0.2334, 0.2213]], device='cuda:0',
       grad_fn=<SoftmaxBackward0>)
tensor([[0.2596, 0.2669, 0.2472, 0.2263],
        [0.2642, 0.2824, 0.2248, 0.2286],
        [0.2569, 0.2911, 0.2345, 0.2176]], device='cuda:0',
       grad_fn=<SoftmaxBackward0>)
tensor([[0.2556, 0.2809, 0.2407, 0.2228],
        [0.2595, 0.2790, 0.2257, 0.2358],
        [0.2535, 0.2832, 0.2355, 0.2278]], device='cuda:0',
       grad_fn=<SoftmaxBackward0>)
tensor([[0.2614, 0.2782, 0.2379, 0.2225],
        [0.2598, 0.2756, 0.2356, 0.2290],
        [0.2632, 0.2755, 0.2286, 0.2327]], device='cuda:0',
       grad_fn=<SoftmaxBackward0>)
tensor([[0.2572, 0.2705, 0.2361, 0.2362],
        [0.2590, 0.2728, 0.2336, 0.2346],
        [0.2583, 0.2750, 0.2333, 0.2333]], device='cuda:0',
       grad_fn=<SoftmaxBackward0>)
tensor([[0.2492, 0.2517, 0.2514, 0.2476],
        [0.2484, 0.2510, 0.2523, 0.2483]], device='cuda:0',
       grad_fn=<SoftmaxBackward0>)
tensor([[0.2516, 0.2525, 0.2511, 0.2448],
        [0.2526, 0.2494, 0.2511, 0.2469],
        [0.2497, 0.2534, 0.2497, 0.2472]], device='cuda:0',
       grad_fn=<SoftmaxBackward0>)
tensor([[0.2502, 0.2513, 0.2505, 0.2480],
        [0.2522, 0.2527, 0.2473, 0.2477],
        [0.2518, 0.2524, 0.2487, 0.2471]], device='cuda:0',
       grad_fn=<SoftmaxBackward0>)
tensor([[0.2514, 0.2517, 0.2479, 0.2491],
        [0.2519, 0.2513, 0.2492, 0.2476],
        [0.2516, 0.2520, 0.2487, 0.2477]], device='cuda:0',
       grad_fn=<SoftmaxBackward0>)
tensor([[0.2497, 0.2540, 0.2499, 0.2465],
        [0.2503, 0.2523, 0.2483, 0.2491],
        [0.2508, 0.2516, 0.2485, 0.2492]], device='cuda:0',
       grad_fn=<SoftmaxBackward0>)
tensor([[0.2516, 0.2515, 0.2488, 0.2481],
        [0.2503, 0.2511, 0.2489, 0.2498],
        [0.2510, 0.2521, 0.2489, 0.2480]], device='cuda:0',
       grad_fn=<SoftmaxBackward0>)
tensor([[0.2493, 0.2493, 0.2507, 0.2507],
        [0.2499, 0.2507, 0.2507, 0.2488]], device='cuda:0',
       grad_fn=<SoftmaxBackward0>)
tensor([[0.2488, 0.2517, 0.2515, 0.2480],
        [0.2491, 0.2508, 0.2503, 0.2498],
        [0.2487, 0.2500, 0.2499, 0.2514]], device='cuda:0',
       grad_fn=<SoftmaxBackward0>)
tensor([[0.2505, 0.2492, 0.2504, 0.2500],
        [0.2495, 0.2491, 0.2510, 0.2504],
        [0.2493, 0.2497, 0.2513, 0.2497]], device='cuda:0',
       grad_fn=<SoftmaxBackward0>)
tensor([[0.2516, 0.2496, 0.2494, 0.2495],
        [0.2517, 0.2496, 0.2500, 0.2487],
        [0.2503, 0.2485, 0.2495, 0.2517]], device='cuda:0',
       grad_fn=<SoftmaxBackward0>)
tensor([[0.2428, 0.2534, 0.2564, 0.2474],
        [0.2445, 0.2507, 0.2531, 0.2516],
        [0.2445, 0.2526, 0.2526, 0.2503]], device='cuda:0',
       grad_fn=<SoftmaxBackward0>)
tensor([[0.2502, 0.2484, 0.2505, 0.2509],
        [0.2484, 0.2497, 0.2512, 0.2507],
        [0.2460, 0.2513, 0.2544, 0.2483]], device='cuda:0',
       grad_fn=<SoftmaxBackward0>)
#####################
05/31 12:32:09午前 searchStage_trainer.py:211 [INFO] Train: Epoch: [4][50/390]	Step 1614	lr 0.02462	Loss 1.1539 (1.3302)	Prec@(1,5) (51.0%, 93.8%)	
05/31 12:32:25午前 searchStage_trainer.py:211 [INFO] Train: Epoch: [4][100/390]	Step 1664	lr 0.02462	Loss 1.4975 (1.3134)	Prec@(1,5) (52.5%, 93.5%)	
05/31 12:32:41午前 searchStage_trainer.py:211 [INFO] Train: Epoch: [4][150/390]	Step 1714	lr 0.02462	Loss 1.3775 (1.3136)	Prec@(1,5) (52.5%, 93.4%)	
05/31 12:32:57午前 searchStage_trainer.py:211 [INFO] Train: Epoch: [4][200/390]	Step 1764	lr 0.02462	Loss 1.3305 (1.3058)	Prec@(1,5) (53.1%, 93.6%)	
05/31 12:33:13午前 searchStage_trainer.py:211 [INFO] Train: Epoch: [4][250/390]	Step 1814	lr 0.02462	Loss 1.3232 (1.3098)	Prec@(1,5) (52.7%, 93.6%)	
05/31 12:33:29午前 searchStage_trainer.py:211 [INFO] Train: Epoch: [4][300/390]	Step 1864	lr 0.02462	Loss 1.3249 (1.3103)	Prec@(1,5) (52.6%, 93.5%)	
05/31 12:33:45午前 searchStage_trainer.py:211 [INFO] Train: Epoch: [4][350/390]	Step 1914	lr 0.02462	Loss 1.1180 (1.3023)	Prec@(1,5) (52.9%, 93.7%)	
05/31 12:33:58午前 searchStage_trainer.py:211 [INFO] Train: Epoch: [4][390/390]	Step 1954	lr 0.02462	Loss 1.2850 (1.2991)	Prec@(1,5) (53.1%, 93.7%)	
05/31 12:33:58午前 searchStage_trainer.py:221 [INFO] Train: [  4/49] Final Prec@1 53.1160%
05/31 12:34:01午前 searchStage_trainer.py:249 [INFO] Valid: Epoch: [4][50/391]	Step 1955	Loss 1.3340	Prec@(1,5) (50.2%, 94.1%)
05/31 12:34:03午前 searchStage_trainer.py:249 [INFO] Valid: Epoch: [4][100/391]	Step 1955	Loss 1.3185	Prec@(1,5) (51.3%, 94.1%)
05/31 12:34:05午前 searchStage_trainer.py:249 [INFO] Valid: Epoch: [4][150/391]	Step 1955	Loss 1.3215	Prec@(1,5) (51.2%, 93.9%)
05/31 12:34:07午前 searchStage_trainer.py:249 [INFO] Valid: Epoch: [4][200/391]	Step 1955	Loss 1.3142	Prec@(1,5) (52.0%, 94.1%)
05/31 12:34:09午前 searchStage_trainer.py:249 [INFO] Valid: Epoch: [4][250/391]	Step 1955	Loss 1.3171	Prec@(1,5) (51.9%, 94.0%)
05/31 12:34:12午前 searchStage_trainer.py:249 [INFO] Valid: Epoch: [4][300/391]	Step 1955	Loss 1.3168	Prec@(1,5) (51.8%, 94.0%)
05/31 12:34:14午前 searchStage_trainer.py:249 [INFO] Valid: Epoch: [4][350/391]	Step 1955	Loss 1.3199	Prec@(1,5) (51.6%, 94.0%)
05/31 12:34:16午前 searchStage_trainer.py:249 [INFO] Valid: Epoch: [4][390/391]	Step 1955	Loss 1.3223	Prec@(1,5) (51.6%, 93.9%)
05/31 12:34:16午前 searchStage_trainer.py:260 [INFO] Valid: [  4/49] Final Prec@1 51.5960%
05/31 12:34:16午前 searchStage_main.py:59 [INFO] DAG = Genotype2(DAG1=[[('avg_pool_3x3', 1), ('avg_pool_3x3', 0)], [('avg_pool_3x3', 2), ('avg_pool_3x3', 0)], [('avg_pool_3x3', 3), ('avg_pool_3x3', 2)], [('avg_pool_3x3', 4), ('avg_pool_3x3', 2)], [('avg_pool_3x3', 5), ('avg_pool_3x3', 4)], [('avg_pool_3x3', 6), ('avg_pool_3x3', 5)]], DAG1_concat=range(6, 8), DAG2=[[('avg_pool_3x3', 0), ('skip_connect', 1)], [('avg_pool_3x3', 2), ('avg_pool_3x3', 0)], [('avg_pool_3x3', 3), ('avg_pool_3x3', 2)], [('avg_pool_3x3', 4), ('max_pool_3x3', 3)], [('avg_pool_3x3', 5), ('avg_pool_3x3', 4)], [('avg_pool_3x3', 6), ('avg_pool_3x3', 5)]], DAG2_concat=range(6, 8), DAG3=[[('skip_connect', 0), ('skip_connect', 1)], [('skip_connect', 2), ('avg_pool_3x3', 0)], [('skip_connect', 3), ('skip_connect', 2)], [('max_pool_3x3', 4), ('max_pool_3x3', 3)], [('skip_connect', 5), ('skip_connect', 4)], [('skip_connect', 6), ('skip_connect', 5)]], DAG3_concat=range(6, 8))
05/31 12:34:16午前 searchStage_main.py:79 [INFO] Until now, best Prec@1 = 51.5960%
####### ALPHA #######
# Alpha - DAG
tensor([[0.2520, 0.2768, 0.2462, 0.2250],
        [0.2424, 0.2861, 0.2473, 0.2242]], device='cuda:0',
       grad_fn=<SoftmaxBackward0>)
tensor([[0.2520, 0.2763, 0.2581, 0.2137],
        [0.2453, 0.2784, 0.2595, 0.2167],
        [0.2552, 0.3038, 0.2254, 0.2156]], device='cuda:0',
       grad_fn=<SoftmaxBackward0>)
tensor([[0.2635, 0.2732, 0.2464, 0.2169],
        [0.2687, 0.2903, 0.2194, 0.2216],
        [0.2571, 0.2991, 0.2305, 0.2133]], device='cuda:0',
       grad_fn=<SoftmaxBackward0>)
tensor([[0.2580, 0.2867, 0.2388, 0.2165],
        [0.2621, 0.2856, 0.2219, 0.2304],
        [0.2562, 0.2895, 0.2302, 0.2241]], device='cuda:0',
       grad_fn=<SoftmaxBackward0>)
tensor([[0.2629, 0.2846, 0.2350, 0.2175],
        [0.2631, 0.2829, 0.2311, 0.2230],
        [0.2648, 0.2814, 0.2256, 0.2282]], device='cuda:0',
       grad_fn=<SoftmaxBackward0>)
tensor([[0.2590, 0.2748, 0.2311, 0.2351],
        [0.2605, 0.2788, 0.2317, 0.2290],
        [0.2610, 0.2806, 0.2301, 0.2282]], device='cuda:0',
       grad_fn=<SoftmaxBackward0>)
tensor([[0.2495, 0.2524, 0.2512, 0.2469],
        [0.2489, 0.2508, 0.2517, 0.2486]], device='cuda:0',
       grad_fn=<SoftmaxBackward0>)
tensor([[0.2513, 0.2528, 0.2511, 0.2448],
        [0.2524, 0.2497, 0.2517, 0.2462],
        [0.2495, 0.2541, 0.2497, 0.2467]], device='cuda:0',
       grad_fn=<SoftmaxBackward0>)
tensor([[0.2501, 0.2514, 0.2502, 0.2484],
        [0.2523, 0.2532, 0.2475, 0.2471],
        [0.2520, 0.2527, 0.2483, 0.2470]], device='cuda:0',
       grad_fn=<SoftmaxBackward0>)
tensor([[0.2516, 0.2518, 0.2476, 0.2490],
        [0.2521, 0.2514, 0.2491, 0.2474],
        [0.2516, 0.2522, 0.2487, 0.2475]], device='cuda:0',
       grad_fn=<SoftmaxBackward0>)
tensor([[0.2495, 0.2543, 0.2502, 0.2460],
        [0.2506, 0.2524, 0.2480, 0.2490],
        [0.2509, 0.2517, 0.2483, 0.2491]], device='cuda:0',
       grad_fn=<SoftmaxBackward0>)
tensor([[0.2520, 0.2515, 0.2482, 0.2483],
        [0.2504, 0.2513, 0.2489, 0.2494],
        [0.2513, 0.2523, 0.2487, 0.2477]], device='cuda:0',
       grad_fn=<SoftmaxBackward0>)
tensor([[0.2492, 0.2491, 0.2509, 0.2508],
        [0.2498, 0.2507, 0.2508, 0.2486]], device='cuda:0',
       grad_fn=<SoftmaxBackward0>)
tensor([[0.2487, 0.2519, 0.2517, 0.2477],
        [0.2489, 0.2508, 0.2504, 0.2498],
        [0.2485, 0.2500, 0.2500, 0.2515]], device='cuda:0',
       grad_fn=<SoftmaxBackward0>)
tensor([[0.2504, 0.2489, 0.2505, 0.2502],
        [0.2494, 0.2490, 0.2512, 0.2504],
        [0.2492, 0.2497, 0.2514, 0.2496]], device='cuda:0',
       grad_fn=<SoftmaxBackward0>)
tensor([[0.2518, 0.2495, 0.2493, 0.2494],
        [0.2519, 0.2495, 0.2500, 0.2485],
        [0.2504, 0.2484, 0.2494, 0.2519]], device='cuda:0',
       grad_fn=<SoftmaxBackward0>)
tensor([[0.2418, 0.2538, 0.2573, 0.2471],
        [0.2438, 0.2509, 0.2535, 0.2517],
        [0.2438, 0.2529, 0.2530, 0.2504]], device='cuda:0',
       grad_fn=<SoftmaxBackward0>)
tensor([[0.2502, 0.2482, 0.2505, 0.2512],
        [0.2482, 0.2496, 0.2513, 0.2508],
        [0.2456, 0.2514, 0.2550, 0.2479]], device='cuda:0',
       grad_fn=<SoftmaxBackward0>)
#####################
05/31 12:34:33午前 searchStage_trainer.py:211 [INFO] Train: Epoch: [5][50/390]	Step 2005	lr 0.02441	Loss 1.1254 (1.2556)	Prec@(1,5) (55.6%, 94.0%)	
05/31 12:34:49午前 searchStage_trainer.py:211 [INFO] Train: Epoch: [5][100/390]	Step 2055	lr 0.02441	Loss 1.0382 (1.2257)	Prec@(1,5) (56.0%, 94.6%)	
05/31 12:35:05午前 searchStage_trainer.py:211 [INFO] Train: Epoch: [5][150/390]	Step 2105	lr 0.02441	Loss 1.1456 (1.2136)	Prec@(1,5) (56.2%, 94.9%)	
05/31 12:35:22午前 searchStage_trainer.py:211 [INFO] Train: Epoch: [5][200/390]	Step 2155	lr 0.02441	Loss 1.2675 (1.2148)	Prec@(1,5) (56.2%, 94.8%)	
05/31 12:35:38午前 searchStage_trainer.py:211 [INFO] Train: Epoch: [5][250/390]	Step 2205	lr 0.02441	Loss 1.1708 (1.2135)	Prec@(1,5) (56.3%, 94.9%)	
05/31 12:35:54午前 searchStage_trainer.py:211 [INFO] Train: Epoch: [5][300/390]	Step 2255	lr 0.02441	Loss 1.0333 (1.2089)	Prec@(1,5) (56.4%, 94.9%)	
05/31 12:36:10午前 searchStage_trainer.py:211 [INFO] Train: Epoch: [5][350/390]	Step 2305	lr 0.02441	Loss 1.2437 (1.2046)	Prec@(1,5) (56.6%, 94.8%)	
05/31 12:36:23午前 searchStage_trainer.py:211 [INFO] Train: Epoch: [5][390/390]	Step 2345	lr 0.02441	Loss 1.0646 (1.2000)	Prec@(1,5) (56.7%, 94.9%)	
05/31 12:36:23午前 searchStage_trainer.py:221 [INFO] Train: [  5/49] Final Prec@1 56.7280%
05/31 12:36:26午前 searchStage_trainer.py:249 [INFO] Valid: Epoch: [5][50/391]	Step 2346	Loss 1.3100	Prec@(1,5) (53.3%, 94.4%)
05/31 12:36:28午前 searchStage_trainer.py:249 [INFO] Valid: Epoch: [5][100/391]	Step 2346	Loss 1.2929	Prec@(1,5) (53.7%, 94.6%)
05/31 12:36:30午前 searchStage_trainer.py:249 [INFO] Valid: Epoch: [5][150/391]	Step 2346	Loss 1.2889	Prec@(1,5) (53.9%, 94.6%)
05/31 12:36:32午前 searchStage_trainer.py:249 [INFO] Valid: Epoch: [5][200/391]	Step 2346	Loss 1.2844	Prec@(1,5) (54.0%, 94.6%)
