05/31 12:05:51AM parser.py:28 [INFO] 
05/31 12:05:51AM parser.py:29 [INFO] Parameters:
05/31 12:05:51AM parser.py:31 [INFO] DAG_PATH=results/search_Stage/CIFAR10/SCRATCH_PDARTS_STAGESPEC/EXP-20240531-000551/DAG
05/31 12:05:51AM parser.py:31 [INFO] ALPHA_LR=0.0003
05/31 12:05:51AM parser.py:31 [INFO] ALPHA_WEIGHT_DECAY=0.001
05/31 12:05:51AM parser.py:31 [INFO] BATCH_SIZE=64
05/31 12:05:51AM parser.py:31 [INFO] CHECKPOINT_RESET=False
05/31 12:05:51AM parser.py:31 [INFO] DATA_PATH=../data/
05/31 12:05:51AM parser.py:31 [INFO] DATASET=CIFAR10
05/31 12:05:51AM parser.py:31 [INFO] EPOCHS=50
05/31 12:05:51AM parser.py:31 [INFO] EXP_NAME=EXP-20240531-000551
05/31 12:05:51AM parser.py:31 [INFO] GENOTYPE=Genotype(normal=[[('skip_connect', 0), ('dil_conv_3x3', 1)], [('skip_connect', 0), ('sep_conv_3x3', 1)], [('sep_conv_3x3', 1), ('sep_conv_3x3', 3)], [('sep_conv_3x3', 0), ('dil_conv_5x5', 4)]], normal_concat=range(2, 6), reduce=[[('avg_pool_3x3', 0), ('sep_conv_5x5', 1)], [('sep_conv_3x3', 0), ('dil_conv_5x5', 2)], [('max_pool_3x3', 0), ('dil_conv_3x3', 1)], [('dil_conv_3x3', 1), ('dil_conv_5x5', 3)]], reduce_concat=range(2, 6))
05/31 12:05:51AM parser.py:31 [INFO] GPUS=[1]
05/31 12:05:51AM parser.py:31 [INFO] INIT_CHANNELS=16
05/31 12:05:51AM parser.py:31 [INFO] LAYERS=20
05/31 12:05:51AM parser.py:31 [INFO] LOCAL_RANK=0
05/31 12:05:51AM parser.py:31 [INFO] LOGGER=<Logger H-DAS (INFO)>
05/31 12:05:51AM parser.py:31 [INFO] NAME=SCRATCH_PDARTS_STAGESPEC
05/31 12:05:51AM parser.py:31 [INFO] PATH=results/search_Stage/CIFAR10/SCRATCH_PDARTS_STAGESPEC/EXP-20240531-000551
05/31 12:05:51AM parser.py:31 [INFO] PRINT_FREQ=50
05/31 12:05:51AM parser.py:31 [INFO] RESUME_PATH=None
05/31 12:05:51AM parser.py:31 [INFO] SAVE=EXP
05/31 12:05:51AM parser.py:31 [INFO] SEED=1
05/31 12:05:51AM parser.py:31 [INFO] SHARE_STAGE=False
05/31 12:05:51AM parser.py:31 [INFO] SPEC_CELL=False
05/31 12:05:51AM parser.py:31 [INFO] TRAIN_PORTION=0.5
05/31 12:05:51AM parser.py:31 [INFO] W_GRAD_CLIP=5.0
05/31 12:05:51AM parser.py:31 [INFO] W_LR=0.025
05/31 12:05:51AM parser.py:31 [INFO] W_LR_MIN=0.001
05/31 12:05:51AM parser.py:31 [INFO] W_MOMENTUM=0.9
05/31 12:05:51AM parser.py:31 [INFO] W_WEIGHT_DECAY=0.0003
05/31 12:05:51AM parser.py:31 [INFO] WORKERS=4
05/31 12:05:51AM parser.py:32 [INFO] 
05/31 12:05:53AM searchStage_trainer.py:103 [INFO] --> No loaded checkpoint!
####### ALPHA #######
# Alpha - DAG
tensor([[0.2501, 0.2500, 0.2499, 0.2501],
        [0.2500, 0.2501, 0.2497, 0.2502]], device='cuda:1',
       grad_fn=<SoftmaxBackward0>)
tensor([[0.2499, 0.2500, 0.2499, 0.2501],
        [0.2500, 0.2498, 0.2501, 0.2501],
        [0.2501, 0.2500, 0.2498, 0.2501]], device='cuda:1',
       grad_fn=<SoftmaxBackward0>)
tensor([[0.2508, 0.2494, 0.2503, 0.2496],
        [0.2498, 0.2496, 0.2501, 0.2504],
        [0.2502, 0.2498, 0.2498, 0.2502]], device='cuda:1',
       grad_fn=<SoftmaxBackward0>)
tensor([[0.2501, 0.2495, 0.2503, 0.2501],
        [0.2502, 0.2499, 0.2498, 0.2501],
        [0.2500, 0.2501, 0.2498, 0.2501]], device='cuda:1',
       grad_fn=<SoftmaxBackward0>)
tensor([[0.2499, 0.2502, 0.2501, 0.2498],
        [0.2499, 0.2502, 0.2500, 0.2499],
        [0.2497, 0.2503, 0.2501, 0.2499]], device='cuda:1',
       grad_fn=<SoftmaxBackward0>)
tensor([[0.2501, 0.2498, 0.2501, 0.2500],
        [0.2495, 0.2498, 0.2503, 0.2503],
        [0.2499, 0.2503, 0.2497, 0.2501]], device='cuda:1',
       grad_fn=<SoftmaxBackward0>)
tensor([[0.2498, 0.2499, 0.2501, 0.2502],
        [0.2500, 0.2503, 0.2496, 0.2501]], device='cuda:1',
       grad_fn=<SoftmaxBackward0>)
tensor([[0.2500, 0.2502, 0.2500, 0.2498],
        [0.2501, 0.2499, 0.2502, 0.2498],
        [0.2504, 0.2499, 0.2502, 0.2495]], device='cuda:1',
       grad_fn=<SoftmaxBackward0>)
tensor([[0.2499, 0.2498, 0.2503, 0.2500],
        [0.2498, 0.2502, 0.2502, 0.2498],
        [0.2502, 0.2502, 0.2502, 0.2494]], device='cuda:1',
       grad_fn=<SoftmaxBackward0>)
tensor([[0.2502, 0.2499, 0.2497, 0.2502],
        [0.2500, 0.2498, 0.2499, 0.2503],
        [0.2502, 0.2498, 0.2503, 0.2497]], device='cuda:1',
       grad_fn=<SoftmaxBackward0>)
tensor([[0.2500, 0.2499, 0.2500, 0.2501],
        [0.2501, 0.2498, 0.2500, 0.2502],
        [0.2500, 0.2497, 0.2503, 0.2500]], device='cuda:1',
       grad_fn=<SoftmaxBackward0>)
tensor([[0.2497, 0.2501, 0.2500, 0.2501],
        [0.2499, 0.2505, 0.2498, 0.2498],
        [0.2502, 0.2500, 0.2500, 0.2499]], device='cuda:1',
       grad_fn=<SoftmaxBackward0>)
tensor([[0.2502, 0.2499, 0.2499, 0.2500],
        [0.2501, 0.2502, 0.2499, 0.2497]], device='cuda:1',
       grad_fn=<SoftmaxBackward0>)
tensor([[0.2499, 0.2501, 0.2499, 0.2501],
        [0.2499, 0.2504, 0.2494, 0.2504],
        [0.2499, 0.2501, 0.2501, 0.2499]], device='cuda:1',
       grad_fn=<SoftmaxBackward0>)
tensor([[0.2500, 0.2503, 0.2498, 0.2499],
        [0.2501, 0.2503, 0.2499, 0.2497],
        [0.2500, 0.2500, 0.2499, 0.2500]], device='cuda:1',
       grad_fn=<SoftmaxBackward0>)
tensor([[0.2499, 0.2499, 0.2503, 0.2498],
        [0.2498, 0.2502, 0.2498, 0.2502],
        [0.2499, 0.2500, 0.2505, 0.2497]], device='cuda:1',
       grad_fn=<SoftmaxBackward0>)
tensor([[0.2500, 0.2499, 0.2500, 0.2500],
        [0.2499, 0.2499, 0.2500, 0.2501],
        [0.2499, 0.2500, 0.2500, 0.2501]], device='cuda:1',
       grad_fn=<SoftmaxBackward0>)
tensor([[0.2497, 0.2500, 0.2500, 0.2503],
        [0.2495, 0.2498, 0.2503, 0.2504],
        [0.2498, 0.2498, 0.2501, 0.2503]], device='cuda:1',
       grad_fn=<SoftmaxBackward0>)
#####################
05/31 12:06:24AM searchStage_trainer.py:211 [INFO] Train: Epoch: [0][50/390]	Step 50	lr 0.025	Loss 2.7851 (2.3513)	Prec@(1,5) (14.7%, 58.2%)	
05/31 12:06:52AM searchStage_trainer.py:211 [INFO] Train: Epoch: [0][100/390]	Step 100	lr 0.025	Loss 2.1063 (2.3089)	Prec@(1,5) (17.5%, 65.6%)	
05/31 12:07:20AM searchStage_trainer.py:211 [INFO] Train: Epoch: [0][150/390]	Step 150	lr 0.025	Loss 1.9589 (2.2001)	Prec@(1,5) (21.2%, 71.0%)	
05/31 12:07:48AM searchStage_trainer.py:211 [INFO] Train: Epoch: [0][200/390]	Step 200	lr 0.025	Loss 1.7079 (2.1212)	Prec@(1,5) (23.1%, 74.5%)	
05/31 12:08:16AM searchStage_trainer.py:211 [INFO] Train: Epoch: [0][250/390]	Step 250	lr 0.025	Loss 1.7263 (2.0562)	Prec@(1,5) (24.7%, 76.8%)	
05/31 12:08:43AM searchStage_trainer.py:211 [INFO] Train: Epoch: [0][300/390]	Step 300	lr 0.025	Loss 1.7950 (2.0085)	Prec@(1,5) (26.4%, 78.4%)	
05/31 12:09:11AM searchStage_trainer.py:211 [INFO] Train: Epoch: [0][350/390]	Step 350	lr 0.025	Loss 1.8445 (1.9667)	Prec@(1,5) (27.8%, 79.6%)	
05/31 12:09:34AM searchStage_trainer.py:211 [INFO] Train: Epoch: [0][390/390]	Step 390	lr 0.025	Loss 1.7514 (1.9357)	Prec@(1,5) (28.9%, 80.5%)	
05/31 12:09:36AM searchStage_trainer.py:221 [INFO] Train: [  0/49] Final Prec@1 28.8880%
05/31 12:09:40AM searchStage_trainer.py:249 [INFO] Valid: Epoch: [0][50/391]	Step 391	Loss 1.6722	Prec@(1,5) (36.9%, 89.7%)
05/31 12:09:45AM searchStage_trainer.py:249 [INFO] Valid: Epoch: [0][100/391]	Step 391	Loss 1.6792	Prec@(1,5) (36.3%, 89.3%)
05/31 12:09:49AM searchStage_trainer.py:249 [INFO] Valid: Epoch: [0][150/391]	Step 391	Loss 1.6729	Prec@(1,5) (36.5%, 89.3%)
05/31 12:09:54AM searchStage_trainer.py:249 [INFO] Valid: Epoch: [0][200/391]	Step 391	Loss 1.6685	Prec@(1,5) (36.7%, 89.2%)
05/31 12:09:59AM searchStage_trainer.py:249 [INFO] Valid: Epoch: [0][250/391]	Step 391	Loss 1.6638	Prec@(1,5) (36.8%, 89.3%)
05/31 12:10:03AM searchStage_trainer.py:249 [INFO] Valid: Epoch: [0][300/391]	Step 391	Loss 1.6662	Prec@(1,5) (36.8%, 89.3%)
05/31 12:10:08AM searchStage_trainer.py:249 [INFO] Valid: Epoch: [0][350/391]	Step 391	Loss 1.6620	Prec@(1,5) (36.9%, 89.2%)
05/31 12:10:12AM searchStage_trainer.py:249 [INFO] Valid: Epoch: [0][390/391]	Step 391	Loss 1.6596	Prec@(1,5) (36.9%, 89.2%)
05/31 12:10:12AM searchStage_trainer.py:260 [INFO] Valid: [  0/49] Final Prec@1 36.9000%
05/31 12:10:12AM searchStage_main.py:59 [INFO] DAG = Genotype2(DAG1=[[('avg_pool_3x3', 0), ('avg_pool_3x3', 1)], [('avg_pool_3x3', 2), ('avg_pool_3x3', 0)], [('avg_pool_3x3', 3), ('avg_pool_3x3', 2)], [('avg_pool_3x3', 3), ('avg_pool_3x3', 4)], [('avg_pool_3x3', 3), ('avg_pool_3x3', 5)], [('avg_pool_3x3', 5), ('avg_pool_3x3', 6)]], DAG1_concat=range(6, 8), DAG2=[[('skip_connect', 0), ('avg_pool_3x3', 1)], [('avg_pool_3x3', 2), ('skip_connect', 1)], [('avg_pool_3x3', 2), ('max_pool_3x3', 3)], [('skip_connect', 4), ('avg_pool_3x3', 3)], [('skip_connect', 4), ('max_pool_3x3', 3)], [('avg_pool_3x3', 5), ('avg_pool_3x3', 4)]], DAG2_concat=range(6, 8), DAG3=[[('avg_pool_3x3', 1), ('skip_connect', 0)], [('avg_pool_3x3', 2), ('max_pool_3x3', 0)], [('skip_connect', 3), ('avg_pool_3x3', 2)], [('skip_connect', 4), ('skip_connect', 2)], [('skip_connect', 3), ('skip_connect', 5)], [('skip_connect', 6), ('max_pool_3x3', 5)]], DAG3_concat=range(6, 8))
05/31 12:10:12AM searchStage_main.py:79 [INFO] Until now, best Prec@1 = 36.9000%
####### ALPHA #######
# Alpha - DAG
tensor([[0.2472, 0.2566, 0.2508, 0.2454],
        [0.2497, 0.2543, 0.2509, 0.2451]], device='cuda:1',
       grad_fn=<SoftmaxBackward0>)
tensor([[0.2466, 0.2556, 0.2549, 0.2428],
        [0.2504, 0.2548, 0.2523, 0.2425],
        [0.2486, 0.2611, 0.2445, 0.2458]], device='cuda:1',
       grad_fn=<SoftmaxBackward0>)
tensor([[0.2533, 0.2526, 0.2514, 0.2427],
        [0.2536, 0.2554, 0.2475, 0.2436],
        [0.2535, 0.2566, 0.2457, 0.2442]], device='cuda:1',
       grad_fn=<SoftmaxBackward0>)
tensor([[0.2525, 0.2548, 0.2463, 0.2464],
        [0.2515, 0.2572, 0.2485, 0.2428],
        [0.2522, 0.2561, 0.2453, 0.2464]], device='cuda:1',
       grad_fn=<SoftmaxBackward0>)
tensor([[0.2541, 0.2575, 0.2482, 0.2402],
        [0.2515, 0.2545, 0.2457, 0.2482],
        [0.2530, 0.2555, 0.2471, 0.2445]], device='cuda:1',
       grad_fn=<SoftmaxBackward0>)
tensor([[0.2521, 0.2533, 0.2487, 0.2459],
        [0.2521, 0.2550, 0.2489, 0.2441],
        [0.2511, 0.2539, 0.2459, 0.2491]], device='cuda:1',
       grad_fn=<SoftmaxBackward0>)
tensor([[0.2501, 0.2497, 0.2510, 0.2492],
        [0.2499, 0.2502, 0.2494, 0.2505]], device='cuda:1',
       grad_fn=<SoftmaxBackward0>)
tensor([[0.2497, 0.2508, 0.2510, 0.2484],
        [0.2499, 0.2496, 0.2509, 0.2496],
        [0.2508, 0.2511, 0.2496, 0.2485]], device='cuda:1',
       grad_fn=<SoftmaxBackward0>)
tensor([[0.2501, 0.2504, 0.2506, 0.2488],
        [0.2500, 0.2512, 0.2505, 0.2483],
        [0.2507, 0.2502, 0.2491, 0.2500]], device='cuda:1',
       grad_fn=<SoftmaxBackward0>)
tensor([[0.2499, 0.2503, 0.2495, 0.2503],
        [0.2499, 0.2505, 0.2498, 0.2498],
        [0.2501, 0.2506, 0.2506, 0.2488]], device='cuda:1',
       grad_fn=<SoftmaxBackward0>)
tensor([[0.2504, 0.2503, 0.2490, 0.2502],
        [0.2502, 0.2504, 0.2508, 0.2486],
        [0.2502, 0.2501, 0.2496, 0.2501]], device='cuda:1',
       grad_fn=<SoftmaxBackward0>)
tensor([[0.2498, 0.2506, 0.2503, 0.2493],
        [0.2502, 0.2510, 0.2494, 0.2494],
        [0.2503, 0.2502, 0.2495, 0.2500]], device='cuda:1',
       grad_fn=<SoftmaxBackward0>)
tensor([[0.2498, 0.2498, 0.2501, 0.2503],
        [0.2492, 0.2511, 0.2504, 0.2493]], device='cuda:1',
       grad_fn=<SoftmaxBackward0>)
tensor([[0.2504, 0.2497, 0.2497, 0.2502],
        [0.2495, 0.2503, 0.2495, 0.2506],
        [0.2500, 0.2504, 0.2503, 0.2493]], device='cuda:1',
       grad_fn=<SoftmaxBackward0>)
tensor([[0.2500, 0.2505, 0.2501, 0.2494],
        [0.2496, 0.2502, 0.2498, 0.2504],
        [0.2490, 0.2502, 0.2510, 0.2498]], device='cuda:1',
       grad_fn=<SoftmaxBackward0>)
tensor([[0.2493, 0.2501, 0.2508, 0.2498],
        [0.2493, 0.2502, 0.2498, 0.2507],
        [0.2491, 0.2503, 0.2514, 0.2492]], device='cuda:1',
       grad_fn=<SoftmaxBackward0>)
tensor([[0.2461, 0.2525, 0.2537, 0.2477],
        [0.2482, 0.2502, 0.2499, 0.2517],
        [0.2485, 0.2503, 0.2506, 0.2506]], device='cuda:1',
       grad_fn=<SoftmaxBackward0>)
tensor([[0.2499, 0.2494, 0.2502, 0.2505],
        [0.2505, 0.2486, 0.2502, 0.2507],
        [0.2495, 0.2501, 0.2506, 0.2497]], device='cuda:1',
       grad_fn=<SoftmaxBackward0>)
#####################
05/31 12:10:41午前 searchStage_trainer.py:211 [INFO] Train: Epoch: [1][50/390]	Step 441	lr 0.02498	Loss 1.4554 (1.6433)	Prec@(1,5) (38.0%, 90.2%)	
05/31 12:11:09午前 searchStage_trainer.py:211 [INFO] Train: Epoch: [1][100/390]	Step 491	lr 0.02498	Loss 1.6654 (1.6236)	Prec@(1,5) (39.7%, 89.8%)	
05/31 12:11:37午前 searchStage_trainer.py:211 [INFO] Train: Epoch: [1][150/390]	Step 541	lr 0.02498	Loss 1.5381 (1.6045)	Prec@(1,5) (39.9%, 90.4%)	
05/31 12:12:06午前 searchStage_trainer.py:211 [INFO] Train: Epoch: [1][200/390]	Step 591	lr 0.02498	Loss 1.4260 (1.5974)	Prec@(1,5) (40.3%, 90.2%)	
05/31 12:12:33午前 searchStage_trainer.py:211 [INFO] Train: Epoch: [1][250/390]	Step 641	lr 0.02498	Loss 1.5126 (1.5877)	Prec@(1,5) (40.7%, 90.2%)	
05/31 12:13:01午前 searchStage_trainer.py:211 [INFO] Train: Epoch: [1][300/390]	Step 691	lr 0.02498	Loss 1.6592 (1.5741)	Prec@(1,5) (41.3%, 90.5%)	
05/31 12:13:29午前 searchStage_trainer.py:211 [INFO] Train: Epoch: [1][350/390]	Step 741	lr 0.02498	Loss 1.2127 (1.5597)	Prec@(1,5) (42.0%, 90.6%)	
05/31 12:13:51午前 searchStage_trainer.py:211 [INFO] Train: Epoch: [1][390/390]	Step 781	lr 0.02498	Loss 1.5076 (1.5471)	Prec@(1,5) (42.6%, 90.8%)	
05/31 12:13:52午前 searchStage_trainer.py:221 [INFO] Train: [  1/49] Final Prec@1 42.5600%
05/31 12:13:56午前 searchStage_trainer.py:249 [INFO] Valid: Epoch: [1][50/391]	Step 782	Loss 1.4845	Prec@(1,5) (45.7%, 90.7%)
05/31 12:14:01午前 searchStage_trainer.py:249 [INFO] Valid: Epoch: [1][100/391]	Step 782	Loss 1.4698	Prec@(1,5) (47.0%, 91.3%)
05/31 12:14:06午前 searchStage_trainer.py:249 [INFO] Valid: Epoch: [1][150/391]	Step 782	Loss 1.4633	Prec@(1,5) (47.4%, 91.7%)
05/31 12:14:10午前 searchStage_trainer.py:249 [INFO] Valid: Epoch: [1][200/391]	Step 782	Loss 1.4710	Prec@(1,5) (47.2%, 91.8%)
05/31 12:14:15午前 searchStage_trainer.py:249 [INFO] Valid: Epoch: [1][250/391]	Step 782	Loss 1.4720	Prec@(1,5) (47.0%, 92.0%)
05/31 12:14:19午前 searchStage_trainer.py:249 [INFO] Valid: Epoch: [1][300/391]	Step 782	Loss 1.4709	Prec@(1,5) (47.0%, 92.1%)
05/31 12:14:24午前 searchStage_trainer.py:249 [INFO] Valid: Epoch: [1][350/391]	Step 782	Loss 1.4725	Prec@(1,5) (46.9%, 92.0%)
05/31 12:14:28午前 searchStage_trainer.py:249 [INFO] Valid: Epoch: [1][390/391]	Step 782	Loss 1.4720	Prec@(1,5) (46.8%, 92.0%)
05/31 12:14:28午前 searchStage_trainer.py:260 [INFO] Valid: [  1/49] Final Prec@1 46.8600%
05/31 12:14:28午前 searchStage_main.py:59 [INFO] DAG = Genotype2(DAG1=[[('avg_pool_3x3', 1), ('avg_pool_3x3', 0)], [('avg_pool_3x3', 2), ('avg_pool_3x3', 1)], [('avg_pool_3x3', 3), ('avg_pool_3x3', 2)], [('avg_pool_3x3', 3), ('avg_pool_3x3', 4)], [('avg_pool_3x3', 3), ('avg_pool_3x3', 5)], [('avg_pool_3x3', 5), ('avg_pool_3x3', 4)]], DAG1_concat=range(6, 8), DAG2=[[('skip_connect', 0), ('avg_pool_3x3', 1)], [('avg_pool_3x3', 2), ('skip_connect', 0)], [('max_pool_3x3', 3), ('avg_pool_3x3', 2)], [('avg_pool_3x3', 4), ('avg_pool_3x3', 3)], [('max_pool_3x3', 5), ('skip_connect', 4)], [('avg_pool_3x3', 5), ('avg_pool_3x3', 6)]], DAG2_concat=range(6, 8), DAG3=[[('avg_pool_3x3', 1), ('skip_connect', 0)], [('avg_pool_3x3', 2), ('max_pool_3x3', 0)], [('skip_connect', 3), ('avg_pool_3x3', 2)], [('skip_connect', 4), ('skip_connect', 2)], [('skip_connect', 3), ('skip_connect', 5)], [('skip_connect', 6), ('max_pool_3x3', 5)]], DAG3_concat=range(6, 8))
05/31 12:14:28午前 searchStage_main.py:79 [INFO] Until now, best Prec@1 = 46.8600%
####### ALPHA #######
# Alpha - DAG
tensor([[0.2506, 0.2586, 0.2499, 0.2410],
        [0.2495, 0.2588, 0.2535, 0.2382]], device='cuda:1',
       grad_fn=<SoftmaxBackward0>)
tensor([[0.2464, 0.2588, 0.2589, 0.2359],
        [0.2527, 0.2582, 0.2526, 0.2364],
        [0.2546, 0.2698, 0.2385, 0.2372]], device='cuda:1',
       grad_fn=<SoftmaxBackward0>)
tensor([[0.2537, 0.2562, 0.2545, 0.2355],
        [0.2565, 0.2623, 0.2409, 0.2403],
        [0.2568, 0.2656, 0.2431, 0.2345]], device='cuda:1',
       grad_fn=<SoftmaxBackward0>)
tensor([[0.2530, 0.2609, 0.2451, 0.2410],
        [0.2535, 0.2647, 0.2462, 0.2355],
        [0.2547, 0.2626, 0.2418, 0.2408]], device='cuda:1',
       grad_fn=<SoftmaxBackward0>)
tensor([[0.2572, 0.2639, 0.2443, 0.2346],
        [0.2543, 0.2606, 0.2420, 0.2431],
        [0.2549, 0.2613, 0.2460, 0.2378]], device='cuda:1',
       grad_fn=<SoftmaxBackward0>)
tensor([[0.2534, 0.2581, 0.2469, 0.2416],
        [0.2550, 0.2600, 0.2469, 0.2382],
        [0.2531, 0.2571, 0.2419, 0.2478]], device='cuda:1',
       grad_fn=<SoftmaxBackward0>)
tensor([[0.2500, 0.2496, 0.2516, 0.2488],
        [0.2494, 0.2504, 0.2501, 0.2502]], device='cuda:1',
       grad_fn=<SoftmaxBackward0>)
tensor([[0.2494, 0.2513, 0.2515, 0.2478],
        [0.2496, 0.2496, 0.2513, 0.2495],
        [0.2507, 0.2521, 0.2497, 0.2475]], device='cuda:1',
       grad_fn=<SoftmaxBackward0>)
tensor([[0.2505, 0.2510, 0.2506, 0.2479],
        [0.2499, 0.2516, 0.2505, 0.2480],
        [0.2512, 0.2507, 0.2486, 0.2496]], device='cuda:1',
       grad_fn=<SoftmaxBackward0>)
tensor([[0.2501, 0.2504, 0.2497, 0.2498],
        [0.2499, 0.2512, 0.2498, 0.2491],
        [0.2500, 0.2510, 0.2502, 0.2488]], device='cuda:1',
       grad_fn=<SoftmaxBackward0>)
tensor([[0.2509, 0.2507, 0.2482, 0.2501],
        [0.2506, 0.2509, 0.2510, 0.2475],
        [0.2507, 0.2504, 0.2487, 0.2502]], device='cuda:1',
       grad_fn=<SoftmaxBackward0>)
tensor([[0.2500, 0.2510, 0.2502, 0.2488],
        [0.2504, 0.2514, 0.2497, 0.2485],
        [0.2501, 0.2506, 0.2488, 0.2505]], device='cuda:1',
       grad_fn=<SoftmaxBackward0>)
tensor([[0.2492, 0.2498, 0.2504, 0.2506],
        [0.2485, 0.2518, 0.2506, 0.2491]], device='cuda:1',
       grad_fn=<SoftmaxBackward0>)
tensor([[0.2507, 0.2493, 0.2495, 0.2505],
        [0.2490, 0.2502, 0.2498, 0.2510],
        [0.2497, 0.2509, 0.2509, 0.2486]], device='cuda:1',
       grad_fn=<SoftmaxBackward0>)
tensor([[0.2499, 0.2505, 0.2505, 0.2491],
        [0.2493, 0.2502, 0.2498, 0.2506],
        [0.2485, 0.2504, 0.2514, 0.2498]], device='cuda:1',
       grad_fn=<SoftmaxBackward0>)
tensor([[0.2486, 0.2503, 0.2512, 0.2498],
        [0.2488, 0.2503, 0.2498, 0.2511],
        [0.2484, 0.2505, 0.2523, 0.2488]], device='cuda:1',
       grad_fn=<SoftmaxBackward0>)
tensor([[0.2428, 0.2546, 0.2569, 0.2457],
        [0.2466, 0.2504, 0.2498, 0.2531],
        [0.2471, 0.2506, 0.2511, 0.2511]], device='cuda:1',
       grad_fn=<SoftmaxBackward0>)
tensor([[0.2499, 0.2489, 0.2505, 0.2507],
        [0.2513, 0.2477, 0.2501, 0.2510],
        [0.2491, 0.2503, 0.2513, 0.2492]], device='cuda:1',
       grad_fn=<SoftmaxBackward0>)
#####################
05/31 12:14:57午前 searchStage_trainer.py:211 [INFO] Train: Epoch: [2][50/390]	Step 832	lr 0.02491	Loss 1.5686 (1.4512)	Prec@(1,5) (46.9%, 91.1%)	
05/31 12:15:25午前 searchStage_trainer.py:211 [INFO] Train: Epoch: [2][100/390]	Step 882	lr 0.02491	Loss 1.3831 (1.4213)	Prec@(1,5) (48.2%, 91.8%)	
05/31 12:15:53午前 searchStage_trainer.py:211 [INFO] Train: Epoch: [2][150/390]	Step 932	lr 0.02491	Loss 1.3591 (1.4303)	Prec@(1,5) (47.7%, 91.9%)	
05/31 12:16:21午前 searchStage_trainer.py:211 [INFO] Train: Epoch: [2][200/390]	Step 982	lr 0.02491	Loss 1.3246 (1.4183)	Prec@(1,5) (48.0%, 92.4%)	
05/31 12:16:49午前 searchStage_trainer.py:211 [INFO] Train: Epoch: [2][250/390]	Step 1032	lr 0.02491	Loss 1.2691 (1.4015)	Prec@(1,5) (48.8%, 92.7%)	
05/31 12:17:16午前 searchStage_trainer.py:211 [INFO] Train: Epoch: [2][300/390]	Step 1082	lr 0.02491	Loss 1.4013 (1.3945)	Prec@(1,5) (49.1%, 92.8%)	
05/31 12:17:44午前 searchStage_trainer.py:211 [INFO] Train: Epoch: [2][350/390]	Step 1132	lr 0.02491	Loss 1.3505 (1.3893)	Prec@(1,5) (49.4%, 92.9%)	
05/31 12:18:07午前 searchStage_trainer.py:211 [INFO] Train: Epoch: [2][390/390]	Step 1172	lr 0.02491	Loss 1.3274 (1.3807)	Prec@(1,5) (49.7%, 93.0%)	
05/31 12:18:07午前 searchStage_trainer.py:221 [INFO] Train: [  2/49] Final Prec@1 49.6600%
05/31 12:18:12午前 searchStage_trainer.py:249 [INFO] Valid: Epoch: [2][50/391]	Step 1173	Loss 1.4003	Prec@(1,5) (48.9%, 93.2%)
05/31 12:18:17午前 searchStage_trainer.py:249 [INFO] Valid: Epoch: [2][100/391]	Step 1173	Loss 1.3885	Prec@(1,5) (50.2%, 93.1%)
05/31 12:18:21午前 searchStage_trainer.py:249 [INFO] Valid: Epoch: [2][150/391]	Step 1173	Loss 1.3886	Prec@(1,5) (50.5%, 93.3%)
05/31 12:18:26午前 searchStage_trainer.py:249 [INFO] Valid: Epoch: [2][200/391]	Step 1173	Loss 1.3779	Prec@(1,5) (50.5%, 93.3%)
05/31 12:18:31午前 searchStage_trainer.py:249 [INFO] Valid: Epoch: [2][250/391]	Step 1173	Loss 1.3801	Prec@(1,5) (50.3%, 93.2%)
05/31 12:18:35午前 searchStage_trainer.py:249 [INFO] Valid: Epoch: [2][300/391]	Step 1173	Loss 1.3861	Prec@(1,5) (50.1%, 93.1%)
05/31 12:18:40午前 searchStage_trainer.py:249 [INFO] Valid: Epoch: [2][350/391]	Step 1173	Loss 1.3906	Prec@(1,5) (50.1%, 93.0%)
05/31 12:18:43午前 searchStage_trainer.py:249 [INFO] Valid: Epoch: [2][390/391]	Step 1173	Loss 1.3913	Prec@(1,5) (50.1%, 92.9%)
05/31 12:18:44午前 searchStage_trainer.py:260 [INFO] Valid: [  2/49] Final Prec@1 50.0600%
05/31 12:18:44午前 searchStage_main.py:59 [INFO] DAG = Genotype2(DAG1=[[('avg_pool_3x3', 1), ('avg_pool_3x3', 0)], [('avg_pool_3x3', 2), ('avg_pool_3x3', 1)], [('avg_pool_3x3', 3), ('avg_pool_3x3', 2)], [('avg_pool_3x3', 4), ('avg_pool_3x3', 3)], [('avg_pool_3x3', 5), ('avg_pool_3x3', 3)], [('avg_pool_3x3', 5), ('avg_pool_3x3', 6)]], DAG1_concat=range(6, 8), DAG2=[[('skip_connect', 0), ('skip_connect', 1)], [('avg_pool_3x3', 2), ('skip_connect', 0)], [('max_pool_3x3', 3), ('avg_pool_3x3', 2)], [('avg_pool_3x3', 4), ('avg_pool_3x3', 3)], [('max_pool_3x3', 5), ('avg_pool_3x3', 4)], [('avg_pool_3x3', 5), ('avg_pool_3x3', 6)]], DAG2_concat=range(6, 8), DAG3=[[('avg_pool_3x3', 1), ('skip_connect', 0)], [('skip_connect', 2), ('max_pool_3x3', 0)], [('skip_connect', 3), ('avg_pool_3x3', 2)], [('skip_connect', 4), ('avg_pool_3x3', 3)], [('skip_connect', 3), ('skip_connect', 5)], [('skip_connect', 6), ('max_pool_3x3', 5)]], DAG3_concat=range(6, 8))
05/31 12:18:44午前 searchStage_main.py:79 [INFO] Until now, best Prec@1 = 50.0600%
####### ALPHA #######
# Alpha - DAG
tensor([[0.2494, 0.2639, 0.2506, 0.2361],
        [0.2455, 0.2668, 0.2574, 0.2303]], device='cuda:1',
       grad_fn=<SoftmaxBackward0>)
tensor([[0.2483, 0.2635, 0.2614, 0.2268],
        [0.2534, 0.2652, 0.2565, 0.2249],
        [0.2569, 0.2797, 0.2310, 0.2323]], device='cuda:1',
       grad_fn=<SoftmaxBackward0>)
tensor([[0.2566, 0.2605, 0.2559, 0.2271],
        [0.2597, 0.2695, 0.2390, 0.2319],
        [0.2616, 0.2735, 0.2357, 0.2292]], device='cuda:1',
       grad_fn=<SoftmaxBackward0>)
tensor([[0.2560, 0.2658, 0.2389, 0.2393],
        [0.2570, 0.2719, 0.2429, 0.2282],
        [0.2578, 0.2699, 0.2404, 0.2319]], device='cuda:1',
       grad_fn=<SoftmaxBackward0>)
tensor([[0.2596, 0.2700, 0.2422, 0.2281],
        [0.2574, 0.2663, 0.2401, 0.2363],
        [0.2575, 0.2674, 0.2406, 0.2345]], device='cuda:1',
       grad_fn=<SoftmaxBackward0>)
tensor([[0.2554, 0.2627, 0.2445, 0.2374],
        [0.2584, 0.2639, 0.2446, 0.2330],
        [0.2547, 0.2609, 0.2396, 0.2448]], device='cuda:1',
       grad_fn=<SoftmaxBackward0>)
tensor([[0.2499, 0.2502, 0.2524, 0.2476],
        [0.2496, 0.2496, 0.2499, 0.2508]], device='cuda:1',
       grad_fn=<SoftmaxBackward0>)
tensor([[0.2487, 0.2518, 0.2526, 0.2470],
        [0.2497, 0.2496, 0.2512, 0.2495],
        [0.2504, 0.2527, 0.2501, 0.2469]], device='cuda:1',
       grad_fn=<SoftmaxBackward0>)
tensor([[0.2512, 0.2508, 0.2505, 0.2475],
        [0.2501, 0.2521, 0.2503, 0.2475],
        [0.2516, 0.2508, 0.2483, 0.2493]], device='cuda:1',
       grad_fn=<SoftmaxBackward0>)
tensor([[0.2503, 0.2507, 0.2494, 0.2496],
        [0.2502, 0.2513, 0.2498, 0.2486],
        [0.2503, 0.2512, 0.2500, 0.2485]], device='cuda:1',
       grad_fn=<SoftmaxBackward0>)
tensor([[0.2511, 0.2509, 0.2474, 0.2506],
        [0.2505, 0.2515, 0.2514, 0.2466],
        [0.2509, 0.2508, 0.2484, 0.2499]], device='cuda:1',
       grad_fn=<SoftmaxBackward0>)
tensor([[0.2500, 0.2513, 0.2504, 0.2484],
        [0.2505, 0.2519, 0.2498, 0.2478],
        [0.2503, 0.2505, 0.2482, 0.2509]], device='cuda:1',
       grad_fn=<SoftmaxBackward0>)
tensor([[0.2489, 0.2499, 0.2506, 0.2506],
        [0.2479, 0.2522, 0.2509, 0.2490]], device='cuda:1',
       grad_fn=<SoftmaxBackward0>)
tensor([[0.2509, 0.2490, 0.2494, 0.2507],
        [0.2485, 0.2503, 0.2500, 0.2512],
        [0.2496, 0.2511, 0.2512, 0.2482]], device='cuda:1',
       grad_fn=<SoftmaxBackward0>)
tensor([[0.2499, 0.2503, 0.2505, 0.2492],
        [0.2489, 0.2503, 0.2499, 0.2508],
        [0.2479, 0.2505, 0.2520, 0.2496]], device='cuda:1',
       grad_fn=<SoftmaxBackward0>)
tensor([[0.2483, 0.2504, 0.2515, 0.2498],
        [0.2483, 0.2503, 0.2499, 0.2514],
        [0.2479, 0.2507, 0.2529, 0.2485]], device='cuda:1',
       grad_fn=<SoftmaxBackward0>)
tensor([[0.2400, 0.2563, 0.2597, 0.2440],
        [0.2455, 0.2506, 0.2497, 0.2542],
        [0.2462, 0.2508, 0.2515, 0.2515]], device='cuda:1',
       grad_fn=<SoftmaxBackward0>)
tensor([[0.2501, 0.2484, 0.2508, 0.2508],
        [0.2519, 0.2469, 0.2500, 0.2512],
        [0.2488, 0.2505, 0.2519, 0.2488]], device='cuda:1',
       grad_fn=<SoftmaxBackward0>)
#####################
05/31 12:19:13午前 searchStage_trainer.py:211 [INFO] Train: Epoch: [3][50/390]	Step 1223	lr 0.02479	Loss 1.5012 (1.2950)	Prec@(1,5) (53.0%, 93.4%)	
05/31 12:19:41午前 searchStage_trainer.py:211 [INFO] Train: Epoch: [3][100/390]	Step 1273	lr 0.02479	Loss 1.1979 (1.2977)	Prec@(1,5) (53.4%, 93.7%)	
05/31 12:20:09午前 searchStage_trainer.py:211 [INFO] Train: Epoch: [3][150/390]	Step 1323	lr 0.02479	Loss 1.4621 (1.2873)	Prec@(1,5) (53.5%, 94.0%)	
05/31 12:20:37午前 searchStage_trainer.py:211 [INFO] Train: Epoch: [3][200/390]	Step 1373	lr 0.02479	Loss 1.2556 (1.2780)	Prec@(1,5) (53.7%, 94.2%)	
05/31 12:21:05午前 searchStage_trainer.py:211 [INFO] Train: Epoch: [3][250/390]	Step 1423	lr 0.02479	Loss 1.1382 (1.2689)	Prec@(1,5) (54.2%, 94.3%)	
05/31 12:21:32午前 searchStage_trainer.py:211 [INFO] Train: Epoch: [3][300/390]	Step 1473	lr 0.02479	Loss 1.2389 (1.2600)	Prec@(1,5) (54.5%, 94.4%)	
05/31 12:22:01午前 searchStage_trainer.py:211 [INFO] Train: Epoch: [3][350/390]	Step 1523	lr 0.02479	Loss 1.4395 (1.2469)	Prec@(1,5) (54.9%, 94.6%)	
05/31 12:22:23午前 searchStage_trainer.py:211 [INFO] Train: Epoch: [3][390/390]	Step 1563	lr 0.02479	Loss 1.0551 (1.2414)	Prec@(1,5) (55.0%, 94.7%)	
05/31 12:22:23午前 searchStage_trainer.py:221 [INFO] Train: [  3/49] Final Prec@1 55.0600%
05/31 12:22:28午前 searchStage_trainer.py:249 [INFO] Valid: Epoch: [3][50/391]	Step 1564	Loss 1.3326	Prec@(1,5) (53.0%, 94.2%)
05/31 12:22:33午前 searchStage_trainer.py:249 [INFO] Valid: Epoch: [3][100/391]	Step 1564	Loss 1.2907	Prec@(1,5) (54.4%, 94.7%)
05/31 12:22:37午前 searchStage_trainer.py:249 [INFO] Valid: Epoch: [3][150/391]	Step 1564	Loss 1.2894	Prec@(1,5) (54.1%, 94.6%)
05/31 12:22:42午前 searchStage_trainer.py:249 [INFO] Valid: Epoch: [3][200/391]	Step 1564	Loss 1.2944	Prec@(1,5) (53.8%, 94.5%)
05/31 12:22:46午前 searchStage_trainer.py:249 [INFO] Valid: Epoch: [3][250/391]	Step 1564	Loss 1.2820	Prec@(1,5) (54.1%, 94.6%)
05/31 12:22:51午前 searchStage_trainer.py:249 [INFO] Valid: Epoch: [3][300/391]	Step 1564	Loss 1.2776	Prec@(1,5) (54.1%, 94.5%)
05/31 12:22:56午前 searchStage_trainer.py:249 [INFO] Valid: Epoch: [3][350/391]	Step 1564	Loss 1.2753	Prec@(1,5) (54.1%, 94.5%)
05/31 12:22:59午前 searchStage_trainer.py:249 [INFO] Valid: Epoch: [3][390/391]	Step 1564	Loss 1.2753	Prec@(1,5) (54.2%, 94.5%)
05/31 12:22:59午前 searchStage_trainer.py:260 [INFO] Valid: [  3/49] Final Prec@1 54.1560%
05/31 12:23:00午前 searchStage_main.py:59 [INFO] DAG = Genotype2(DAG1=[[('avg_pool_3x3', 1), ('avg_pool_3x3', 0)], [('avg_pool_3x3', 2), ('avg_pool_3x3', 1)], [('avg_pool_3x3', 3), ('avg_pool_3x3', 2)], [('avg_pool_3x3', 4), ('avg_pool_3x3', 3)], [('avg_pool_3x3', 5), ('avg_pool_3x3', 3)], [('avg_pool_3x3', 5), ('avg_pool_3x3', 6)]], DAG1_concat=range(6, 8), DAG2=[[('skip_connect', 0), ('skip_connect', 1)], [('avg_pool_3x3', 2), ('skip_connect', 0)], [('max_pool_3x3', 3), ('avg_pool_3x3', 2)], [('avg_pool_3x3', 4), ('avg_pool_3x3', 3)], [('avg_pool_3x3', 5), ('skip_connect', 4)], [('avg_pool_3x3', 5), ('avg_pool_3x3', 6)]], DAG2_concat=range(6, 8), DAG3=[[('avg_pool_3x3', 1), ('skip_connect', 0)], [('skip_connect', 2), ('max_pool_3x3', 0)], [('skip_connect', 3), ('avg_pool_3x3', 2)], [('skip_connect', 4), ('avg_pool_3x3', 3)], [('skip_connect', 3), ('skip_connect', 5)], [('skip_connect', 6), ('max_pool_3x3', 5)]], DAG3_concat=range(6, 8))
05/31 12:23:00午前 searchStage_main.py:79 [INFO] Until now, best Prec@1 = 54.1560%
####### ALPHA #######
# Alpha - DAG
tensor([[0.2486, 0.2690, 0.2529, 0.2296],
        [0.2472, 0.2736, 0.2561, 0.2232]], device='cuda:1',
       grad_fn=<SoftmaxBackward0>)
tensor([[0.2503, 0.2698, 0.2645, 0.2154],
        [0.2535, 0.2712, 0.2575, 0.2178],
        [0.2617, 0.2892, 0.2245, 0.2245]], device='cuda:1',
       grad_fn=<SoftmaxBackward0>)
tensor([[0.2586, 0.2633, 0.2570, 0.2211],
        [0.2622, 0.2761, 0.2368, 0.2248],
        [0.2653, 0.2808, 0.2317, 0.2222]], device='cuda:1',
       grad_fn=<SoftmaxBackward0>)
tensor([[0.2586, 0.2709, 0.2374, 0.2331],
        [0.2588, 0.2787, 0.2416, 0.2208],
        [0.2606, 0.2752, 0.2359, 0.2283]], device='cuda:1',
       grad_fn=<SoftmaxBackward0>)
tensor([[0.2622, 0.2758, 0.2418, 0.2203],
        [0.2602, 0.2702, 0.2359, 0.2338],
        [0.2599, 0.2725, 0.2379, 0.2297]], device='cuda:1',
       grad_fn=<SoftmaxBackward0>)
tensor([[0.2577, 0.2677, 0.2424, 0.2323],
        [0.2609, 0.2683, 0.2415, 0.2292],
        [0.2577, 0.2648, 0.2365, 0.2410]], device='cuda:1',
       grad_fn=<SoftmaxBackward0>)
tensor([[0.2500, 0.2507, 0.2523, 0.2471],
        [0.2495, 0.2495, 0.2501, 0.2510]], device='cuda:1',
       grad_fn=<SoftmaxBackward0>)
tensor([[0.2490, 0.2523, 0.2525, 0.2462],
        [0.2499, 0.2494, 0.2511, 0.2496],
        [0.2501, 0.2532, 0.2500, 0.2467]], device='cuda:1',
       grad_fn=<SoftmaxBackward0>)
tensor([[0.2519, 0.2511, 0.2505, 0.2464],
        [0.2503, 0.2521, 0.2500, 0.2476],
        [0.2520, 0.2510, 0.2477, 0.2493]], device='cuda:1',
       grad_fn=<SoftmaxBackward0>)
tensor([[0.2502, 0.2507, 0.2492, 0.2498],
        [0.2503, 0.2515, 0.2496, 0.2486],
        [0.2506, 0.2514, 0.2501, 0.2478]], device='cuda:1',
       grad_fn=<SoftmaxBackward0>)
tensor([[0.2512, 0.2510, 0.2468, 0.2510],
        [0.2505, 0.2520, 0.2520, 0.2455],
        [0.2509, 0.2510, 0.2481, 0.2500]], device='cuda:1',
       grad_fn=<SoftmaxBackward0>)
tensor([[0.2502, 0.2516, 0.2504, 0.2479],
        [0.2507, 0.2524, 0.2499, 0.2470],
        [0.2502, 0.2505, 0.2478, 0.2515]], device='cuda:1',
       grad_fn=<SoftmaxBackward0>)
tensor([[0.2485, 0.2500, 0.2508, 0.2507],
        [0.2475, 0.2526, 0.2510, 0.2489]], device='cuda:1',
       grad_fn=<SoftmaxBackward0>)
tensor([[0.2509, 0.2488, 0.2495, 0.2508],
        [0.2481, 0.2503, 0.2502, 0.2514],
        [0.2495, 0.2512, 0.2514, 0.2479]], device='cuda:1',
       grad_fn=<SoftmaxBackward0>)
tensor([[0.2499, 0.2504, 0.2507, 0.2490],
        [0.2486, 0.2504, 0.2500, 0.2510],
        [0.2474, 0.2506, 0.2524, 0.2496]], device='cuda:1',
       grad_fn=<SoftmaxBackward0>)
tensor([[0.2479, 0.2506, 0.2517, 0.2498],
        [0.2481, 0.2503, 0.2500, 0.2516],
        [0.2475, 0.2509, 0.2533, 0.2483]], device='cuda:1',
       grad_fn=<SoftmaxBackward0>)
tensor([[0.2378, 0.2578, 0.2619, 0.2426],
        [0.2445, 0.2508, 0.2496, 0.2551],
        [0.2454, 0.2509, 0.2518, 0.2518]], device='cuda:1',
       grad_fn=<SoftmaxBackward0>)
tensor([[0.2501, 0.2480, 0.2510, 0.2509],
        [0.2524, 0.2462, 0.2500, 0.2514],
        [0.2485, 0.2507, 0.2523, 0.2485]], device='cuda:1',
       grad_fn=<SoftmaxBackward0>)
#####################
05/31 12:23:29午前 searchStage_trainer.py:211 [INFO] Train: Epoch: [4][50/390]	Step 1614	lr 0.02462	Loss 1.0458 (1.1408)	Prec@(1,5) (58.7%, 95.6%)	
05/31 12:23:57午前 searchStage_trainer.py:211 [INFO] Train: Epoch: [4][100/390]	Step 1664	lr 0.02462	Loss 1.0179 (1.1373)	Prec@(1,5) (58.9%, 95.9%)	
05/31 12:24:25午前 searchStage_trainer.py:211 [INFO] Train: Epoch: [4][150/390]	Step 1714	lr 0.02462	Loss 0.9866 (1.1241)	Prec@(1,5) (59.6%, 95.9%)	
05/31 12:24:53午前 searchStage_trainer.py:211 [INFO] Train: Epoch: [4][200/390]	Step 1764	lr 0.02462	Loss 1.1720 (1.1137)	Prec@(1,5) (60.0%, 95.8%)	
05/31 12:25:21午前 searchStage_trainer.py:211 [INFO] Train: Epoch: [4][250/390]	Step 1814	lr 0.02462	Loss 1.4109 (1.1075)	Prec@(1,5) (60.3%, 95.8%)	
05/31 12:25:48午前 searchStage_trainer.py:211 [INFO] Train: Epoch: [4][300/390]	Step 1864	lr 0.02462	Loss 1.1216 (1.0984)	Prec@(1,5) (60.7%, 95.9%)	
05/31 12:26:16午前 searchStage_trainer.py:211 [INFO] Train: Epoch: [4][350/390]	Step 1914	lr 0.02462	Loss 1.0781 (1.0939)	Prec@(1,5) (60.7%, 95.9%)	
05/31 12:26:39午前 searchStage_trainer.py:211 [INFO] Train: Epoch: [4][390/390]	Step 1954	lr 0.02462	Loss 1.0485 (1.0961)	Prec@(1,5) (60.6%, 96.0%)	
05/31 12:26:39午前 searchStage_trainer.py:221 [INFO] Train: [  4/49] Final Prec@1 60.6520%
05/31 12:26:44午前 searchStage_trainer.py:249 [INFO] Valid: Epoch: [4][50/391]	Step 1955	Loss 1.0832	Prec@(1,5) (61.4%, 96.3%)
05/31 12:26:49午前 searchStage_trainer.py:249 [INFO] Valid: Epoch: [4][100/391]	Step 1955	Loss 1.0772	Prec@(1,5) (61.0%, 96.3%)
05/31 12:26:53午前 searchStage_trainer.py:249 [INFO] Valid: Epoch: [4][150/391]	Step 1955	Loss 1.0714	Prec@(1,5) (61.2%, 96.2%)
05/31 12:26:58午前 searchStage_trainer.py:249 [INFO] Valid: Epoch: [4][200/391]	Step 1955	Loss 1.0723	Prec@(1,5) (61.3%, 96.2%)
05/31 12:27:02午前 searchStage_trainer.py:249 [INFO] Valid: Epoch: [4][250/391]	Step 1955	Loss 1.0738	Prec@(1,5) (61.0%, 96.2%)
05/31 12:27:07午前 searchStage_trainer.py:249 [INFO] Valid: Epoch: [4][300/391]	Step 1955	Loss 1.0768	Prec@(1,5) (61.0%, 96.2%)
05/31 12:27:12午前 searchStage_trainer.py:249 [INFO] Valid: Epoch: [4][350/391]	Step 1955	Loss 1.0742	Prec@(1,5) (61.2%, 96.2%)
05/31 12:27:15午前 searchStage_trainer.py:249 [INFO] Valid: Epoch: [4][390/391]	Step 1955	Loss 1.0759	Prec@(1,5) (61.2%, 96.2%)
05/31 12:27:15午前 searchStage_trainer.py:260 [INFO] Valid: [  4/49] Final Prec@1 61.2520%
05/31 12:27:15午前 searchStage_main.py:59 [INFO] DAG = Genotype2(DAG1=[[('avg_pool_3x3', 1), ('avg_pool_3x3', 0)], [('avg_pool_3x3', 2), ('avg_pool_3x3', 1)], [('avg_pool_3x3', 3), ('avg_pool_3x3', 2)], [('avg_pool_3x3', 4), ('avg_pool_3x3', 3)], [('avg_pool_3x3', 5), ('avg_pool_3x3', 4)], [('avg_pool_3x3', 5), ('avg_pool_3x3', 6)]], DAG1_concat=range(6, 8), DAG2=[[('skip_connect', 0), ('skip_connect', 1)], [('avg_pool_3x3', 2), ('avg_pool_3x3', 0)], [('max_pool_3x3', 3), ('avg_pool_3x3', 2)], [('avg_pool_3x3', 4), ('avg_pool_3x3', 3)], [('max_pool_3x3', 5), ('skip_connect', 4)], [('avg_pool_3x3', 6), ('avg_pool_3x3', 5)]], DAG2_concat=range(6, 8), DAG3=[[('avg_pool_3x3', 1), ('skip_connect', 0)], [('skip_connect', 2), ('max_pool_3x3', 0)], [('skip_connect', 3), ('avg_pool_3x3', 2)], [('skip_connect', 4), ('avg_pool_3x3', 3)], [('skip_connect', 3), ('skip_connect', 5)], [('skip_connect', 6), ('max_pool_3x3', 5)]], DAG3_concat=range(6, 8))
05/31 12:27:16午前 searchStage_main.py:79 [INFO] Until now, best Prec@1 = 61.2520%
####### ALPHA #######
# Alpha - DAG
tensor([[0.2493, 0.2736, 0.2541, 0.2230],
        [0.2501, 0.2794, 0.2547, 0.2158]], device='cuda:1',
       grad_fn=<SoftmaxBackward0>)
tensor([[0.2516, 0.2738, 0.2659, 0.2086],
        [0.2563, 0.2760, 0.2578, 0.2099],
        [0.2653, 0.2974, 0.2217, 0.2156]], device='cuda:1',
       grad_fn=<SoftmaxBackward0>)
tensor([[0.2600, 0.2670, 0.2579, 0.2150],
        [0.2646, 0.2815, 0.2335, 0.2204],
        [0.2684, 0.2870, 0.2297, 0.2149]], device='cuda:1',
       grad_fn=<SoftmaxBackward0>)
tensor([[0.2603, 0.2751, 0.2362, 0.2284],
        [0.2603, 0.2839, 0.2402, 0.2156],
        [0.2626, 0.2802, 0.2333, 0.2240]], device='cuda:1',
       grad_fn=<SoftmaxBackward0>)
tensor([[0.2639, 0.2809, 0.2402, 0.2150],
        [0.2627, 0.2748, 0.2338, 0.2287],
        [0.2624, 0.2765, 0.2348, 0.2263]], device='cuda:1',
       grad_fn=<SoftmaxBackward0>)
tensor([[0.2598, 0.2723, 0.2399, 0.2280],
        [0.2634, 0.2729, 0.2380, 0.2257],
        [0.2592, 0.2685, 0.2349, 0.2375]], device='cuda:1',
       grad_fn=<SoftmaxBackward0>)
tensor([[0.2500, 0.2509, 0.2523, 0.2467],
        [0.2490, 0.2493, 0.2506, 0.2511]], device='cuda:1',
       grad_fn=<SoftmaxBackward0>)
tensor([[0.2494, 0.2524, 0.2521, 0.2461],
        [0.2496, 0.2496, 0.2515, 0.2493],
        [0.2499, 0.2535, 0.2501, 0.2465]], device='cuda:1',
       grad_fn=<SoftmaxBackward0>)
tensor([[0.2521, 0.2512, 0.2505, 0.2461],
        [0.2504, 0.2522, 0.2499, 0.2476],
        [0.2521, 0.2511, 0.2477, 0.2491]], device='cuda:1',
       grad_fn=<SoftmaxBackward0>)
tensor([[0.2504, 0.2507, 0.2491, 0.2498],
        [0.2504, 0.2517, 0.2495, 0.2483],
        [0.2506, 0.2515, 0.2500, 0.2479]], device='cuda:1',
       grad_fn=<SoftmaxBackward0>)
tensor([[0.2511, 0.2510, 0.2468, 0.2511],
        [0.2504, 0.2522, 0.2522, 0.2452],
        [0.2510, 0.2510, 0.2480, 0.2499]], device='cuda:1',
       grad_fn=<SoftmaxBackward0>)
tensor([[0.2500, 0.2518, 0.2507, 0.2474],
        [0.2506, 0.2526, 0.2499, 0.2469],
        [0.2502, 0.2504, 0.2477, 0.2517]], device='cuda:1',
       grad_fn=<SoftmaxBackward0>)
tensor([[0.2483, 0.2499, 0.2510, 0.2509],
        [0.2471, 0.2529, 0.2513, 0.2487]], device='cuda:1',
       grad_fn=<SoftmaxBackward0>)
tensor([[0.2511, 0.2486, 0.2494, 0.2509],
        [0.2479, 0.2502, 0.2503, 0.2516],
        [0.2494, 0.2513, 0.2515, 0.2477]], device='cuda:1',
       grad_fn=<SoftmaxBackward0>)
tensor([[0.2498, 0.2504, 0.2508, 0.2490],
        [0.2484, 0.2504, 0.2500, 0.2511],
        [0.2471, 0.2507, 0.2528, 0.2495]], device='cuda:1',
       grad_fn=<SoftmaxBackward0>)
tensor([[0.2476, 0.2506, 0.2519, 0.2498],
        [0.2478, 0.2503, 0.2499, 0.2519],
        [0.2472, 0.2510, 0.2537, 0.2481]], device='cuda:1',
       grad_fn=<SoftmaxBackward0>)
tensor([[0.2360, 0.2589, 0.2638, 0.2413],
        [0.2437, 0.2509, 0.2495, 0.2558],
        [0.2449, 0.2511, 0.2519, 0.2521]], device='cuda:1',
       grad_fn=<SoftmaxBackward0>)
tensor([[0.2501, 0.2477, 0.2512, 0.2509],
        [0.2528, 0.2457, 0.2499, 0.2516],
        [0.2483, 0.2508, 0.2526, 0.2483]], device='cuda:1',
       grad_fn=<SoftmaxBackward0>)
#####################
05/31 12:27:45午前 searchStage_trainer.py:211 [INFO] Train: Epoch: [5][50/390]	Step 2005	lr 0.02441	Loss 0.9399 (1.0093)	Prec@(1,5) (64.6%, 96.7%)	
05/31 12:28:13午前 searchStage_trainer.py:211 [INFO] Train: Epoch: [5][100/390]	Step 2055	lr 0.02441	Loss 0.9973 (1.0209)	Prec@(1,5) (63.9%, 96.7%)	
05/31 12:28:41午前 searchStage_trainer.py:211 [INFO] Train: Epoch: [5][150/390]	Step 2105	lr 0.02441	Loss 1.2854 (1.0170)	Prec@(1,5) (64.2%, 96.7%)	
05/31 12:29:09午前 searchStage_trainer.py:211 [INFO] Train: Epoch: [5][200/390]	Step 2155	lr 0.02441	Loss 1.1311 (1.0104)	Prec@(1,5) (64.4%, 96.7%)	
05/31 12:29:37午前 searchStage_trainer.py:211 [INFO] Train: Epoch: [5][250/390]	Step 2205	lr 0.02441	Loss 1.1640 (1.0076)	Prec@(1,5) (64.6%, 96.8%)	
05/31 12:30:04午前 searchStage_trainer.py:211 [INFO] Train: Epoch: [5][300/390]	Step 2255	lr 0.02441	Loss 0.7670 (1.0064)	Prec@(1,5) (64.6%, 96.8%)	
05/31 12:30:32午前 searchStage_trainer.py:211 [INFO] Train: Epoch: [5][350/390]	Step 2305	lr 0.02441	Loss 0.9492 (1.0013)	Prec@(1,5) (64.8%, 96.8%)	
05/31 12:30:55午前 searchStage_trainer.py:211 [INFO] Train: Epoch: [5][390/390]	Step 2345	lr 0.02441	Loss 0.6672 (1.0005)	Prec@(1,5) (64.7%, 96.8%)	
05/31 12:30:55午前 searchStage_trainer.py:221 [INFO] Train: [  5/49] Final Prec@1 64.7360%
05/31 12:31:00午前 searchStage_trainer.py:249 [INFO] Valid: Epoch: [5][50/391]	Step 2346	Loss 1.1427	Prec@(1,5) (60.2%, 96.0%)
05/31 12:31:05午前 searchStage_trainer.py:249 [INFO] Valid: Epoch: [5][100/391]	Step 2346	Loss 1.1556	Prec@(1,5) (60.1%, 95.6%)
05/31 12:31:09午前 searchStage_trainer.py:249 [INFO] Valid: Epoch: [5][150/391]	Step 2346	Loss 1.1563	Prec@(1,5) (60.4%, 95.5%)
05/31 12:31:14午前 searchStage_trainer.py:249 [INFO] Valid: Epoch: [5][200/391]	Step 2346	Loss 1.1634	Prec@(1,5) (60.1%, 95.5%)
