05/31 12:55:42AM parser.py:28 [INFO] 
05/31 12:55:42AM parser.py:29 [INFO] Parameters:
05/31 12:55:42AM parser.py:31 [INFO] DAG_PATH=results/search_Stage/CIFAR10/SCRATCH_SIMPLE_SPEC/EXP-20240531-005542/DAG
05/31 12:55:42AM parser.py:31 [INFO] ALPHA_LR=0.0003
05/31 12:55:42AM parser.py:31 [INFO] ALPHA_WEIGHT_DECAY=0.001
05/31 12:55:42AM parser.py:31 [INFO] BATCH_SIZE=64
05/31 12:55:42AM parser.py:31 [INFO] CHECKPOINT_RESET=False
05/31 12:55:42AM parser.py:31 [INFO] DATA_PATH=../data/
05/31 12:55:42AM parser.py:31 [INFO] DATASET=CIFAR10
05/31 12:55:42AM parser.py:31 [INFO] EPOCHS=50
05/31 12:55:42AM parser.py:31 [INFO] EXP_NAME=EXP-20240531-005542
05/31 12:55:42AM parser.py:31 [INFO] GENOTYPE=Genotype(normal=[[('sep_conv_3x3', 0), ('skip_connect', 1)], [('skip_connect', 1), ('dil_conv_3x3', 2)], [('sep_conv_3x3', 1), ('dil_conv_3x3', 3)], [('sep_conv_3x3', 1), ('sep_conv_5x5', 4)]], normal_concat=range(2, 6), reduce=[[('sep_conv_3x3', 0), ('sep_conv_3x3', 1)], [('none', 1), ('avg_pool_3x3', 2)], [('skip_connect', 2), ('sep_conv_5x5', 3)], [('none', 3), ('avg_pool_3x3', 4)]], reduce_concat=range(2, 6))
05/31 12:55:42AM parser.py:31 [INFO] GPUS=[1]
05/31 12:55:42AM parser.py:31 [INFO] INIT_CHANNELS=16
05/31 12:55:42AM parser.py:31 [INFO] LAYERS=20
05/31 12:55:42AM parser.py:31 [INFO] LOCAL_RANK=0
05/31 12:55:42AM parser.py:31 [INFO] LOGGER=<Logger H-DAS (INFO)>
05/31 12:55:42AM parser.py:31 [INFO] NAME=SCRATCH_SIMPLE_SPEC
05/31 12:55:42AM parser.py:31 [INFO] PATH=results/search_Stage/CIFAR10/SCRATCH_SIMPLE_SPEC/EXP-20240531-005542
05/31 12:55:42AM parser.py:31 [INFO] PRINT_FREQ=50
05/31 12:55:42AM parser.py:31 [INFO] RESUME_PATH=None
05/31 12:55:42AM parser.py:31 [INFO] SAVE=EXP
05/31 12:55:42AM parser.py:31 [INFO] SEED=2
05/31 12:55:42AM parser.py:31 [INFO] SHARE_STAGE=False
05/31 12:55:42AM parser.py:31 [INFO] SPEC_CELL=False
05/31 12:55:42AM parser.py:31 [INFO] TRAIN_PORTION=0.5
05/31 12:55:42AM parser.py:31 [INFO] W_GRAD_CLIP=5.0
05/31 12:55:42AM parser.py:31 [INFO] W_LR=0.025
05/31 12:55:42AM parser.py:31 [INFO] W_LR_MIN=0.001
05/31 12:55:42AM parser.py:31 [INFO] W_MOMENTUM=0.9
05/31 12:55:42AM parser.py:31 [INFO] W_WEIGHT_DECAY=0.0003
05/31 12:55:42AM parser.py:31 [INFO] WORKERS=4
05/31 12:55:42AM parser.py:32 [INFO] 
05/31 12:55:45AM searchStage_trainer.py:103 [INFO] --> No loaded checkpoint!
####### ALPHA #######
# Alpha - DAG
tensor([[0.2502, 0.2500, 0.2500, 0.2498],
        [0.2502, 0.2497, 0.2500, 0.2500]], device='cuda:1',
       grad_fn=<SoftmaxBackward0>)
tensor([[0.2499, 0.2497, 0.2503, 0.2501],
        [0.2499, 0.2499, 0.2502, 0.2500],
        [0.2502, 0.2499, 0.2500, 0.2499]], device='cuda:1',
       grad_fn=<SoftmaxBackward0>)
tensor([[0.2502, 0.2498, 0.2503, 0.2498],
        [0.2499, 0.2501, 0.2501, 0.2500],
        [0.2500, 0.2501, 0.2500, 0.2499]], device='cuda:1',
       grad_fn=<SoftmaxBackward0>)
tensor([[0.2499, 0.2501, 0.2501, 0.2499],
        [0.2497, 0.2504, 0.2499, 0.2501],
        [0.2501, 0.2501, 0.2501, 0.2497]], device='cuda:1',
       grad_fn=<SoftmaxBackward0>)
tensor([[0.2498, 0.2501, 0.2499, 0.2502],
        [0.2502, 0.2499, 0.2499, 0.2500],
        [0.2498, 0.2501, 0.2502, 0.2499]], device='cuda:1',
       grad_fn=<SoftmaxBackward0>)
tensor([[0.2500, 0.2502, 0.2496, 0.2502],
        [0.2504, 0.2499, 0.2499, 0.2498],
        [0.2501, 0.2501, 0.2497, 0.2502]], device='cuda:1',
       grad_fn=<SoftmaxBackward0>)
tensor([[0.2495, 0.2500, 0.2501, 0.2503],
        [0.2501, 0.2498, 0.2503, 0.2498]], device='cuda:1',
       grad_fn=<SoftmaxBackward0>)
tensor([[0.2497, 0.2497, 0.2503, 0.2502],
        [0.2497, 0.2501, 0.2500, 0.2502],
        [0.2504, 0.2500, 0.2498, 0.2499]], device='cuda:1',
       grad_fn=<SoftmaxBackward0>)
tensor([[0.2496, 0.2502, 0.2500, 0.2502],
        [0.2500, 0.2503, 0.2497, 0.2499],
        [0.2497, 0.2498, 0.2502, 0.2503]], device='cuda:1',
       grad_fn=<SoftmaxBackward0>)
tensor([[0.2499, 0.2503, 0.2498, 0.2500],
        [0.2497, 0.2501, 0.2501, 0.2501],
        [0.2498, 0.2499, 0.2500, 0.2503]], device='cuda:1',
       grad_fn=<SoftmaxBackward0>)
tensor([[0.2499, 0.2499, 0.2502, 0.2501],
        [0.2503, 0.2500, 0.2499, 0.2498],
        [0.2502, 0.2501, 0.2497, 0.2500]], device='cuda:1',
       grad_fn=<SoftmaxBackward0>)
tensor([[0.2497, 0.2499, 0.2505, 0.2499],
        [0.2497, 0.2500, 0.2501, 0.2501],
        [0.2501, 0.2503, 0.2496, 0.2499]], device='cuda:1',
       grad_fn=<SoftmaxBackward0>)
tensor([[0.2500, 0.2497, 0.2502, 0.2501],
        [0.2497, 0.2500, 0.2502, 0.2501]], device='cuda:1',
       grad_fn=<SoftmaxBackward0>)
tensor([[0.2498, 0.2498, 0.2502, 0.2502],
        [0.2500, 0.2500, 0.2498, 0.2502],
        [0.2496, 0.2503, 0.2503, 0.2499]], device='cuda:1',
       grad_fn=<SoftmaxBackward0>)
tensor([[0.2501, 0.2500, 0.2502, 0.2498],
        [0.2497, 0.2498, 0.2504, 0.2501],
        [0.2501, 0.2500, 0.2499, 0.2500]], device='cuda:1',
       grad_fn=<SoftmaxBackward0>)
tensor([[0.2502, 0.2503, 0.2497, 0.2498],
        [0.2501, 0.2495, 0.2503, 0.2500],
        [0.2499, 0.2502, 0.2501, 0.2499]], device='cuda:1',
       grad_fn=<SoftmaxBackward0>)
tensor([[0.2502, 0.2501, 0.2499, 0.2498],
        [0.2502, 0.2500, 0.2496, 0.2502],
        [0.2498, 0.2502, 0.2500, 0.2499]], device='cuda:1',
       grad_fn=<SoftmaxBackward0>)
tensor([[0.2500, 0.2499, 0.2499, 0.2502],
        [0.2499, 0.2504, 0.2497, 0.2500],
        [0.2497, 0.2500, 0.2501, 0.2502]], device='cuda:1',
       grad_fn=<SoftmaxBackward0>)
#####################
05/31 12:56:16AM searchStage_trainer.py:211 [INFO] Train: Epoch: [0][50/390]	Step 50	lr 0.025	Loss 2.1283 (2.3218)	Prec@(1,5) (14.6%, 61.1%)	
05/31 12:56:43AM searchStage_trainer.py:211 [INFO] Train: Epoch: [0][100/390]	Step 100	lr 0.025	Loss 2.1715 (2.2767)	Prec@(1,5) (17.1%, 66.7%)	
05/31 12:57:11AM searchStage_trainer.py:211 [INFO] Train: Epoch: [0][150/390]	Step 150	lr 0.025	Loss 2.1010 (2.2534)	Prec@(1,5) (17.9%, 67.9%)	
05/31 12:57:39AM searchStage_trainer.py:211 [INFO] Train: Epoch: [0][200/390]	Step 200	lr 0.025	Loss 1.8981 (2.1966)	Prec@(1,5) (19.3%, 70.6%)	
05/31 12:58:07AM searchStage_trainer.py:211 [INFO] Train: Epoch: [0][250/390]	Step 250	lr 0.025	Loss 1.7931 (2.1441)	Prec@(1,5) (20.8%, 72.8%)	
05/31 12:58:35AM searchStage_trainer.py:211 [INFO] Train: Epoch: [0][300/390]	Step 300	lr 0.025	Loss 1.7472 (2.0968)	Prec@(1,5) (22.7%, 74.6%)	
05/31 12:59:03AM searchStage_trainer.py:211 [INFO] Train: Epoch: [0][350/390]	Step 350	lr 0.025	Loss 1.6491 (2.0575)	Prec@(1,5) (23.8%, 76.1%)	
05/31 12:59:25AM searchStage_trainer.py:211 [INFO] Train: Epoch: [0][390/390]	Step 390	lr 0.025	Loss 1.9040 (2.0351)	Prec@(1,5) (24.4%, 77.0%)	
05/31 12:59:27AM searchStage_trainer.py:221 [INFO] Train: [  0/49] Final Prec@1 24.3760%
05/31 12:59:32AM searchStage_trainer.py:249 [INFO] Valid: Epoch: [0][50/391]	Step 391	Loss 1.8162	Prec@(1,5) (31.2%, 85.0%)
05/31 12:59:37AM searchStage_trainer.py:249 [INFO] Valid: Epoch: [0][100/391]	Step 391	Loss 1.8142	Prec@(1,5) (31.3%, 85.2%)
05/31 12:59:41AM searchStage_trainer.py:249 [INFO] Valid: Epoch: [0][150/391]	Step 391	Loss 1.8115	Prec@(1,5) (31.2%, 85.2%)
05/31 12:59:46AM searchStage_trainer.py:249 [INFO] Valid: Epoch: [0][200/391]	Step 391	Loss 1.8106	Prec@(1,5) (31.2%, 85.3%)
05/31 12:59:50AM searchStage_trainer.py:249 [INFO] Valid: Epoch: [0][250/391]	Step 391	Loss 1.8150	Prec@(1,5) (31.1%, 85.1%)
05/31 12:59:55AM searchStage_trainer.py:249 [INFO] Valid: Epoch: [0][300/391]	Step 391	Loss 1.8218	Prec@(1,5) (30.9%, 84.9%)
05/31 01:00:00AM searchStage_trainer.py:249 [INFO] Valid: Epoch: [0][350/391]	Step 391	Loss 1.8213	Prec@(1,5) (30.9%, 84.9%)
05/31 01:00:03AM searchStage_trainer.py:249 [INFO] Valid: Epoch: [0][390/391]	Step 391	Loss 1.8187	Prec@(1,5) (31.0%, 85.0%)
05/31 01:00:03AM searchStage_trainer.py:260 [INFO] Valid: [  0/49] Final Prec@1 31.0000%
05/31 01:00:03AM searchStage_main.py:59 [INFO] DAG = Genotype2(DAG1=[[('avg_pool_3x3', 1), ('avg_pool_3x3', 0)], [('avg_pool_3x3', 2), ('avg_pool_3x3', 0)], [('avg_pool_3x3', 2), ('avg_pool_3x3', 3)], [('avg_pool_3x3', 4), ('avg_pool_3x3', 3)], [('avg_pool_3x3', 3), ('avg_pool_3x3', 4)], [('avg_pool_3x3', 5), ('avg_pool_3x3', 4)]], DAG1_concat=range(6, 8), DAG2=[[('avg_pool_3x3', 1), ('skip_connect', 0)], [('max_pool_3x3', 2), ('skip_connect', 0)], [('max_pool_3x3', 2), ('max_pool_3x3', 3)], [('avg_pool_3x3', 4), ('avg_pool_3x3', 2)], [('max_pool_3x3', 3), ('max_pool_3x3', 4)], [('avg_pool_3x3', 6), ('avg_pool_3x3', 5)]], DAG2_concat=range(6, 8), DAG3=[[('max_pool_3x3', 0), ('skip_connect', 1)], [('skip_connect', 2), ('skip_connect', 0)], [('skip_connect', 3), ('skip_connect', 2)], [('skip_connect', 3), ('avg_pool_3x3', 2)], [('skip_connect', 5), ('skip_connect', 3)], [('skip_connect', 5), ('skip_connect', 4)]], DAG3_concat=range(6, 8))
05/31 01:00:04AM searchStage_main.py:79 [INFO] Until now, best Prec@1 = 31.0000%
####### ALPHA #######
# Alpha - DAG
tensor([[0.2510, 0.2524, 0.2520, 0.2446],
        [0.2515, 0.2530, 0.2504, 0.2451]], device='cuda:1',
       grad_fn=<SoftmaxBackward0>)
tensor([[0.2466, 0.2549, 0.2527, 0.2458],
        [0.2517, 0.2525, 0.2533, 0.2425],
        [0.2553, 0.2564, 0.2439, 0.2444]], device='cuda:1',
       grad_fn=<SoftmaxBackward0>)
tensor([[0.2486, 0.2528, 0.2530, 0.2456],
        [0.2523, 0.2599, 0.2460, 0.2418],
        [0.2523, 0.2591, 0.2454, 0.2432]], device='cuda:1',
       grad_fn=<SoftmaxBackward0>)
tensor([[0.2511, 0.2582, 0.2441, 0.2466],
        [0.2519, 0.2582, 0.2490, 0.2409],
        [0.2525, 0.2592, 0.2466, 0.2417]], device='cuda:1',
       grad_fn=<SoftmaxBackward0>)
tensor([[0.2529, 0.2575, 0.2471, 0.2425],
        [0.2528, 0.2574, 0.2457, 0.2440],
        [0.2525, 0.2572, 0.2459, 0.2444]], device='cuda:1',
       grad_fn=<SoftmaxBackward0>)
tensor([[0.2489, 0.2574, 0.2489, 0.2448],
        [0.2498, 0.2584, 0.2482, 0.2437],
        [0.2523, 0.2551, 0.2462, 0.2464]], device='cuda:1',
       grad_fn=<SoftmaxBackward0>)
tensor([[0.2491, 0.2493, 0.2510, 0.2506],
        [0.2500, 0.2510, 0.2503, 0.2488]], device='cuda:1',
       grad_fn=<SoftmaxBackward0>)
tensor([[0.2504, 0.2504, 0.2509, 0.2483],
        [0.2502, 0.2499, 0.2507, 0.2491],
        [0.2521, 0.2510, 0.2477, 0.2492]], device='cuda:1',
       grad_fn=<SoftmaxBackward0>)
tensor([[0.2501, 0.2503, 0.2508, 0.2489],
        [0.2511, 0.2509, 0.2489, 0.2491],
        [0.2507, 0.2506, 0.2493, 0.2493]], device='cuda:1',
       grad_fn=<SoftmaxBackward0>)
tensor([[0.2506, 0.2508, 0.2497, 0.2489],
        [0.2501, 0.2506, 0.2495, 0.2498],
        [0.2505, 0.2507, 0.2493, 0.2496]], device='cuda:1',
       grad_fn=<SoftmaxBackward0>)
tensor([[0.2510, 0.2506, 0.2490, 0.2494],
        [0.2508, 0.2507, 0.2498, 0.2486],
        [0.2505, 0.2507, 0.2487, 0.2500]], device='cuda:1',
       grad_fn=<SoftmaxBackward0>)
tensor([[0.2499, 0.2503, 0.2501, 0.2497],
        [0.2498, 0.2505, 0.2498, 0.2499],
        [0.2503, 0.2506, 0.2498, 0.2493]], device='cuda:1',
       grad_fn=<SoftmaxBackward0>)
tensor([[0.2501, 0.2494, 0.2501, 0.2503],
        [0.2500, 0.2499, 0.2502, 0.2499]], device='cuda:1',
       grad_fn=<SoftmaxBackward0>)
tensor([[0.2498, 0.2495, 0.2501, 0.2506],
        [0.2501, 0.2498, 0.2497, 0.2504],
        [0.2497, 0.2503, 0.2507, 0.2493]], device='cuda:1',
       grad_fn=<SoftmaxBackward0>)
tensor([[0.2496, 0.2510, 0.2507, 0.2487],
        [0.2498, 0.2494, 0.2500, 0.2508],
        [0.2498, 0.2500, 0.2501, 0.2501]], device='cuda:1',
       grad_fn=<SoftmaxBackward0>)
tensor([[0.2495, 0.2506, 0.2505, 0.2494],
        [0.2502, 0.2493, 0.2509, 0.2496],
        [0.2499, 0.2498, 0.2496, 0.2508]], device='cuda:1',
       grad_fn=<SoftmaxBackward0>)
tensor([[0.2492, 0.2499, 0.2510, 0.2500],
        [0.2494, 0.2502, 0.2501, 0.2502],
        [0.2483, 0.2506, 0.2515, 0.2497]], device='cuda:1',
       grad_fn=<SoftmaxBackward0>)
tensor([[0.2500, 0.2505, 0.2512, 0.2483],
        [0.2494, 0.2505, 0.2510, 0.2490],
        [0.2495, 0.2488, 0.2489, 0.2528]], device='cuda:1',
       grad_fn=<SoftmaxBackward0>)
#####################
05/31 01:00:33午前 searchStage_trainer.py:211 [INFO] Train: Epoch: [1][50/390]	Step 441	lr 0.02498	Loss 1.6388 (1.7643)	Prec@(1,5) (32.7%, 86.3%)	
05/31 01:01:01午前 searchStage_trainer.py:211 [INFO] Train: Epoch: [1][100/390]	Step 491	lr 0.02498	Loss 1.7668 (1.7441)	Prec@(1,5) (34.3%, 86.5%)	
05/31 01:01:28午前 searchStage_trainer.py:211 [INFO] Train: Epoch: [1][150/390]	Step 541	lr 0.02498	Loss 1.7585 (1.7434)	Prec@(1,5) (34.4%, 86.6%)	
05/31 01:01:56午前 searchStage_trainer.py:211 [INFO] Train: Epoch: [1][200/390]	Step 591	lr 0.02498	Loss 1.6444 (1.7206)	Prec@(1,5) (35.1%, 87.3%)	
05/31 01:02:24午前 searchStage_trainer.py:211 [INFO] Train: Epoch: [1][250/390]	Step 641	lr 0.02498	Loss 1.5801 (1.7080)	Prec@(1,5) (35.9%, 87.7%)	
05/31 01:02:52午前 searchStage_trainer.py:211 [INFO] Train: Epoch: [1][300/390]	Step 691	lr 0.02498	Loss 1.5240 (1.6987)	Prec@(1,5) (36.4%, 87.9%)	
05/31 01:03:21午前 searchStage_trainer.py:211 [INFO] Train: Epoch: [1][350/390]	Step 741	lr 0.02498	Loss 1.4482 (1.6908)	Prec@(1,5) (36.7%, 88.1%)	
05/31 01:03:43午前 searchStage_trainer.py:211 [INFO] Train: Epoch: [1][390/390]	Step 781	lr 0.02498	Loss 1.5482 (1.6808)	Prec@(1,5) (37.2%, 88.3%)	
05/31 01:03:44午前 searchStage_trainer.py:221 [INFO] Train: [  1/49] Final Prec@1 37.1840%
05/31 01:03:48午前 searchStage_trainer.py:249 [INFO] Valid: Epoch: [1][50/391]	Step 782	Loss 1.5650	Prec@(1,5) (42.5%, 91.2%)
05/31 01:03:53午前 searchStage_trainer.py:249 [INFO] Valid: Epoch: [1][100/391]	Step 782	Loss 1.5682	Prec@(1,5) (41.8%, 90.7%)
05/31 01:03:57午前 searchStage_trainer.py:249 [INFO] Valid: Epoch: [1][150/391]	Step 782	Loss 1.5692	Prec@(1,5) (41.3%, 90.5%)
05/31 01:04:02午前 searchStage_trainer.py:249 [INFO] Valid: Epoch: [1][200/391]	Step 782	Loss 1.5713	Prec@(1,5) (41.5%, 90.4%)
05/31 01:04:07午前 searchStage_trainer.py:249 [INFO] Valid: Epoch: [1][250/391]	Step 782	Loss 1.5772	Prec@(1,5) (41.2%, 90.5%)
05/31 01:04:11午前 searchStage_trainer.py:249 [INFO] Valid: Epoch: [1][300/391]	Step 782	Loss 1.5795	Prec@(1,5) (40.9%, 90.6%)
05/31 01:04:16午前 searchStage_trainer.py:249 [INFO] Valid: Epoch: [1][350/391]	Step 782	Loss 1.5796	Prec@(1,5) (40.7%, 90.6%)
05/31 01:04:20午前 searchStage_trainer.py:249 [INFO] Valid: Epoch: [1][390/391]	Step 782	Loss 1.5811	Prec@(1,5) (40.8%, 90.6%)
05/31 01:04:20午前 searchStage_trainer.py:260 [INFO] Valid: [  1/49] Final Prec@1 40.7640%
05/31 01:04:20午前 searchStage_main.py:59 [INFO] DAG = Genotype2(DAG1=[[('avg_pool_3x3', 1), ('avg_pool_3x3', 0)], [('avg_pool_3x3', 2), ('avg_pool_3x3', 0)], [('avg_pool_3x3', 2), ('avg_pool_3x3', 3)], [('avg_pool_3x3', 4), ('avg_pool_3x3', 3)], [('avg_pool_3x3', 4), ('avg_pool_3x3', 5)], [('avg_pool_3x3', 5), ('avg_pool_3x3', 4)]], DAG1_concat=range(6, 8), DAG2=[[('skip_connect', 0), ('avg_pool_3x3', 1)], [('avg_pool_3x3', 2), ('skip_connect', 0)], [('max_pool_3x3', 3), ('avg_pool_3x3', 2)], [('avg_pool_3x3', 4), ('avg_pool_3x3', 3)], [('avg_pool_3x3', 5), ('max_pool_3x3', 4)], [('avg_pool_3x3', 6), ('avg_pool_3x3', 5)]], DAG2_concat=range(6, 8), DAG3=[[('skip_connect', 0), ('max_pool_3x3', 1)], [('skip_connect', 2), ('skip_connect', 0)], [('skip_connect', 3), ('skip_connect', 2)], [('skip_connect', 3), ('skip_connect', 2)], [('skip_connect', 5), ('skip_connect', 3)], [('skip_connect', 5), ('skip_connect', 4)]], DAG3_concat=range(6, 8))
05/31 01:04:20午前 searchStage_main.py:79 [INFO] Until now, best Prec@1 = 40.7640%
####### ALPHA #######
# Alpha - DAG
tensor([[0.2472, 0.2571, 0.2526, 0.2430],
        [0.2501, 0.2612, 0.2539, 0.2348]], device='cuda:1',
       grad_fn=<SoftmaxBackward0>)
tensor([[0.2454, 0.2579, 0.2521, 0.2447],
        [0.2518, 0.2556, 0.2554, 0.2371],
        [0.2590, 0.2674, 0.2414, 0.2322]], device='cuda:1',
       grad_fn=<SoftmaxBackward0>)
tensor([[0.2491, 0.2556, 0.2551, 0.2402],
        [0.2555, 0.2703, 0.2421, 0.2321],
        [0.2550, 0.2691, 0.2413, 0.2346]], device='cuda:1',
       grad_fn=<SoftmaxBackward0>)
tensor([[0.2515, 0.2668, 0.2419, 0.2398],
        [0.2544, 0.2663, 0.2457, 0.2336],
        [0.2556, 0.2691, 0.2420, 0.2333]], device='cuda:1',
       grad_fn=<SoftmaxBackward0>)
tensor([[0.2568, 0.2652, 0.2420, 0.2360],
        [0.2579, 0.2661, 0.2400, 0.2360],
        [0.2577, 0.2647, 0.2408, 0.2369]], device='cuda:1',
       grad_fn=<SoftmaxBackward0>)
tensor([[0.2510, 0.2641, 0.2450, 0.2399],
        [0.2540, 0.2655, 0.2432, 0.2374],
        [0.2558, 0.2621, 0.2416, 0.2405]], device='cuda:1',
       grad_fn=<SoftmaxBackward0>)
tensor([[0.2482, 0.2492, 0.2516, 0.2510],
        [0.2505, 0.2515, 0.2505, 0.2475]], device='cuda:1',
       grad_fn=<SoftmaxBackward0>)
tensor([[0.2508, 0.2508, 0.2514, 0.2470],
        [0.2498, 0.2502, 0.2513, 0.2488],
        [0.2521, 0.2523, 0.2476, 0.2479]], device='cuda:1',
       grad_fn=<SoftmaxBackward0>)
tensor([[0.2507, 0.2506, 0.2503, 0.2483],
        [0.2510, 0.2513, 0.2489, 0.2487],
        [0.2515, 0.2512, 0.2494, 0.2480]], device='cuda:1',
       grad_fn=<SoftmaxBackward0>)
tensor([[0.2506, 0.2510, 0.2489, 0.2494],
        [0.2508, 0.2511, 0.2492, 0.2489],
        [0.2511, 0.2511, 0.2496, 0.2483]], device='cuda:1',
       grad_fn=<SoftmaxBackward0>)
tensor([[0.2515, 0.2506, 0.2490, 0.2489],
        [0.2513, 0.2508, 0.2488, 0.2491],
        [0.2509, 0.2516, 0.2490, 0.2485]], device='cuda:1',
       grad_fn=<SoftmaxBackward0>)
tensor([[0.2504, 0.2505, 0.2492, 0.2500],
        [0.2500, 0.2506, 0.2496, 0.2499],
        [0.2506, 0.2511, 0.2503, 0.2480]], device='cuda:1',
       grad_fn=<SoftmaxBackward0>)
tensor([[0.2500, 0.2494, 0.2503, 0.2502],
        [0.2502, 0.2497, 0.2502, 0.2499]], device='cuda:1',
       grad_fn=<SoftmaxBackward0>)
tensor([[0.2497, 0.2494, 0.2501, 0.2507],
        [0.2501, 0.2493, 0.2497, 0.2510],
        [0.2499, 0.2503, 0.2511, 0.2487]], device='cuda:1',
       grad_fn=<SoftmaxBackward0>)
tensor([[0.2494, 0.2516, 0.2512, 0.2478],
        [0.2497, 0.2494, 0.2499, 0.2510],
        [0.2494, 0.2499, 0.2501, 0.2505]], device='cuda:1',
       grad_fn=<SoftmaxBackward0>)
tensor([[0.2490, 0.2508, 0.2512, 0.2490],
        [0.2502, 0.2491, 0.2513, 0.2494],
        [0.2499, 0.2496, 0.2493, 0.2513]], device='cuda:1',
       grad_fn=<SoftmaxBackward0>)
tensor([[0.2483, 0.2496, 0.2520, 0.2501],
        [0.2488, 0.2502, 0.2503, 0.2507],
        [0.2472, 0.2510, 0.2526, 0.2492]], device='cuda:1',
       grad_fn=<SoftmaxBackward0>)
tensor([[0.2498, 0.2511, 0.2524, 0.2466],
        [0.2489, 0.2507, 0.2521, 0.2484],
        [0.2491, 0.2479, 0.2480, 0.2549]], device='cuda:1',
       grad_fn=<SoftmaxBackward0>)
#####################
05/31 01:04:49午前 searchStage_trainer.py:211 [INFO] Train: Epoch: [2][50/390]	Step 832	lr 0.02491	Loss 1.7029 (1.5383)	Prec@(1,5) (43.2%, 91.0%)	
05/31 01:05:17午前 searchStage_trainer.py:211 [INFO] Train: Epoch: [2][100/390]	Step 882	lr 0.02491	Loss 1.3546 (1.5644)	Prec@(1,5) (41.6%, 90.7%)	
05/31 01:05:44午前 searchStage_trainer.py:211 [INFO] Train: Epoch: [2][150/390]	Step 932	lr 0.02491	Loss 1.7841 (1.5695)	Prec@(1,5) (41.8%, 90.7%)	
05/31 01:06:12午前 searchStage_trainer.py:211 [INFO] Train: Epoch: [2][200/390]	Step 982	lr 0.02491	Loss 1.4193 (1.5620)	Prec@(1,5) (42.1%, 90.8%)	
05/31 01:06:40午前 searchStage_trainer.py:211 [INFO] Train: Epoch: [2][250/390]	Step 1032	lr 0.02491	Loss 1.3210 (1.5434)	Prec@(1,5) (42.7%, 91.1%)	
05/31 01:07:08午前 searchStage_trainer.py:211 [INFO] Train: Epoch: [2][300/390]	Step 1082	lr 0.02491	Loss 1.3951 (1.5329)	Prec@(1,5) (43.0%, 91.2%)	
05/31 01:07:36午前 searchStage_trainer.py:211 [INFO] Train: Epoch: [2][350/390]	Step 1132	lr 0.02491	Loss 1.3754 (1.5280)	Prec@(1,5) (43.3%, 91.3%)	
05/31 01:07:58午前 searchStage_trainer.py:211 [INFO] Train: Epoch: [2][390/390]	Step 1172	lr 0.02491	Loss 1.6943 (1.5201)	Prec@(1,5) (43.7%, 91.4%)	
05/31 01:07:59午前 searchStage_trainer.py:221 [INFO] Train: [  2/49] Final Prec@1 43.7360%
05/31 01:08:04午前 searchStage_trainer.py:249 [INFO] Valid: Epoch: [2][50/391]	Step 1173	Loss 1.5464	Prec@(1,5) (44.0%, 90.2%)
05/31 01:08:08午前 searchStage_trainer.py:249 [INFO] Valid: Epoch: [2][100/391]	Step 1173	Loss 1.5176	Prec@(1,5) (44.5%, 90.6%)
05/31 01:08:13午前 searchStage_trainer.py:249 [INFO] Valid: Epoch: [2][150/391]	Step 1173	Loss 1.5163	Prec@(1,5) (44.6%, 90.8%)
05/31 01:08:18午前 searchStage_trainer.py:249 [INFO] Valid: Epoch: [2][200/391]	Step 1173	Loss 1.5177	Prec@(1,5) (44.9%, 90.5%)
05/31 01:08:22午前 searchStage_trainer.py:249 [INFO] Valid: Epoch: [2][250/391]	Step 1173	Loss 1.5268	Prec@(1,5) (44.6%, 90.5%)
05/31 01:08:27午前 searchStage_trainer.py:249 [INFO] Valid: Epoch: [2][300/391]	Step 1173	Loss 1.5210	Prec@(1,5) (44.8%, 90.7%)
05/31 01:08:31午前 searchStage_trainer.py:249 [INFO] Valid: Epoch: [2][350/391]	Step 1173	Loss 1.5210	Prec@(1,5) (44.7%, 90.7%)
05/31 01:08:35午前 searchStage_trainer.py:249 [INFO] Valid: Epoch: [2][390/391]	Step 1173	Loss 1.5193	Prec@(1,5) (44.7%, 90.7%)
05/31 01:08:35午前 searchStage_trainer.py:260 [INFO] Valid: [  2/49] Final Prec@1 44.7000%
05/31 01:08:35午前 searchStage_main.py:59 [INFO] DAG = Genotype2(DAG1=[[('avg_pool_3x3', 1), ('avg_pool_3x3', 0)], [('avg_pool_3x3', 2), ('avg_pool_3x3', 0)], [('avg_pool_3x3', 2), ('avg_pool_3x3', 3)], [('avg_pool_3x3', 4), ('avg_pool_3x3', 3)], [('avg_pool_3x3', 4), ('avg_pool_3x3', 5)], [('avg_pool_3x3', 5), ('avg_pool_3x3', 4)]], DAG1_concat=range(6, 8), DAG2=[[('skip_connect', 0), ('avg_pool_3x3', 1)], [('avg_pool_3x3', 2), ('skip_connect', 0)], [('avg_pool_3x3', 3), ('avg_pool_3x3', 2)], [('max_pool_3x3', 4), ('avg_pool_3x3', 3)], [('avg_pool_3x3', 5), ('avg_pool_3x3', 4)], [('avg_pool_3x3', 6), ('avg_pool_3x3', 5)]], DAG2_concat=range(6, 8), DAG3=[[('skip_connect', 0), ('skip_connect', 1)], [('skip_connect', 2), ('skip_connect', 0)], [('skip_connect', 3), ('max_pool_3x3', 2)], [('skip_connect', 3), ('max_pool_3x3', 4)], [('skip_connect', 5), ('skip_connect', 3)], [('skip_connect', 5), ('skip_connect', 4)]], DAG3_concat=range(6, 8))
05/31 01:08:36午前 searchStage_main.py:79 [INFO] Until now, best Prec@1 = 44.7000%
####### ALPHA #######
# Alpha - DAG
tensor([[0.2455, 0.2608, 0.2547, 0.2389],
        [0.2528, 0.2690, 0.2531, 0.2251]], device='cuda:1',
       grad_fn=<SoftmaxBackward0>)
tensor([[0.2421, 0.2636, 0.2545, 0.2398],
        [0.2534, 0.2624, 0.2545, 0.2298],
        [0.2600, 0.2798, 0.2372, 0.2229]], device='cuda:1',
       grad_fn=<SoftmaxBackward0>)
tensor([[0.2496, 0.2594, 0.2591, 0.2319],
        [0.2596, 0.2812, 0.2368, 0.2225],
        [0.2570, 0.2798, 0.2364, 0.2269]], device='cuda:1',
       grad_fn=<SoftmaxBackward0>)
tensor([[0.2539, 0.2749, 0.2400, 0.2312],
        [0.2582, 0.2742, 0.2389, 0.2287],
        [0.2594, 0.2793, 0.2390, 0.2224]], device='cuda:1',
       grad_fn=<SoftmaxBackward0>)
tensor([[0.2603, 0.2747, 0.2352, 0.2298],
        [0.2585, 0.2754, 0.2371, 0.2290],
        [0.2608, 0.2742, 0.2378, 0.2271]], device='cuda:1',
       grad_fn=<SoftmaxBackward0>)
tensor([[0.2532, 0.2714, 0.2448, 0.2306],
        [0.2564, 0.2739, 0.2382, 0.2315],
        [0.2568, 0.2691, 0.2369, 0.2372]], device='cuda:1',
       grad_fn=<SoftmaxBackward0>)
tensor([[0.2478, 0.2498, 0.2523, 0.2501],
        [0.2503, 0.2513, 0.2507, 0.2477]], device='cuda:1',
       grad_fn=<SoftmaxBackward0>)
tensor([[0.2503, 0.2506, 0.2528, 0.2462],
        [0.2504, 0.2507, 0.2513, 0.2477],
        [0.2526, 0.2531, 0.2470, 0.2473]], device='cuda:1',
       grad_fn=<SoftmaxBackward0>)
tensor([[0.2503, 0.2507, 0.2507, 0.2483],
        [0.2509, 0.2518, 0.2485, 0.2488],
        [0.2516, 0.2519, 0.2500, 0.2464]], device='cuda:1',
       grad_fn=<SoftmaxBackward0>)
tensor([[0.2506, 0.2514, 0.2490, 0.2490],
        [0.2511, 0.2514, 0.2489, 0.2486],
        [0.2514, 0.2514, 0.2496, 0.2477]], device='cuda:1',
       grad_fn=<SoftmaxBackward0>)
tensor([[0.2517, 0.2510, 0.2483, 0.2489],
        [0.2512, 0.2515, 0.2493, 0.2480],
        [0.2515, 0.2519, 0.2483, 0.2482]], device='cuda:1',
       grad_fn=<SoftmaxBackward0>)
tensor([[0.2507, 0.2506, 0.2491, 0.2497],
        [0.2502, 0.2506, 0.2493, 0.2498],
        [0.2512, 0.2515, 0.2499, 0.2475]], device='cuda:1',
       grad_fn=<SoftmaxBackward0>)
tensor([[0.2501, 0.2493, 0.2504, 0.2502],
        [0.2503, 0.2496, 0.2503, 0.2498]], device='cuda:1',
       grad_fn=<SoftmaxBackward0>)
tensor([[0.2498, 0.2495, 0.2501, 0.2506],
        [0.2501, 0.2488, 0.2496, 0.2515],
        [0.2500, 0.2504, 0.2513, 0.2483]], device='cuda:1',
       grad_fn=<SoftmaxBackward0>)
tensor([[0.2490, 0.2522, 0.2517, 0.2471],
        [0.2498, 0.2494, 0.2497, 0.2512],
        [0.2492, 0.2498, 0.2502, 0.2508]], device='cuda:1',
       grad_fn=<SoftmaxBackward0>)
tensor([[0.2486, 0.2511, 0.2518, 0.2485],
        [0.2501, 0.2490, 0.2515, 0.2493],
        [0.2499, 0.2494, 0.2490, 0.2518]], device='cuda:1',
       grad_fn=<SoftmaxBackward0>)
tensor([[0.2477, 0.2493, 0.2527, 0.2502],
        [0.2484, 0.2503, 0.2504, 0.2509],
        [0.2464, 0.2512, 0.2534, 0.2490]], device='cuda:1',
       grad_fn=<SoftmaxBackward0>)
tensor([[0.2499, 0.2516, 0.2532, 0.2453],
        [0.2484, 0.2508, 0.2530, 0.2478],
        [0.2489, 0.2472, 0.2472, 0.2567]], device='cuda:1',
       grad_fn=<SoftmaxBackward0>)
#####################
05/31 01:09:04午前 searchStage_trainer.py:211 [INFO] Train: Epoch: [3][50/390]	Step 1223	lr 0.02479	Loss 1.7432 (1.4281)	Prec@(1,5) (48.8%, 92.6%)	
05/31 01:09:32午前 searchStage_trainer.py:211 [INFO] Train: Epoch: [3][100/390]	Step 1273	lr 0.02479	Loss 1.6724 (1.4404)	Prec@(1,5) (48.5%, 92.3%)	
05/31 01:09:59午前 searchStage_trainer.py:211 [INFO] Train: Epoch: [3][150/390]	Step 1323	lr 0.02479	Loss 1.4673 (1.4292)	Prec@(1,5) (48.6%, 92.4%)	
05/31 01:10:27午前 searchStage_trainer.py:211 [INFO] Train: Epoch: [3][200/390]	Step 1373	lr 0.02479	Loss 1.3575 (1.4189)	Prec@(1,5) (48.9%, 92.6%)	
05/31 01:10:56午前 searchStage_trainer.py:211 [INFO] Train: Epoch: [3][250/390]	Step 1423	lr 0.02479	Loss 1.4512 (1.4171)	Prec@(1,5) (48.9%, 92.5%)	
05/31 01:11:24午前 searchStage_trainer.py:211 [INFO] Train: Epoch: [3][300/390]	Step 1473	lr 0.02479	Loss 1.1522 (1.4043)	Prec@(1,5) (49.5%, 92.6%)	
05/31 01:11:52午前 searchStage_trainer.py:211 [INFO] Train: Epoch: [3][350/390]	Step 1523	lr 0.02479	Loss 1.4801 (1.3977)	Prec@(1,5) (49.7%, 92.7%)	
05/31 01:12:14午前 searchStage_trainer.py:211 [INFO] Train: Epoch: [3][390/390]	Step 1563	lr 0.02479	Loss 1.3730 (1.3925)	Prec@(1,5) (49.7%, 92.8%)	
05/31 01:12:15午前 searchStage_trainer.py:221 [INFO] Train: [  3/49] Final Prec@1 49.7000%
05/31 01:12:19午前 searchStage_trainer.py:249 [INFO] Valid: Epoch: [3][50/391]	Step 1564	Loss 1.3657	Prec@(1,5) (50.3%, 93.1%)
05/31 01:12:24午前 searchStage_trainer.py:249 [INFO] Valid: Epoch: [3][100/391]	Step 1564	Loss 1.3557	Prec@(1,5) (50.2%, 93.4%)
05/31 01:12:29午前 searchStage_trainer.py:249 [INFO] Valid: Epoch: [3][150/391]	Step 1564	Loss 1.3480	Prec@(1,5) (50.4%, 93.6%)
05/31 01:12:33午前 searchStage_trainer.py:249 [INFO] Valid: Epoch: [3][200/391]	Step 1564	Loss 1.3467	Prec@(1,5) (50.6%, 93.5%)
05/31 01:12:38午前 searchStage_trainer.py:249 [INFO] Valid: Epoch: [3][250/391]	Step 1564	Loss 1.3432	Prec@(1,5) (50.7%, 93.6%)
05/31 01:12:42午前 searchStage_trainer.py:249 [INFO] Valid: Epoch: [3][300/391]	Step 1564	Loss 1.3429	Prec@(1,5) (50.6%, 93.7%)
05/31 01:12:47午前 searchStage_trainer.py:249 [INFO] Valid: Epoch: [3][350/391]	Step 1564	Loss 1.3461	Prec@(1,5) (50.5%, 93.7%)
05/31 01:12:51午前 searchStage_trainer.py:249 [INFO] Valid: Epoch: [3][390/391]	Step 1564	Loss 1.3479	Prec@(1,5) (50.5%, 93.7%)
05/31 01:12:51午前 searchStage_trainer.py:260 [INFO] Valid: [  3/49] Final Prec@1 50.4440%
05/31 01:12:51午前 searchStage_main.py:59 [INFO] DAG = Genotype2(DAG1=[[('avg_pool_3x3', 1), ('avg_pool_3x3', 0)], [('avg_pool_3x3', 2), ('avg_pool_3x3', 0)], [('avg_pool_3x3', 3), ('avg_pool_3x3', 2)], [('avg_pool_3x3', 4), ('avg_pool_3x3', 3)], [('avg_pool_3x3', 5), ('avg_pool_3x3', 4)], [('avg_pool_3x3', 5), ('avg_pool_3x3', 6)]], DAG1_concat=range(6, 8), DAG2=[[('skip_connect', 0), ('avg_pool_3x3', 1)], [('avg_pool_3x3', 2), ('skip_connect', 0)], [('avg_pool_3x3', 3), ('avg_pool_3x3', 2)], [('avg_pool_3x3', 4), ('avg_pool_3x3', 3)], [('avg_pool_3x3', 5), ('avg_pool_3x3', 4)], [('avg_pool_3x3', 6), ('avg_pool_3x3', 5)]], DAG2_concat=range(6, 8), DAG3=[[('skip_connect', 0), ('max_pool_3x3', 1)], [('skip_connect', 2), ('skip_connect', 0)], [('skip_connect', 3), ('max_pool_3x3', 2)], [('max_pool_3x3', 4), ('skip_connect', 3)], [('skip_connect', 5), ('skip_connect', 4)], [('skip_connect', 5), ('skip_connect', 4)]], DAG3_concat=range(6, 8))
05/31 01:12:51午前 searchStage_main.py:79 [INFO] Until now, best Prec@1 = 50.4440%
####### ALPHA #######
# Alpha - DAG
tensor([[0.2461, 0.2688, 0.2533, 0.2318],
        [0.2543, 0.2761, 0.2532, 0.2164]], device='cuda:1',
       grad_fn=<SoftmaxBackward0>)
tensor([[0.2440, 0.2711, 0.2543, 0.2306],
        [0.2521, 0.2666, 0.2561, 0.2252],
        [0.2611, 0.2936, 0.2328, 0.2125]], device='cuda:1',
       grad_fn=<SoftmaxBackward0>)
tensor([[0.2524, 0.2605, 0.2592, 0.2279],
        [0.2629, 0.2906, 0.2330, 0.2135],
        [0.2611, 0.2910, 0.2331, 0.2147]], device='cuda:1',
       grad_fn=<SoftmaxBackward0>)
tensor([[0.2571, 0.2825, 0.2364, 0.2239],
        [0.2600, 0.2830, 0.2378, 0.2191],
        [0.2643, 0.2864, 0.2337, 0.2156]], device='cuda:1',
       grad_fn=<SoftmaxBackward0>)
tensor([[0.2629, 0.2828, 0.2326, 0.2217],
        [0.2613, 0.2842, 0.2332, 0.2214],
        [0.2635, 0.2826, 0.2336, 0.2202]], device='cuda:1',
       grad_fn=<SoftmaxBackward0>)
tensor([[0.2561, 0.2773, 0.2409, 0.2257],
        [0.2597, 0.2798, 0.2351, 0.2255],
        [0.2601, 0.2767, 0.2337, 0.2296]], device='cuda:1',
       grad_fn=<SoftmaxBackward0>)
tensor([[0.2479, 0.2496, 0.2525, 0.2500],
        [0.2502, 0.2519, 0.2507, 0.2472]], device='cuda:1',
       grad_fn=<SoftmaxBackward0>)
tensor([[0.2503, 0.2510, 0.2524, 0.2463],
        [0.2507, 0.2509, 0.2515, 0.2469],
        [0.2529, 0.2537, 0.2470, 0.2464]], device='cuda:1',
       grad_fn=<SoftmaxBackward0>)
tensor([[0.2501, 0.2509, 0.2509, 0.2482],
        [0.2507, 0.2524, 0.2486, 0.2484],
        [0.2515, 0.2523, 0.2503, 0.2458]], device='cuda:1',
       grad_fn=<SoftmaxBackward0>)
tensor([[0.2512, 0.2515, 0.2487, 0.2486],
        [0.2513, 0.2515, 0.2488, 0.2483],
        [0.2514, 0.2517, 0.2494, 0.2475]], device='cuda:1',
       grad_fn=<SoftmaxBackward0>)
tensor([[0.2521, 0.2513, 0.2481, 0.2485],
        [0.2514, 0.2516, 0.2488, 0.2482],
        [0.2516, 0.2523, 0.2486, 0.2475]], device='cuda:1',
       grad_fn=<SoftmaxBackward0>)
tensor([[0.2510, 0.2506, 0.2491, 0.2493],
        [0.2506, 0.2508, 0.2490, 0.2497],
        [0.2514, 0.2516, 0.2498, 0.2472]], device='cuda:1',
       grad_fn=<SoftmaxBackward0>)
tensor([[0.2501, 0.2492, 0.2504, 0.2503],
        [0.2505, 0.2494, 0.2504, 0.2497]], device='cuda:1',
       grad_fn=<SoftmaxBackward0>)
tensor([[0.2498, 0.2492, 0.2501, 0.2509],
        [0.2502, 0.2487, 0.2495, 0.2516],
        [0.2500, 0.2504, 0.2514, 0.2481]], device='cuda:1',
       grad_fn=<SoftmaxBackward0>)
tensor([[0.2488, 0.2527, 0.2522, 0.2463],
        [0.2498, 0.2492, 0.2496, 0.2514],
        [0.2490, 0.2498, 0.2501, 0.2511]], device='cuda:1',
       grad_fn=<SoftmaxBackward0>)
tensor([[0.2482, 0.2513, 0.2524, 0.2481],
        [0.2502, 0.2490, 0.2517, 0.2491],
        [0.2500, 0.2492, 0.2486, 0.2522]], device='cuda:1',
       grad_fn=<SoftmaxBackward0>)
tensor([[0.2473, 0.2491, 0.2532, 0.2504],
        [0.2480, 0.2502, 0.2505, 0.2513],
        [0.2457, 0.2514, 0.2542, 0.2487]], device='cuda:1',
       grad_fn=<SoftmaxBackward0>)
tensor([[0.2498, 0.2520, 0.2542, 0.2440],
        [0.2481, 0.2508, 0.2537, 0.2474],
        [0.2488, 0.2465, 0.2464, 0.2583]], device='cuda:1',
       grad_fn=<SoftmaxBackward0>)
#####################
05/31 01:13:20午前 searchStage_trainer.py:211 [INFO] Train: Epoch: [4][50/390]	Step 1614	lr 0.02462	Loss 1.0804 (1.3159)	Prec@(1,5) (50.9%, 94.2%)	
05/31 01:13:48午前 searchStage_trainer.py:211 [INFO] Train: Epoch: [4][100/390]	Step 1664	lr 0.02462	Loss 1.6048 (1.3086)	Prec@(1,5) (52.2%, 93.7%)	
05/31 01:14:15午前 searchStage_trainer.py:211 [INFO] Train: Epoch: [4][150/390]	Step 1714	lr 0.02462	Loss 1.1274 (1.3099)	Prec@(1,5) (52.5%, 93.7%)	
05/31 01:14:43午前 searchStage_trainer.py:211 [INFO] Train: Epoch: [4][200/390]	Step 1764	lr 0.02462	Loss 1.1872 (1.3041)	Prec@(1,5) (52.6%, 93.7%)	
05/31 01:15:11午前 searchStage_trainer.py:211 [INFO] Train: Epoch: [4][250/390]	Step 1814	lr 0.02462	Loss 1.1789 (1.3140)	Prec@(1,5) (52.5%, 93.5%)	
05/31 01:15:39午前 searchStage_trainer.py:211 [INFO] Train: Epoch: [4][300/390]	Step 1864	lr 0.02462	Loss 1.2828 (1.3002)	Prec@(1,5) (53.1%, 93.7%)	
05/31 01:16:07午前 searchStage_trainer.py:211 [INFO] Train: Epoch: [4][350/390]	Step 1914	lr 0.02462	Loss 1.2603 (1.2956)	Prec@(1,5) (53.2%, 93.7%)	
05/31 01:16:30午前 searchStage_trainer.py:211 [INFO] Train: Epoch: [4][390/390]	Step 1954	lr 0.02462	Loss 1.1747 (1.2919)	Prec@(1,5) (53.3%, 93.7%)	
05/31 01:16:30午前 searchStage_trainer.py:221 [INFO] Train: [  4/49] Final Prec@1 53.3120%
05/31 01:16:35午前 searchStage_trainer.py:249 [INFO] Valid: Epoch: [4][50/391]	Step 1955	Loss 1.3511	Prec@(1,5) (51.9%, 94.1%)
05/31 01:16:40午前 searchStage_trainer.py:249 [INFO] Valid: Epoch: [4][100/391]	Step 1955	Loss 1.3627	Prec@(1,5) (51.3%, 93.7%)
05/31 01:16:44午前 searchStage_trainer.py:249 [INFO] Valid: Epoch: [4][150/391]	Step 1955	Loss 1.3605	Prec@(1,5) (51.2%, 93.8%)
05/31 01:16:49午前 searchStage_trainer.py:249 [INFO] Valid: Epoch: [4][200/391]	Step 1955	Loss 1.3643	Prec@(1,5) (51.0%, 93.8%)
05/31 01:16:53午前 searchStage_trainer.py:249 [INFO] Valid: Epoch: [4][250/391]	Step 1955	Loss 1.3584	Prec@(1,5) (51.2%, 93.9%)
05/31 01:16:58午前 searchStage_trainer.py:249 [INFO] Valid: Epoch: [4][300/391]	Step 1955	Loss 1.3581	Prec@(1,5) (51.3%, 93.7%)
05/31 01:17:03午前 searchStage_trainer.py:249 [INFO] Valid: Epoch: [4][350/391]	Step 1955	Loss 1.3580	Prec@(1,5) (51.1%, 93.8%)
05/31 01:17:06午前 searchStage_trainer.py:249 [INFO] Valid: Epoch: [4][390/391]	Step 1955	Loss 1.3522	Prec@(1,5) (51.3%, 93.8%)
05/31 01:17:06午前 searchStage_trainer.py:260 [INFO] Valid: [  4/49] Final Prec@1 51.2920%
05/31 01:17:07午前 searchStage_main.py:59 [INFO] DAG = Genotype2(DAG1=[[('avg_pool_3x3', 1), ('avg_pool_3x3', 0)], [('avg_pool_3x3', 2), ('avg_pool_3x3', 0)], [('avg_pool_3x3', 3), ('avg_pool_3x3', 2)], [('avg_pool_3x3', 4), ('avg_pool_3x3', 3)], [('avg_pool_3x3', 5), ('avg_pool_3x3', 4)], [('avg_pool_3x3', 6), ('avg_pool_3x3', 5)]], DAG1_concat=range(6, 8), DAG2=[[('skip_connect', 0), ('avg_pool_3x3', 1)], [('avg_pool_3x3', 2), ('skip_connect', 0)], [('avg_pool_3x3', 3), ('avg_pool_3x3', 2)], [('avg_pool_3x3', 4), ('max_pool_3x3', 3)], [('avg_pool_3x3', 5), ('avg_pool_3x3', 4)], [('avg_pool_3x3', 6), ('avg_pool_3x3', 5)]], DAG2_concat=range(6, 8), DAG3=[[('max_pool_3x3', 1), ('skip_connect', 0)], [('skip_connect', 2), ('skip_connect', 0)], [('skip_connect', 3), ('max_pool_3x3', 2)], [('max_pool_3x3', 4), ('skip_connect', 3)], [('skip_connect', 5), ('skip_connect', 4)], [('skip_connect', 5), ('max_pool_3x3', 6)]], DAG3_concat=range(6, 8))
05/31 01:17:07午前 searchStage_main.py:79 [INFO] Until now, best Prec@1 = 51.2920%
####### ALPHA #######
# Alpha - DAG
tensor([[0.2448, 0.2760, 0.2585, 0.2207],
        [0.2560, 0.2848, 0.2497, 0.2094]], device='cuda:1',
       grad_fn=<SoftmaxBackward0>)
tensor([[0.2442, 0.2757, 0.2553, 0.2248],
        [0.2551, 0.2734, 0.2568, 0.2147],
        [0.2657, 0.3053, 0.2260, 0.2031]], device='cuda:1',
       grad_fn=<SoftmaxBackward0>)
tensor([[0.2537, 0.2654, 0.2619, 0.2190],
        [0.2668, 0.2993, 0.2264, 0.2075],
        [0.2664, 0.3010, 0.2286, 0.2040]], device='cuda:1',
       grad_fn=<SoftmaxBackward0>)
tensor([[0.2590, 0.2902, 0.2330, 0.2178],
        [0.2628, 0.2905, 0.2341, 0.2125],
        [0.2690, 0.2944, 0.2303, 0.2063]], device='cuda:1',
       grad_fn=<SoftmaxBackward0>)
tensor([[0.2668, 0.2895, 0.2293, 0.2145],
        [0.2639, 0.2922, 0.2298, 0.2141],
        [0.2680, 0.2897, 0.2292, 0.2130]], device='cuda:1',
       grad_fn=<SoftmaxBackward0>)
tensor([[0.2590, 0.2836, 0.2392, 0.2181],
        [0.2613, 0.2859, 0.2308, 0.2221],
        [0.2630, 0.2841, 0.2310, 0.2219]], device='cuda:1',
       grad_fn=<SoftmaxBackward0>)
tensor([[0.2477, 0.2492, 0.2524, 0.2506],
        [0.2508, 0.2521, 0.2511, 0.2460]], device='cuda:1',
       grad_fn=<SoftmaxBackward0>)
tensor([[0.2507, 0.2511, 0.2525, 0.2456],
        [0.2507, 0.2503, 0.2515, 0.2475],
        [0.2531, 0.2541, 0.2472, 0.2456]], device='cuda:1',
       grad_fn=<SoftmaxBackward0>)
tensor([[0.2501, 0.2509, 0.2509, 0.2481],
        [0.2509, 0.2526, 0.2483, 0.2481],
        [0.2515, 0.2525, 0.2504, 0.2455]], device='cuda:1',
       grad_fn=<SoftmaxBackward0>)
tensor([[0.2515, 0.2513, 0.2482, 0.2490],
        [0.2518, 0.2516, 0.2485, 0.2481],
        [0.2517, 0.2521, 0.2494, 0.2468]], device='cuda:1',
       grad_fn=<SoftmaxBackward0>)
tensor([[0.2521, 0.2516, 0.2486, 0.2476],
        [0.2512, 0.2517, 0.2485, 0.2486],
        [0.2514, 0.2524, 0.2487, 0.2474]], device='cuda:1',
       grad_fn=<SoftmaxBackward0>)
tensor([[0.2512, 0.2508, 0.2487, 0.2493],
        [0.2507, 0.2510, 0.2491, 0.2492],
        [0.2514, 0.2518, 0.2497, 0.2471]], device='cuda:1',
       grad_fn=<SoftmaxBackward0>)
tensor([[0.2502, 0.2491, 0.2504, 0.2503],
        [0.2507, 0.2493, 0.2504, 0.2497]], device='cuda:1',
       grad_fn=<SoftmaxBackward0>)
tensor([[0.2498, 0.2491, 0.2501, 0.2509],
        [0.2501, 0.2484, 0.2495, 0.2520],
        [0.2500, 0.2505, 0.2516, 0.2479]], device='cuda:1',
       grad_fn=<SoftmaxBackward0>)
tensor([[0.2486, 0.2531, 0.2526, 0.2457],
        [0.2498, 0.2492, 0.2495, 0.2516],
        [0.2489, 0.2497, 0.2502, 0.2513]], device='cuda:1',
       grad_fn=<SoftmaxBackward0>)
tensor([[0.2480, 0.2514, 0.2528, 0.2479],
        [0.2502, 0.2489, 0.2519, 0.2490],
        [0.2500, 0.2491, 0.2485, 0.2525]], device='cuda:1',
       grad_fn=<SoftmaxBackward0>)
tensor([[0.2469, 0.2489, 0.2536, 0.2506],
        [0.2478, 0.2502, 0.2507, 0.2513],
        [0.2453, 0.2515, 0.2546, 0.2486]], device='cuda:1',
       grad_fn=<SoftmaxBackward0>)
tensor([[0.2499, 0.2522, 0.2547, 0.2432],
        [0.2479, 0.2509, 0.2543, 0.2469],
        [0.2487, 0.2460, 0.2459, 0.2594]], device='cuda:1',
       grad_fn=<SoftmaxBackward0>)
#####################
05/31 01:17:36午前 searchStage_trainer.py:211 [INFO] Train: Epoch: [5][50/390]	Step 2005	lr 0.02441	Loss 1.2636 (1.2372)	Prec@(1,5) (55.0%, 94.2%)	
05/31 01:18:04午前 searchStage_trainer.py:211 [INFO] Train: Epoch: [5][100/390]	Step 2055	lr 0.02441	Loss 1.2657 (1.2037)	Prec@(1,5) (56.2%, 94.6%)	
05/31 01:18:31午前 searchStage_trainer.py:211 [INFO] Train: Epoch: [5][150/390]	Step 2105	lr 0.02441	Loss 1.1197 (1.2062)	Prec@(1,5) (56.4%, 94.8%)	
05/31 01:18:59午前 searchStage_trainer.py:211 [INFO] Train: Epoch: [5][200/390]	Step 2155	lr 0.02441	Loss 0.9712 (1.2009)	Prec@(1,5) (56.5%, 94.8%)	
05/31 01:19:27午前 searchStage_trainer.py:211 [INFO] Train: Epoch: [5][250/390]	Step 2205	lr 0.02441	Loss 1.0789 (1.2006)	Prec@(1,5) (56.5%, 94.8%)	
05/31 01:19:55午前 searchStage_trainer.py:211 [INFO] Train: Epoch: [5][300/390]	Step 2255	lr 0.02441	Loss 1.1044 (1.2002)	Prec@(1,5) (56.6%, 94.7%)	
05/31 01:20:23午前 searchStage_trainer.py:211 [INFO] Train: Epoch: [5][350/390]	Step 2305	lr 0.02441	Loss 0.9261 (1.1947)	Prec@(1,5) (56.8%, 94.8%)	
05/31 01:20:46午前 searchStage_trainer.py:211 [INFO] Train: Epoch: [5][390/390]	Step 2345	lr 0.02441	Loss 0.8636 (1.1931)	Prec@(1,5) (56.9%, 94.8%)	
05/31 01:20:46午前 searchStage_trainer.py:221 [INFO] Train: [  5/49] Final Prec@1 56.9560%
05/31 01:20:51午前 searchStage_trainer.py:249 [INFO] Valid: Epoch: [5][50/391]	Step 2346	Loss 1.2821	Prec@(1,5) (56.2%, 93.8%)
05/31 01:20:55午前 searchStage_trainer.py:249 [INFO] Valid: Epoch: [5][100/391]	Step 2346	Loss 1.2844	Prec@(1,5) (56.0%, 93.9%)
05/31 01:21:00午前 searchStage_trainer.py:249 [INFO] Valid: Epoch: [5][150/391]	Step 2346	Loss 1.2836	Prec@(1,5) (55.6%, 94.0%)
05/31 01:21:05午前 searchStage_trainer.py:249 [INFO] Valid: Epoch: [5][200/391]	Step 2346	Loss 1.2852	Prec@(1,5) (55.4%, 94.1%)
