05/30 09:36:08PM parser.py:28 [INFO] 
05/30 09:36:08PM parser.py:29 [INFO] Parameters:
05/30 09:36:08PM parser.py:31 [INFO] DAG_PATH=results/search_Stage/CIFAR10/SCRATCH_SPEC_SPEC/EXP-20240530-213608/DAG
05/30 09:36:08PM parser.py:31 [INFO] ALPHA_LR=0.0003
05/30 09:36:08PM parser.py:31 [INFO] ALPHA_WEIGHT_DECAY=0.001
05/30 09:36:08PM parser.py:31 [INFO] BATCH_SIZE=64
05/30 09:36:08PM parser.py:31 [INFO] CHECKPOINT_RESET=False
05/30 09:36:08PM parser.py:31 [INFO] DATA_PATH=../data/
05/30 09:36:08PM parser.py:31 [INFO] DATASET=CIFAR10
05/30 09:36:08PM parser.py:31 [INFO] EPOCHS=50
05/30 09:36:08PM parser.py:31 [INFO] EXP_NAME=EXP-20240530-213608
05/30 09:36:08PM parser.py:31 [INFO] GENOTYPE=Genotype3(normal1=[[('sep_conv_3x3', 0), ('sep_conv_3x3', 1)], [('sep_conv_3x3', 0), ('sep_conv_3x3', 1)], [('sep_conv_3x3', 0), ('sep_conv_3x3', 1)], [('sep_conv_3x3', 2), ('sep_conv_3x3', 3)]], normal1_concat=range(2, 6), reduce1=[[('max_pool_3x3', 0), ('skip_connect', 0)], [('max_pool_3x3', 0), ('max_pool_3x3', 2)], [('sep_conv_3x3', 0), ('skip_connect', 1)], [('sep_conv_3x3', 0), ('dil_conv_3x3', 4)]], reduce1_concat=range(2, 6), normal2=[[('skip_connect', 0), ('dil_conv_3x3', 1)], [('skip_connect', 0), ('sep_conv_3x3', 1)], [('skip_connect', 0), ('sep_conv_3x3', 1)], [('skip_connect', 0), ('sep_conv_3x3', 1)]], normal2_concat=range(2, 6), reduce2=[[('dil_conv_3x3', 0), ('max_pool_3x3', 1)], [('max_pool_3x3', 1), ('dil_conv_5x5', 2)], [('max_pool_3x3', 1), ('dil_conv_5x5', 3)], [('max_pool_3x3', 1), ('skip_connect', 4)]], reduce2_concat=range(2, 6), normal3=[[('dil_conv_5x5', 0), ('sep_conv_3x3', 1)], [('sep_conv_3x3', 1), ('dil_conv_3x3', 2)], [('dil_conv_3x3', 0), ('sep_conv_5x5', 2)], [('sep_conv_5x5', 3), ('sep_conv_3x3', 4)]], normal3_concat=range(2, 6))
05/30 09:36:08PM parser.py:31 [INFO] GPUS=[0]
05/30 09:36:08PM parser.py:31 [INFO] INIT_CHANNELS=16
05/30 09:36:08PM parser.py:31 [INFO] LAYERS=20
05/30 09:36:08PM parser.py:31 [INFO] LOCAL_RANK=0
05/30 09:36:08PM parser.py:31 [INFO] LOGGER=<Logger H-DAS (INFO)>
05/30 09:36:08PM parser.py:31 [INFO] NAME=SCRATCH_SPEC_SPEC
05/30 09:36:08PM parser.py:31 [INFO] PATH=results/search_Stage/CIFAR10/SCRATCH_SPEC_SPEC/EXP-20240530-213608
05/30 09:36:08PM parser.py:31 [INFO] PRINT_FREQ=50
05/30 09:36:08PM parser.py:31 [INFO] RESUME_PATH=None
05/30 09:36:08PM parser.py:31 [INFO] SAVE=EXP
05/30 09:36:08PM parser.py:31 [INFO] SEED=2
05/30 09:36:08PM parser.py:31 [INFO] SHARE_STAGE=False
05/30 09:36:08PM parser.py:31 [INFO] SPEC_CELL=True
05/30 09:36:08PM parser.py:31 [INFO] TRAIN_PORTION=0.5
05/30 09:36:08PM parser.py:31 [INFO] W_GRAD_CLIP=5.0
05/30 09:36:08PM parser.py:31 [INFO] W_LR=0.025
05/30 09:36:08PM parser.py:31 [INFO] W_LR_MIN=0.001
05/30 09:36:08PM parser.py:31 [INFO] W_MOMENTUM=0.9
05/30 09:36:08PM parser.py:31 [INFO] W_WEIGHT_DECAY=0.0003
05/30 09:36:08PM parser.py:31 [INFO] WORKERS=4
05/30 09:36:08PM parser.py:32 [INFO] 
05/30 09:36:09PM searchStage_trainer.py:103 [INFO] --> No loaded checkpoint!
####### ALPHA #######
# Alpha - DAG
tensor([[0.2502, 0.2500, 0.2500, 0.2498],
        [0.2502, 0.2497, 0.2500, 0.2500]], device='cuda:0',
       grad_fn=<SoftmaxBackward0>)
tensor([[0.2499, 0.2497, 0.2503, 0.2501],
        [0.2499, 0.2499, 0.2502, 0.2500],
        [0.2502, 0.2499, 0.2500, 0.2499]], device='cuda:0',
       grad_fn=<SoftmaxBackward0>)
tensor([[0.2502, 0.2498, 0.2503, 0.2498],
        [0.2499, 0.2501, 0.2501, 0.2500],
        [0.2500, 0.2501, 0.2500, 0.2499]], device='cuda:0',
       grad_fn=<SoftmaxBackward0>)
tensor([[0.2499, 0.2501, 0.2501, 0.2499],
        [0.2497, 0.2504, 0.2499, 0.2501],
        [0.2501, 0.2501, 0.2501, 0.2497]], device='cuda:0',
       grad_fn=<SoftmaxBackward0>)
tensor([[0.2498, 0.2501, 0.2499, 0.2502],
        [0.2502, 0.2499, 0.2499, 0.2500],
        [0.2498, 0.2501, 0.2502, 0.2499]], device='cuda:0',
       grad_fn=<SoftmaxBackward0>)
tensor([[0.2500, 0.2502, 0.2496, 0.2502],
        [0.2504, 0.2499, 0.2499, 0.2498],
        [0.2501, 0.2501, 0.2497, 0.2502]], device='cuda:0',
       grad_fn=<SoftmaxBackward0>)
tensor([[0.2495, 0.2500, 0.2501, 0.2503],
        [0.2501, 0.2498, 0.2503, 0.2498]], device='cuda:0',
       grad_fn=<SoftmaxBackward0>)
tensor([[0.2497, 0.2497, 0.2503, 0.2502],
        [0.2497, 0.2501, 0.2500, 0.2502],
        [0.2504, 0.2500, 0.2498, 0.2499]], device='cuda:0',
       grad_fn=<SoftmaxBackward0>)
tensor([[0.2496, 0.2502, 0.2500, 0.2502],
        [0.2500, 0.2503, 0.2497, 0.2499],
        [0.2497, 0.2498, 0.2502, 0.2503]], device='cuda:0',
       grad_fn=<SoftmaxBackward0>)
tensor([[0.2499, 0.2503, 0.2498, 0.2500],
        [0.2497, 0.2501, 0.2501, 0.2501],
        [0.2498, 0.2499, 0.2500, 0.2503]], device='cuda:0',
       grad_fn=<SoftmaxBackward0>)
tensor([[0.2499, 0.2499, 0.2502, 0.2501],
        [0.2503, 0.2500, 0.2499, 0.2498],
        [0.2502, 0.2501, 0.2497, 0.2500]], device='cuda:0',
       grad_fn=<SoftmaxBackward0>)
tensor([[0.2497, 0.2499, 0.2505, 0.2499],
        [0.2497, 0.2500, 0.2501, 0.2501],
        [0.2501, 0.2503, 0.2496, 0.2499]], device='cuda:0',
       grad_fn=<SoftmaxBackward0>)
tensor([[0.2500, 0.2497, 0.2502, 0.2501],
        [0.2497, 0.2500, 0.2502, 0.2501]], device='cuda:0',
       grad_fn=<SoftmaxBackward0>)
tensor([[0.2498, 0.2498, 0.2502, 0.2502],
        [0.2500, 0.2500, 0.2498, 0.2502],
        [0.2496, 0.2503, 0.2503, 0.2499]], device='cuda:0',
       grad_fn=<SoftmaxBackward0>)
tensor([[0.2501, 0.2500, 0.2502, 0.2498],
        [0.2497, 0.2498, 0.2504, 0.2501],
        [0.2501, 0.2500, 0.2499, 0.2500]], device='cuda:0',
       grad_fn=<SoftmaxBackward0>)
tensor([[0.2502, 0.2503, 0.2497, 0.2498],
        [0.2501, 0.2495, 0.2503, 0.2500],
        [0.2499, 0.2502, 0.2501, 0.2499]], device='cuda:0',
       grad_fn=<SoftmaxBackward0>)
tensor([[0.2502, 0.2501, 0.2499, 0.2498],
        [0.2502, 0.2500, 0.2496, 0.2502],
        [0.2498, 0.2502, 0.2500, 0.2499]], device='cuda:0',
       grad_fn=<SoftmaxBackward0>)
tensor([[0.2500, 0.2499, 0.2499, 0.2502],
        [0.2499, 0.2504, 0.2497, 0.2500],
        [0.2497, 0.2500, 0.2501, 0.2502]], device='cuda:0',
       grad_fn=<SoftmaxBackward0>)
#####################
05/30 09:36:27PM searchStage_trainer.py:211 [INFO] Train: Epoch: [0][50/390]	Step 50	lr 0.025	Loss 2.3118 (2.2877)	Prec@(1,5) (14.9%, 62.1%)	
05/30 09:36:44PM searchStage_trainer.py:211 [INFO] Train: Epoch: [0][100/390]	Step 100	lr 0.025	Loss 2.0200 (2.2160)	Prec@(1,5) (17.0%, 68.1%)	
05/30 09:37:01PM searchStage_trainer.py:211 [INFO] Train: Epoch: [0][150/390]	Step 150	lr 0.025	Loss 1.7614 (2.1366)	Prec@(1,5) (20.0%, 72.0%)	
05/30 09:37:18PM searchStage_trainer.py:211 [INFO] Train: Epoch: [0][200/390]	Step 200	lr 0.025	Loss 1.8453 (2.0696)	Prec@(1,5) (22.1%, 74.9%)	
05/30 09:37:34PM searchStage_trainer.py:211 [INFO] Train: Epoch: [0][250/390]	Step 250	lr 0.025	Loss 1.7833 (2.0156)	Prec@(1,5) (24.0%, 77.1%)	
05/30 09:37:51PM searchStage_trainer.py:211 [INFO] Train: Epoch: [0][300/390]	Step 300	lr 0.025	Loss 1.8734 (1.9756)	Prec@(1,5) (25.7%, 78.6%)	
05/30 09:38:08PM searchStage_trainer.py:211 [INFO] Train: Epoch: [0][350/390]	Step 350	lr 0.025	Loss 1.7098 (1.9391)	Prec@(1,5) (27.2%, 80.0%)	
05/30 09:38:21PM searchStage_trainer.py:211 [INFO] Train: Epoch: [0][390/390]	Step 390	lr 0.025	Loss 1.6670 (1.9129)	Prec@(1,5) (28.2%, 80.9%)	
05/30 09:38:22PM searchStage_trainer.py:221 [INFO] Train: [  0/49] Final Prec@1 28.1640%
05/30 09:38:25PM searchStage_trainer.py:249 [INFO] Valid: Epoch: [0][50/391]	Step 391	Loss 1.7439	Prec@(1,5) (34.5%, 85.7%)
05/30 09:38:28PM searchStage_trainer.py:249 [INFO] Valid: Epoch: [0][100/391]	Step 391	Loss 1.7391	Prec@(1,5) (35.0%, 86.1%)
05/30 09:38:31PM searchStage_trainer.py:249 [INFO] Valid: Epoch: [0][150/391]	Step 391	Loss 1.7537	Prec@(1,5) (34.4%, 86.2%)
05/30 09:38:33PM searchStage_trainer.py:249 [INFO] Valid: Epoch: [0][200/391]	Step 391	Loss 1.7484	Prec@(1,5) (34.5%, 86.5%)
05/30 09:38:36PM searchStage_trainer.py:249 [INFO] Valid: Epoch: [0][250/391]	Step 391	Loss 1.7453	Prec@(1,5) (34.5%, 86.5%)
05/30 09:38:39PM searchStage_trainer.py:249 [INFO] Valid: Epoch: [0][300/391]	Step 391	Loss 1.7423	Prec@(1,5) (34.8%, 86.5%)
05/30 09:38:41PM searchStage_trainer.py:249 [INFO] Valid: Epoch: [0][350/391]	Step 391	Loss 1.7396	Prec@(1,5) (34.9%, 86.7%)
05/30 09:38:43PM searchStage_trainer.py:249 [INFO] Valid: Epoch: [0][390/391]	Step 391	Loss 1.7379	Prec@(1,5) (34.9%, 86.8%)
05/30 09:38:44PM searchStage_trainer.py:260 [INFO] Valid: [  0/49] Final Prec@1 34.8640%
05/30 09:38:44PM searchStage_main.py:59 [INFO] DAG = Genotype2(DAG1=[[('avg_pool_3x3', 1), ('avg_pool_3x3', 0)], [('avg_pool_3x3', 2), ('avg_pool_3x3', 1)], [('avg_pool_3x3', 2), ('avg_pool_3x3', 1)], [('avg_pool_3x3', 2), ('avg_pool_3x3', 3)], [('avg_pool_3x3', 4), ('avg_pool_3x3', 5)], [('avg_pool_3x3', 6), ('avg_pool_3x3', 5)]], DAG1_concat=range(6, 8), DAG2=[[('skip_connect', 1), ('skip_connect', 0)], [('max_pool_3x3', 2), ('skip_connect', 1)], [('max_pool_3x3', 2), ('skip_connect', 3)], [('avg_pool_3x3', 2), ('avg_pool_3x3', 3)], [('avg_pool_3x3', 5), ('skip_connect', 3)], [('avg_pool_3x3', 6), ('skip_connect', 4)]], DAG2_concat=range(6, 8), DAG3=[[('skip_connect', 0), ('skip_connect', 1)], [('skip_connect', 2), ('skip_connect', 0)], [('skip_connect', 2), ('max_pool_3x3', 3)], [('skip_connect', 3), ('avg_pool_3x3', 2)], [('skip_connect', 5), ('skip_connect', 4)], [('skip_connect', 6), ('skip_connect', 5)]], DAG3_concat=range(6, 8))
05/30 09:38:44PM searchStage_main.py:79 [INFO] Until now, best Prec@1 = 34.8640%
####### ALPHA #######
# Alpha - DAG
tensor([[0.2491, 0.2544, 0.2468, 0.2498],
        [0.2483, 0.2567, 0.2504, 0.2446]], device='cuda:0',
       grad_fn=<SoftmaxBackward0>)
tensor([[0.2488, 0.2536, 0.2503, 0.2473],
        [0.2483, 0.2554, 0.2501, 0.2462],
        [0.2476, 0.2570, 0.2492, 0.2462]], device='cuda:0',
       grad_fn=<SoftmaxBackward0>)
tensor([[0.2489, 0.2540, 0.2521, 0.2449],
        [0.2529, 0.2565, 0.2459, 0.2447],
        [0.2509, 0.2548, 0.2450, 0.2493]], device='cuda:0',
       grad_fn=<SoftmaxBackward0>)
tensor([[0.2502, 0.2548, 0.2485, 0.2464],
        [0.2510, 0.2546, 0.2471, 0.2474],
        [0.2513, 0.2540, 0.2442, 0.2505]], device='cuda:0',
       grad_fn=<SoftmaxBackward0>)
tensor([[0.2507, 0.2531, 0.2478, 0.2484],
        [0.2516, 0.2538, 0.2472, 0.2474],
        [0.2512, 0.2528, 0.2454, 0.2506]], device='cuda:0',
       grad_fn=<SoftmaxBackward0>)
tensor([[0.2497, 0.2520, 0.2466, 0.2517],
        [0.2500, 0.2525, 0.2487, 0.2487],
        [0.2496, 0.2532, 0.2497, 0.2475]], device='cuda:0',
       grad_fn=<SoftmaxBackward0>)
tensor([[0.2490, 0.2503, 0.2505, 0.2502],
        [0.2497, 0.2502, 0.2505, 0.2496]], device='cuda:0',
       grad_fn=<SoftmaxBackward0>)
tensor([[0.2496, 0.2502, 0.2505, 0.2497],
        [0.2493, 0.2502, 0.2503, 0.2502],
        [0.2509, 0.2503, 0.2493, 0.2494]], device='cuda:0',
       grad_fn=<SoftmaxBackward0>)
tensor([[0.2494, 0.2504, 0.2501, 0.2502],
        [0.2508, 0.2507, 0.2497, 0.2489],
        [0.2495, 0.2500, 0.2501, 0.2503]], device='cuda:0',
       grad_fn=<SoftmaxBackward0>)
tensor([[0.2500, 0.2507, 0.2502, 0.2492],
        [0.2498, 0.2503, 0.2496, 0.2502],
        [0.2499, 0.2501, 0.2497, 0.2503]], device='cuda:0',
       grad_fn=<SoftmaxBackward0>)
tensor([[0.2500, 0.2501, 0.2506, 0.2493],
        [0.2502, 0.2502, 0.2500, 0.2496],
        [0.2504, 0.2504, 0.2491, 0.2500]], device='cuda:0',
       grad_fn=<SoftmaxBackward0>)
tensor([[0.2499, 0.2499, 0.2507, 0.2495],
        [0.2498, 0.2500, 0.2499, 0.2503],
        [0.2504, 0.2506, 0.2493, 0.2496]], device='cuda:0',
       grad_fn=<SoftmaxBackward0>)
tensor([[0.2497, 0.2497, 0.2504, 0.2502],
        [0.2496, 0.2502, 0.2503, 0.2499]], device='cuda:0',
       grad_fn=<SoftmaxBackward0>)
tensor([[0.2496, 0.2500, 0.2502, 0.2502],
        [0.2498, 0.2501, 0.2496, 0.2505],
        [0.2489, 0.2507, 0.2508, 0.2495]], device='cuda:0',
       grad_fn=<SoftmaxBackward0>)
tensor([[0.2506, 0.2500, 0.2502, 0.2492],
        [0.2496, 0.2500, 0.2507, 0.2497],
        [0.2501, 0.2496, 0.2495, 0.2508]], device='cuda:0',
       grad_fn=<SoftmaxBackward0>)
tensor([[0.2500, 0.2503, 0.2499, 0.2498],
        [0.2496, 0.2498, 0.2511, 0.2495],
        [0.2498, 0.2501, 0.2497, 0.2504]], device='cuda:0',
       grad_fn=<SoftmaxBackward0>)
tensor([[0.2491, 0.2503, 0.2502, 0.2504],
        [0.2488, 0.2504, 0.2506, 0.2502],
        [0.2482, 0.2508, 0.2517, 0.2493]], device='cuda:0',
       grad_fn=<SoftmaxBackward0>)
tensor([[0.2493, 0.2496, 0.2508, 0.2503],
        [0.2485, 0.2506, 0.2508, 0.2501],
        [0.2488, 0.2500, 0.2512, 0.2500]], device='cuda:0',
       grad_fn=<SoftmaxBackward0>)
#####################
05/30 09:39:01PM searchStage_trainer.py:211 [INFO] Train: Epoch: [1][50/390]	Step 441	lr 0.02498	Loss 1.5677 (1.6161)	Prec@(1,5) (39.5%, 90.2%)	
05/30 09:39:18PM searchStage_trainer.py:211 [INFO] Train: Epoch: [1][100/390]	Step 491	lr 0.02498	Loss 1.4325 (1.6054)	Prec@(1,5) (40.1%, 90.0%)	
05/30 09:39:35PM searchStage_trainer.py:211 [INFO] Train: Epoch: [1][150/390]	Step 541	lr 0.02498	Loss 1.5257 (1.5866)	Prec@(1,5) (40.4%, 90.5%)	
05/30 09:39:52PM searchStage_trainer.py:211 [INFO] Train: Epoch: [1][200/390]	Step 591	lr 0.02498	Loss 1.5528 (1.5798)	Prec@(1,5) (40.8%, 90.6%)	
05/30 09:40:09PM searchStage_trainer.py:211 [INFO] Train: Epoch: [1][250/390]	Step 641	lr 0.02498	Loss 1.2307 (1.5688)	Prec@(1,5) (41.4%, 90.5%)	
05/30 09:40:26PM searchStage_trainer.py:211 [INFO] Train: Epoch: [1][300/390]	Step 691	lr 0.02498	Loss 1.4442 (1.5523)	Prec@(1,5) (42.1%, 90.7%)	
05/30 09:40:43PM searchStage_trainer.py:211 [INFO] Train: Epoch: [1][350/390]	Step 741	lr 0.02498	Loss 1.5023 (1.5330)	Prec@(1,5) (42.9%, 90.9%)	
05/30 09:40:57PM searchStage_trainer.py:211 [INFO] Train: Epoch: [1][390/390]	Step 781	lr 0.02498	Loss 1.3802 (1.5187)	Prec@(1,5) (43.3%, 91.1%)	
05/30 09:40:57PM searchStage_trainer.py:221 [INFO] Train: [  1/49] Final Prec@1 43.3000%
05/30 09:41:00PM searchStage_trainer.py:249 [INFO] Valid: Epoch: [1][50/391]	Step 782	Loss 1.5780	Prec@(1,5) (42.6%, 89.6%)
05/30 09:41:03PM searchStage_trainer.py:249 [INFO] Valid: Epoch: [1][100/391]	Step 782	Loss 1.5382	Prec@(1,5) (44.0%, 90.5%)
05/30 09:41:05PM searchStage_trainer.py:249 [INFO] Valid: Epoch: [1][150/391]	Step 782	Loss 1.5272	Prec@(1,5) (44.5%, 90.9%)
05/30 09:41:08PM searchStage_trainer.py:249 [INFO] Valid: Epoch: [1][200/391]	Step 782	Loss 1.5128	Prec@(1,5) (44.7%, 91.2%)
05/30 09:41:11PM searchStage_trainer.py:249 [INFO] Valid: Epoch: [1][250/391]	Step 782	Loss 1.5132	Prec@(1,5) (44.7%, 91.2%)
05/30 09:41:13PM searchStage_trainer.py:249 [INFO] Valid: Epoch: [1][300/391]	Step 782	Loss 1.5164	Prec@(1,5) (44.6%, 91.1%)
05/30 09:41:16PM searchStage_trainer.py:249 [INFO] Valid: Epoch: [1][350/391]	Step 782	Loss 1.5131	Prec@(1,5) (44.8%, 91.1%)
05/30 09:41:18PM searchStage_trainer.py:249 [INFO] Valid: Epoch: [1][390/391]	Step 782	Loss 1.5128	Prec@(1,5) (44.6%, 91.2%)
05/30 09:41:18PM searchStage_trainer.py:260 [INFO] Valid: [  1/49] Final Prec@1 44.6080%
05/30 09:41:18PM searchStage_main.py:59 [INFO] DAG = Genotype2(DAG1=[[('avg_pool_3x3', 1), ('avg_pool_3x3', 0)], [('avg_pool_3x3', 2), ('avg_pool_3x3', 1)], [('avg_pool_3x3', 2), ('avg_pool_3x3', 3)], [('avg_pool_3x3', 2), ('avg_pool_3x3', 3)], [('avg_pool_3x3', 5), ('avg_pool_3x3', 4)], [('avg_pool_3x3', 6), ('avg_pool_3x3', 5)]], DAG1_concat=range(6, 8), DAG2=[[('avg_pool_3x3', 1), ('avg_pool_3x3', 0)], [('max_pool_3x3', 2), ('skip_connect', 0)], [('avg_pool_3x3', 2), ('avg_pool_3x3', 3)], [('avg_pool_3x3', 4), ('avg_pool_3x3', 3)], [('avg_pool_3x3', 5), ('max_pool_3x3', 4)], [('avg_pool_3x3', 6), ('avg_pool_3x3', 5)]], DAG2_concat=range(6, 8), DAG3=[[('skip_connect', 0), ('skip_connect', 1)], [('skip_connect', 2), ('skip_connect', 0)], [('skip_connect', 2), ('max_pool_3x3', 3)], [('skip_connect', 3), ('avg_pool_3x3', 4)], [('skip_connect', 5), ('skip_connect', 4)], [('skip_connect', 6), ('skip_connect', 5)]], DAG3_concat=range(6, 8))
05/30 09:41:19PM searchStage_main.py:79 [INFO] Until now, best Prec@1 = 44.6080%
####### ALPHA #######
# Alpha - DAG
tensor([[0.2515, 0.2575, 0.2447, 0.2464],
        [0.2472, 0.2603, 0.2509, 0.2416]], device='cuda:0',
       grad_fn=<SoftmaxBackward0>)
tensor([[0.2501, 0.2578, 0.2490, 0.2431],
        [0.2493, 0.2599, 0.2492, 0.2415],
        [0.2481, 0.2653, 0.2423, 0.2443]], device='cuda:0',
       grad_fn=<SoftmaxBackward0>)
tensor([[0.2492, 0.2563, 0.2523, 0.2422],
        [0.2553, 0.2610, 0.2424, 0.2413],
        [0.2532, 0.2597, 0.2414, 0.2458]], device='cuda:0',
       grad_fn=<SoftmaxBackward0>)
tensor([[0.2522, 0.2587, 0.2466, 0.2426],
        [0.2524, 0.2585, 0.2433, 0.2459],
        [0.2545, 0.2571, 0.2388, 0.2496]], device='cuda:0',
       grad_fn=<SoftmaxBackward0>)
tensor([[0.2506, 0.2569, 0.2488, 0.2437],
        [0.2524, 0.2577, 0.2436, 0.2463],
        [0.2525, 0.2562, 0.2404, 0.2510]], device='cuda:0',
       grad_fn=<SoftmaxBackward0>)
tensor([[0.2494, 0.2543, 0.2449, 0.2514],
        [0.2507, 0.2547, 0.2465, 0.2481],
        [0.2506, 0.2564, 0.2476, 0.2455]], device='cuda:0',
       grad_fn=<SoftmaxBackward0>)
tensor([[0.2491, 0.2506, 0.2503, 0.2500],
        [0.2494, 0.2506, 0.2505, 0.2495]], device='cuda:0',
       grad_fn=<SoftmaxBackward0>)
tensor([[0.2496, 0.2502, 0.2508, 0.2494],
        [0.2495, 0.2500, 0.2504, 0.2501],
        [0.2513, 0.2508, 0.2489, 0.2491]], device='cuda:0',
       grad_fn=<SoftmaxBackward0>)
tensor([[0.2494, 0.2502, 0.2503, 0.2501],
        [0.2511, 0.2513, 0.2493, 0.2483],
        [0.2497, 0.2502, 0.2498, 0.2503]], device='cuda:0',
       grad_fn=<SoftmaxBackward0>)
tensor([[0.2501, 0.2509, 0.2502, 0.2488],
        [0.2500, 0.2504, 0.2491, 0.2505],
        [0.2503, 0.2503, 0.2497, 0.2497]], device='cuda:0',
       grad_fn=<SoftmaxBackward0>)
tensor([[0.2503, 0.2503, 0.2507, 0.2487],
        [0.2506, 0.2502, 0.2492, 0.2499],
        [0.2506, 0.2508, 0.2490, 0.2495]], device='cuda:0',
       grad_fn=<SoftmaxBackward0>)
tensor([[0.2501, 0.2501, 0.2504, 0.2495],
        [0.2499, 0.2501, 0.2500, 0.2500],
        [0.2505, 0.2508, 0.2492, 0.2495]], device='cuda:0',
       grad_fn=<SoftmaxBackward0>)
tensor([[0.2495, 0.2497, 0.2505, 0.2503],
        [0.2493, 0.2503, 0.2506, 0.2498]], device='cuda:0',
       grad_fn=<SoftmaxBackward0>)
tensor([[0.2492, 0.2504, 0.2506, 0.2497],
        [0.2495, 0.2503, 0.2495, 0.2507],
        [0.2485, 0.2509, 0.2509, 0.2497]], device='cuda:0',
       grad_fn=<SoftmaxBackward0>)
tensor([[0.2510, 0.2499, 0.2502, 0.2489],
        [0.2496, 0.2502, 0.2509, 0.2493],
        [0.2499, 0.2495, 0.2492, 0.2514]], device='cuda:0',
       grad_fn=<SoftmaxBackward0>)
tensor([[0.2498, 0.2504, 0.2498, 0.2500],
        [0.2492, 0.2501, 0.2518, 0.2490],
        [0.2497, 0.2501, 0.2496, 0.2507]], device='cuda:0',
       grad_fn=<SoftmaxBackward0>)
tensor([[0.2482, 0.2505, 0.2504, 0.2509],
        [0.2476, 0.2507, 0.2515, 0.2502],
        [0.2470, 0.2513, 0.2531, 0.2486]], device='cuda:0',
       grad_fn=<SoftmaxBackward0>)
tensor([[0.2487, 0.2494, 0.2515, 0.2503],
        [0.2473, 0.2507, 0.2517, 0.2503],
        [0.2478, 0.2502, 0.2523, 0.2498]], device='cuda:0',
       grad_fn=<SoftmaxBackward0>)
#####################
05/30 09:41:36PM searchStage_trainer.py:211 [INFO] Train: Epoch: [2][50/390]	Step 832	lr 0.02491	Loss 1.2814 (1.4233)	Prec@(1,5) (47.7%, 92.7%)	
05/30 09:41:53PM searchStage_trainer.py:211 [INFO] Train: Epoch: [2][100/390]	Step 882	lr 0.02491	Loss 1.4457 (1.4019)	Prec@(1,5) (48.4%, 92.8%)	
05/30 09:42:10PM searchStage_trainer.py:211 [INFO] Train: Epoch: [2][150/390]	Step 932	lr 0.02491	Loss 1.4041 (1.3917)	Prec@(1,5) (49.2%, 92.9%)	
05/30 09:42:27PM searchStage_trainer.py:211 [INFO] Train: Epoch: [2][200/390]	Step 982	lr 0.02491	Loss 1.5001 (1.3800)	Prec@(1,5) (49.5%, 93.1%)	
05/30 09:42:44PM searchStage_trainer.py:211 [INFO] Train: Epoch: [2][250/390]	Step 1032	lr 0.02491	Loss 1.0228 (1.3709)	Prec@(1,5) (50.0%, 93.2%)	
05/30 09:43:01PM searchStage_trainer.py:211 [INFO] Train: Epoch: [2][300/390]	Step 1082	lr 0.02491	Loss 1.2301 (1.3644)	Prec@(1,5) (50.2%, 93.2%)	
05/30 09:43:18PM searchStage_trainer.py:211 [INFO] Train: Epoch: [2][350/390]	Step 1132	lr 0.02491	Loss 1.1483 (1.3571)	Prec@(1,5) (50.5%, 93.3%)	
05/30 09:43:32PM searchStage_trainer.py:211 [INFO] Train: Epoch: [2][390/390]	Step 1172	lr 0.02491	Loss 1.0892 (1.3513)	Prec@(1,5) (50.7%, 93.4%)	
05/30 09:43:32PM searchStage_trainer.py:221 [INFO] Train: [  2/49] Final Prec@1 50.6880%
05/30 09:43:35PM searchStage_trainer.py:249 [INFO] Valid: Epoch: [2][50/391]	Step 1173	Loss 1.3138	Prec@(1,5) (52.8%, 93.5%)
05/30 09:43:38PM searchStage_trainer.py:249 [INFO] Valid: Epoch: [2][100/391]	Step 1173	Loss 1.3153	Prec@(1,5) (52.7%, 93.7%)
05/30 09:43:40PM searchStage_trainer.py:249 [INFO] Valid: Epoch: [2][150/391]	Step 1173	Loss 1.3125	Prec@(1,5) (53.1%, 93.8%)
05/30 09:43:43PM searchStage_trainer.py:249 [INFO] Valid: Epoch: [2][200/391]	Step 1173	Loss 1.3166	Prec@(1,5) (53.3%, 93.8%)
05/30 09:43:46PM searchStage_trainer.py:249 [INFO] Valid: Epoch: [2][250/391]	Step 1173	Loss 1.3164	Prec@(1,5) (53.1%, 93.9%)
05/30 09:43:48PM searchStage_trainer.py:249 [INFO] Valid: Epoch: [2][300/391]	Step 1173	Loss 1.3141	Prec@(1,5) (53.0%, 94.0%)
05/30 09:43:51PM searchStage_trainer.py:249 [INFO] Valid: Epoch: [2][350/391]	Step 1173	Loss 1.3210	Prec@(1,5) (52.7%, 93.9%)
05/30 09:43:53PM searchStage_trainer.py:249 [INFO] Valid: Epoch: [2][390/391]	Step 1173	Loss 1.3202	Prec@(1,5) (52.6%, 93.9%)
05/30 09:43:53PM searchStage_trainer.py:260 [INFO] Valid: [  2/49] Final Prec@1 52.6560%
05/30 09:43:53PM searchStage_main.py:59 [INFO] DAG = Genotype2(DAG1=[[('avg_pool_3x3', 1), ('avg_pool_3x3', 0)], [('avg_pool_3x3', 2), ('avg_pool_3x3', 1)], [('avg_pool_3x3', 2), ('avg_pool_3x3', 3)], [('avg_pool_3x3', 3), ('avg_pool_3x3', 2)], [('avg_pool_3x3', 5), ('avg_pool_3x3', 4)], [('avg_pool_3x3', 6), ('avg_pool_3x3', 5)]], DAG1_concat=range(6, 8), DAG2=[[('avg_pool_3x3', 0), ('skip_connect', 1)], [('max_pool_3x3', 2), ('skip_connect', 0)], [('avg_pool_3x3', 3), ('avg_pool_3x3', 2)], [('avg_pool_3x3', 4), ('avg_pool_3x3', 3)], [('avg_pool_3x3', 5), ('max_pool_3x3', 4)], [('avg_pool_3x3', 6), ('avg_pool_3x3', 5)]], DAG2_concat=range(6, 8), DAG3=[[('skip_connect', 0), ('skip_connect', 1)], [('skip_connect', 2), ('skip_connect', 0)], [('max_pool_3x3', 3), ('skip_connect', 2)], [('skip_connect', 3), ('avg_pool_3x3', 4)], [('skip_connect', 5), ('skip_connect', 4)], [('skip_connect', 6), ('skip_connect', 5)]], DAG3_concat=range(6, 8))
05/30 09:43:54PM searchStage_main.py:79 [INFO] Until now, best Prec@1 = 52.6560%
####### ALPHA #######
# Alpha - DAG
tensor([[0.2505, 0.2634, 0.2441, 0.2420],
        [0.2459, 0.2650, 0.2501, 0.2390]], device='cuda:0',
       grad_fn=<SoftmaxBackward0>)
tensor([[0.2505, 0.2630, 0.2486, 0.2378],
        [0.2482, 0.2637, 0.2500, 0.2382],
        [0.2476, 0.2735, 0.2372, 0.2417]], device='cuda:0',
       grad_fn=<SoftmaxBackward0>)
tensor([[0.2505, 0.2590, 0.2508, 0.2397],
        [0.2583, 0.2670, 0.2354, 0.2393],
        [0.2521, 0.2657, 0.2400, 0.2422]], device='cuda:0',
       grad_fn=<SoftmaxBackward0>)
tensor([[0.2528, 0.2627, 0.2452, 0.2393],
        [0.2537, 0.2628, 0.2385, 0.2450],
        [0.2547, 0.2604, 0.2367, 0.2483]], device='cuda:0',
       grad_fn=<SoftmaxBackward0>)
tensor([[0.2524, 0.2605, 0.2464, 0.2408],
        [0.2544, 0.2610, 0.2406, 0.2440],
        [0.2540, 0.2591, 0.2363, 0.2506]], device='cuda:0',
       grad_fn=<SoftmaxBackward0>)
tensor([[0.2501, 0.2576, 0.2428, 0.2495],
        [0.2502, 0.2567, 0.2456, 0.2476],
        [0.2516, 0.2594, 0.2442, 0.2447]], device='cuda:0',
       grad_fn=<SoftmaxBackward0>)
tensor([[0.2491, 0.2510, 0.2503, 0.2496],
        [0.2494, 0.2504, 0.2506, 0.2496]], device='cuda:0',
       grad_fn=<SoftmaxBackward0>)
tensor([[0.2491, 0.2506, 0.2513, 0.2489],
        [0.2493, 0.2496, 0.2503, 0.2508],
        [0.2514, 0.2513, 0.2489, 0.2485]], device='cuda:0',
       grad_fn=<SoftmaxBackward0>)
tensor([[0.2496, 0.2502, 0.2505, 0.2497],
        [0.2509, 0.2517, 0.2494, 0.2480],
        [0.2498, 0.2503, 0.2494, 0.2505]], device='cuda:0',
       grad_fn=<SoftmaxBackward0>)
tensor([[0.2501, 0.2510, 0.2500, 0.2489],
        [0.2501, 0.2505, 0.2493, 0.2500],
        [0.2503, 0.2504, 0.2496, 0.2497]], device='cuda:0',
       grad_fn=<SoftmaxBackward0>)
tensor([[0.2507, 0.2505, 0.2506, 0.2482],
        [0.2506, 0.2504, 0.2493, 0.2497],
        [0.2507, 0.2509, 0.2488, 0.2496]], device='cuda:0',
       grad_fn=<SoftmaxBackward0>)
tensor([[0.2502, 0.2502, 0.2501, 0.2495],
        [0.2498, 0.2502, 0.2500, 0.2499],
        [0.2506, 0.2511, 0.2491, 0.2491]], device='cuda:0',
       grad_fn=<SoftmaxBackward0>)
tensor([[0.2491, 0.2498, 0.2507, 0.2504],
        [0.2492, 0.2505, 0.2507, 0.2496]], device='cuda:0',
       grad_fn=<SoftmaxBackward0>)
tensor([[0.2490, 0.2507, 0.2507, 0.2497],
        [0.2494, 0.2504, 0.2495, 0.2507],
        [0.2481, 0.2510, 0.2511, 0.2497]], device='cuda:0',
       grad_fn=<SoftmaxBackward0>)
tensor([[0.2513, 0.2500, 0.2502, 0.2485],
        [0.2496, 0.2503, 0.2510, 0.2491],
        [0.2499, 0.2494, 0.2489, 0.2518]], device='cuda:0',
       grad_fn=<SoftmaxBackward0>)
tensor([[0.2497, 0.2505, 0.2499, 0.2499],
        [0.2489, 0.2502, 0.2522, 0.2487],
        [0.2496, 0.2500, 0.2494, 0.2510]], device='cuda:0',
       grad_fn=<SoftmaxBackward0>)
tensor([[0.2475, 0.2506, 0.2506, 0.2513],
        [0.2467, 0.2510, 0.2521, 0.2502],
        [0.2460, 0.2517, 0.2542, 0.2482]], device='cuda:0',
       grad_fn=<SoftmaxBackward0>)
tensor([[0.2482, 0.2493, 0.2522, 0.2503],
        [0.2463, 0.2508, 0.2525, 0.2505],
        [0.2469, 0.2503, 0.2531, 0.2496]], device='cuda:0',
       grad_fn=<SoftmaxBackward0>)
#####################
05/30 09:44:11PM searchStage_trainer.py:211 [INFO] Train: Epoch: [3][50/390]	Step 1223	lr 0.02479	Loss 1.2270 (1.2436)	Prec@(1,5) (55.2%, 94.8%)	
05/30 09:44:28PM searchStage_trainer.py:211 [INFO] Train: Epoch: [3][100/390]	Step 1273	lr 0.02479	Loss 1.1327 (1.2420)	Prec@(1,5) (55.4%, 94.9%)	
05/30 09:44:45PM searchStage_trainer.py:211 [INFO] Train: Epoch: [3][150/390]	Step 1323	lr 0.02479	Loss 1.0802 (1.2398)	Prec@(1,5) (55.4%, 94.6%)	
05/30 09:45:02PM searchStage_trainer.py:211 [INFO] Train: Epoch: [3][200/390]	Step 1373	lr 0.02479	Loss 1.2661 (1.2222)	Prec@(1,5) (55.9%, 94.8%)	
05/30 09:45:19PM searchStage_trainer.py:211 [INFO] Train: Epoch: [3][250/390]	Step 1423	lr 0.02479	Loss 1.3753 (1.2206)	Prec@(1,5) (55.9%, 94.8%)	
05/30 09:45:36PM searchStage_trainer.py:211 [INFO] Train: Epoch: [3][300/390]	Step 1473	lr 0.02479	Loss 1.2434 (1.2175)	Prec@(1,5) (56.2%, 94.8%)	
05/30 09:45:53PM searchStage_trainer.py:211 [INFO] Train: Epoch: [3][350/390]	Step 1523	lr 0.02479	Loss 1.0553 (1.2085)	Prec@(1,5) (56.5%, 94.9%)	
05/30 09:46:06PM searchStage_trainer.py:211 [INFO] Train: Epoch: [3][390/390]	Step 1563	lr 0.02479	Loss 1.0623 (1.2012)	Prec@(1,5) (56.8%, 95.0%)	
05/30 09:46:07PM searchStage_trainer.py:221 [INFO] Train: [  3/49] Final Prec@1 56.7840%
05/30 09:46:09PM searchStage_trainer.py:249 [INFO] Valid: Epoch: [3][50/391]	Step 1564	Loss 1.3083	Prec@(1,5) (53.1%, 94.2%)
05/30 09:46:12PM searchStage_trainer.py:249 [INFO] Valid: Epoch: [3][100/391]	Step 1564	Loss 1.3077	Prec@(1,5) (53.3%, 94.0%)
05/30 09:46:15PM searchStage_trainer.py:249 [INFO] Valid: Epoch: [3][150/391]	Step 1564	Loss 1.2934	Prec@(1,5) (53.9%, 93.8%)
05/30 09:46:18PM searchStage_trainer.py:249 [INFO] Valid: Epoch: [3][200/391]	Step 1564	Loss 1.2939	Prec@(1,5) (54.1%, 93.6%)
05/30 09:46:20PM searchStage_trainer.py:249 [INFO] Valid: Epoch: [3][250/391]	Step 1564	Loss 1.2904	Prec@(1,5) (54.1%, 93.7%)
05/30 09:46:23PM searchStage_trainer.py:249 [INFO] Valid: Epoch: [3][300/391]	Step 1564	Loss 1.2890	Prec@(1,5) (54.2%, 93.6%)
05/30 09:46:26PM searchStage_trainer.py:249 [INFO] Valid: Epoch: [3][350/391]	Step 1564	Loss 1.2813	Prec@(1,5) (54.5%, 93.7%)
05/30 09:46:28PM searchStage_trainer.py:249 [INFO] Valid: Epoch: [3][390/391]	Step 1564	Loss 1.2807	Prec@(1,5) (54.5%, 93.7%)
05/30 09:46:28PM searchStage_trainer.py:260 [INFO] Valid: [  3/49] Final Prec@1 54.5280%
05/30 09:46:28PM searchStage_main.py:59 [INFO] DAG = Genotype2(DAG1=[[('avg_pool_3x3', 1), ('avg_pool_3x3', 0)], [('avg_pool_3x3', 2), ('avg_pool_3x3', 1)], [('avg_pool_3x3', 2), ('avg_pool_3x3', 3)], [('avg_pool_3x3', 3), ('avg_pool_3x3', 4)], [('avg_pool_3x3', 5), ('avg_pool_3x3', 4)], [('avg_pool_3x3', 6), ('avg_pool_3x3', 5)]], DAG1_concat=range(6, 8), DAG2=[[('avg_pool_3x3', 0), ('skip_connect', 1)], [('max_pool_3x3', 2), ('skip_connect', 0)], [('avg_pool_3x3', 3), ('avg_pool_3x3', 2)], [('avg_pool_3x3', 4), ('avg_pool_3x3', 3)], [('avg_pool_3x3', 5), ('max_pool_3x3', 4)], [('avg_pool_3x3', 6), ('avg_pool_3x3', 5)]], DAG2_concat=range(6, 8), DAG3=[[('skip_connect', 1), ('skip_connect', 0)], [('skip_connect', 2), ('skip_connect', 0)], [('max_pool_3x3', 3), ('skip_connect', 2)], [('avg_pool_3x3', 4), ('skip_connect', 3)], [('skip_connect', 5), ('skip_connect', 4)], [('skip_connect', 6), ('skip_connect', 5)]], DAG3_concat=range(6, 8))
05/30 09:46:28PM searchStage_main.py:79 [INFO] Until now, best Prec@1 = 54.5280%
####### ALPHA #######
# Alpha - DAG
tensor([[0.2493, 0.2687, 0.2427, 0.2393],
        [0.2446, 0.2712, 0.2493, 0.2348]], device='cuda:0',
       grad_fn=<SoftmaxBackward0>)
tensor([[0.2505, 0.2686, 0.2480, 0.2328],
        [0.2479, 0.2670, 0.2488, 0.2364],
        [0.2468, 0.2797, 0.2344, 0.2391]], device='cuda:0',
       grad_fn=<SoftmaxBackward0>)
tensor([[0.2528, 0.2618, 0.2488, 0.2366],
        [0.2577, 0.2719, 0.2343, 0.2362],
        [0.2528, 0.2698, 0.2361, 0.2413]], device='cuda:0',
       grad_fn=<SoftmaxBackward0>)
tensor([[0.2525, 0.2655, 0.2441, 0.2379],
        [0.2538, 0.2662, 0.2358, 0.2442],
        [0.2551, 0.2640, 0.2352, 0.2457]], device='cuda:0',
       grad_fn=<SoftmaxBackward0>)
tensor([[0.2538, 0.2638, 0.2446, 0.2378],
        [0.2550, 0.2637, 0.2383, 0.2429],
        [0.2536, 0.2612, 0.2356, 0.2497]], device='cuda:0',
       grad_fn=<SoftmaxBackward0>)
tensor([[0.2505, 0.2597, 0.2409, 0.2488],
        [0.2504, 0.2586, 0.2431, 0.2479],
        [0.2521, 0.2626, 0.2432, 0.2422]], device='cuda:0',
       grad_fn=<SoftmaxBackward0>)
tensor([[0.2490, 0.2510, 0.2505, 0.2495],
        [0.2494, 0.2503, 0.2507, 0.2496]], device='cuda:0',
       grad_fn=<SoftmaxBackward0>)
tensor([[0.2492, 0.2508, 0.2515, 0.2486],
        [0.2493, 0.2495, 0.2503, 0.2510],
        [0.2515, 0.2513, 0.2489, 0.2483]], device='cuda:0',
       grad_fn=<SoftmaxBackward0>)
tensor([[0.2496, 0.2503, 0.2505, 0.2496],
        [0.2509, 0.2518, 0.2494, 0.2478],
        [0.2498, 0.2503, 0.2494, 0.2504]], device='cuda:0',
       grad_fn=<SoftmaxBackward0>)
tensor([[0.2503, 0.2510, 0.2499, 0.2488],
        [0.2503, 0.2506, 0.2493, 0.2498],
        [0.2503, 0.2504, 0.2496, 0.2496]], device='cuda:0',
       grad_fn=<SoftmaxBackward0>)
tensor([[0.2507, 0.2506, 0.2506, 0.2480],
        [0.2507, 0.2505, 0.2492, 0.2496],
        [0.2509, 0.2510, 0.2487, 0.2495]], device='cuda:0',
       grad_fn=<SoftmaxBackward0>)
tensor([[0.2504, 0.2504, 0.2500, 0.2491],
        [0.2499, 0.2503, 0.2500, 0.2499],
        [0.2507, 0.2511, 0.2489, 0.2492]], device='cuda:0',
       grad_fn=<SoftmaxBackward0>)
tensor([[0.2489, 0.2498, 0.2507, 0.2506],
        [0.2489, 0.2506, 0.2510, 0.2495]], device='cuda:0',
       grad_fn=<SoftmaxBackward0>)
tensor([[0.2487, 0.2508, 0.2508, 0.2497],
        [0.2493, 0.2504, 0.2495, 0.2508],
        [0.2480, 0.2511, 0.2512, 0.2497]], device='cuda:0',
       grad_fn=<SoftmaxBackward0>)
tensor([[0.2516, 0.2501, 0.2503, 0.2479],
        [0.2496, 0.2502, 0.2510, 0.2491],
        [0.2497, 0.2493, 0.2488, 0.2522]], device='cuda:0',
       grad_fn=<SoftmaxBackward0>)
tensor([[0.2497, 0.2506, 0.2499, 0.2498],
        [0.2487, 0.2503, 0.2526, 0.2484],
        [0.2496, 0.2499, 0.2493, 0.2512]], device='cuda:0',
       grad_fn=<SoftmaxBackward0>)
tensor([[0.2470, 0.2507, 0.2507, 0.2516],
        [0.2460, 0.2511, 0.2526, 0.2503],
        [0.2453, 0.2519, 0.2550, 0.2478]], device='cuda:0',
       grad_fn=<SoftmaxBackward0>)
tensor([[0.2478, 0.2491, 0.2528, 0.2503],
        [0.2455, 0.2508, 0.2531, 0.2506],
        [0.2463, 0.2504, 0.2538, 0.2494]], device='cuda:0',
       grad_fn=<SoftmaxBackward0>)
#####################
05/30 09:46:46PM searchStage_trainer.py:211 [INFO] Train: Epoch: [4][50/390]	Step 1614	lr 0.02462	Loss 1.1030 (1.1066)	Prec@(1,5) (61.1%, 95.9%)	
05/30 09:47:03PM searchStage_trainer.py:211 [INFO] Train: Epoch: [4][100/390]	Step 1664	lr 0.02462	Loss 1.1724 (1.1165)	Prec@(1,5) (60.3%, 96.0%)	
05/30 09:47:20PM searchStage_trainer.py:211 [INFO] Train: Epoch: [4][150/390]	Step 1714	lr 0.02462	Loss 1.2091 (1.1049)	Prec@(1,5) (60.7%, 95.8%)	
05/30 09:47:36PM searchStage_trainer.py:211 [INFO] Train: Epoch: [4][200/390]	Step 1764	lr 0.02462	Loss 1.1703 (1.0947)	Prec@(1,5) (61.1%, 95.8%)	
05/30 09:47:54PM searchStage_trainer.py:211 [INFO] Train: Epoch: [4][250/390]	Step 1814	lr 0.02462	Loss 1.2161 (1.0956)	Prec@(1,5) (60.9%, 95.9%)	
05/30 09:48:11PM searchStage_trainer.py:211 [INFO] Train: Epoch: [4][300/390]	Step 1864	lr 0.02462	Loss 1.0437 (1.0832)	Prec@(1,5) (61.3%, 95.9%)	
05/30 09:48:28PM searchStage_trainer.py:211 [INFO] Train: Epoch: [4][350/390]	Step 1914	lr 0.02462	Loss 0.9469 (1.0775)	Prec@(1,5) (61.6%, 96.0%)	
05/30 09:48:41PM searchStage_trainer.py:211 [INFO] Train: Epoch: [4][390/390]	Step 1954	lr 0.02462	Loss 1.1615 (1.0721)	Prec@(1,5) (61.7%, 96.0%)	
05/30 09:48:41PM searchStage_trainer.py:221 [INFO] Train: [  4/49] Final Prec@1 61.7200%
05/30 09:48:44PM searchStage_trainer.py:249 [INFO] Valid: Epoch: [4][50/391]	Step 1955	Loss 1.1847	Prec@(1,5) (58.3%, 95.6%)
05/30 09:48:47PM searchStage_trainer.py:249 [INFO] Valid: Epoch: [4][100/391]	Step 1955	Loss 1.1735	Prec@(1,5) (59.3%, 95.6%)
05/30 09:48:50PM searchStage_trainer.py:249 [INFO] Valid: Epoch: [4][150/391]	Step 1955	Loss 1.1601	Prec@(1,5) (59.6%, 95.5%)
05/30 09:48:53PM searchStage_trainer.py:249 [INFO] Valid: Epoch: [4][200/391]	Step 1955	Loss 1.1662	Prec@(1,5) (59.4%, 95.5%)
05/30 09:48:55PM searchStage_trainer.py:249 [INFO] Valid: Epoch: [4][250/391]	Step 1955	Loss 1.1654	Prec@(1,5) (59.5%, 95.4%)
05/30 09:48:58PM searchStage_trainer.py:249 [INFO] Valid: Epoch: [4][300/391]	Step 1955	Loss 1.1698	Prec@(1,5) (59.2%, 95.4%)
05/30 09:49:01PM searchStage_trainer.py:249 [INFO] Valid: Epoch: [4][350/391]	Step 1955	Loss 1.1685	Prec@(1,5) (59.1%, 95.5%)
05/30 09:49:03PM searchStage_trainer.py:249 [INFO] Valid: Epoch: [4][390/391]	Step 1955	Loss 1.1637	Prec@(1,5) (59.3%, 95.5%)
05/30 09:49:03PM searchStage_trainer.py:260 [INFO] Valid: [  4/49] Final Prec@1 59.3440%
05/30 09:49:03PM searchStage_main.py:59 [INFO] DAG = Genotype2(DAG1=[[('avg_pool_3x3', 1), ('avg_pool_3x3', 0)], [('avg_pool_3x3', 2), ('avg_pool_3x3', 1)], [('avg_pool_3x3', 3), ('avg_pool_3x3', 2)], [('avg_pool_3x3', 4), ('avg_pool_3x3', 3)], [('avg_pool_3x3', 5), ('avg_pool_3x3', 4)], [('avg_pool_3x3', 6), ('avg_pool_3x3', 5)]], DAG1_concat=range(6, 8), DAG2=[[('skip_connect', 1), ('avg_pool_3x3', 0)], [('max_pool_3x3', 2), ('skip_connect', 0)], [('avg_pool_3x3', 3), ('avg_pool_3x3', 2)], [('avg_pool_3x3', 4), ('avg_pool_3x3', 3)], [('avg_pool_3x3', 5), ('max_pool_3x3', 4)], [('avg_pool_3x3', 6), ('avg_pool_3x3', 5)]], DAG2_concat=range(6, 8), DAG3=[[('skip_connect', 1), ('skip_connect', 0)], [('skip_connect', 2), ('skip_connect', 0)], [('max_pool_3x3', 3), ('skip_connect', 2)], [('avg_pool_3x3', 4), ('skip_connect', 3)], [('skip_connect', 5), ('skip_connect', 4)], [('skip_connect', 6), ('skip_connect', 5)]], DAG3_concat=range(6, 8))
05/30 09:49:03PM searchStage_main.py:79 [INFO] Until now, best Prec@1 = 59.3440%
####### ALPHA #######
# Alpha - DAG
tensor([[0.2500, 0.2732, 0.2400, 0.2368],
        [0.2445, 0.2756, 0.2486, 0.2314]], device='cuda:0',
       grad_fn=<SoftmaxBackward0>)
tensor([[0.2497, 0.2726, 0.2475, 0.2302],
        [0.2462, 0.2721, 0.2485, 0.2332],
        [0.2452, 0.2846, 0.2332, 0.2369]], device='cuda:0',
       grad_fn=<SoftmaxBackward0>)
tensor([[0.2536, 0.2642, 0.2487, 0.2336],
        [0.2582, 0.2747, 0.2322, 0.2349],
        [0.2533, 0.2725, 0.2345, 0.2397]], device='cuda:0',
       grad_fn=<SoftmaxBackward0>)
tensor([[0.2529, 0.2681, 0.2438, 0.2352],
        [0.2546, 0.2678, 0.2332, 0.2445],
        [0.2554, 0.2659, 0.2342, 0.2445]], device='cuda:0',
       grad_fn=<SoftmaxBackward0>)
tensor([[0.2540, 0.2662, 0.2441, 0.2358],
        [0.2563, 0.2658, 0.2357, 0.2423],
        [0.2539, 0.2630, 0.2344, 0.2488]], device='cuda:0',
       grad_fn=<SoftmaxBackward0>)
tensor([[0.2513, 0.2613, 0.2397, 0.2477],
        [0.2510, 0.2602, 0.2419, 0.2469],
        [0.2531, 0.2642, 0.2409, 0.2418]], device='cuda:0',
       grad_fn=<SoftmaxBackward0>)
tensor([[0.2490, 0.2510, 0.2506, 0.2495],
        [0.2493, 0.2504, 0.2508, 0.2495]], device='cuda:0',
       grad_fn=<SoftmaxBackward0>)
tensor([[0.2495, 0.2507, 0.2514, 0.2485],
        [0.2492, 0.2495, 0.2504, 0.2509],
        [0.2515, 0.2513, 0.2488, 0.2483]], device='cuda:0',
       grad_fn=<SoftmaxBackward0>)
tensor([[0.2494, 0.2507, 0.2505, 0.2493],
        [0.2509, 0.2520, 0.2494, 0.2477],
        [0.2498, 0.2503, 0.2493, 0.2505]], device='cuda:0',
       grad_fn=<SoftmaxBackward0>)
tensor([[0.2503, 0.2511, 0.2501, 0.2485],
        [0.2501, 0.2506, 0.2493, 0.2500],
        [0.2504, 0.2505, 0.2496, 0.2496]], device='cuda:0',
       grad_fn=<SoftmaxBackward0>)
tensor([[0.2508, 0.2507, 0.2504, 0.2482],
        [0.2509, 0.2505, 0.2491, 0.2495],
        [0.2509, 0.2511, 0.2487, 0.2493]], device='cuda:0',
       grad_fn=<SoftmaxBackward0>)
tensor([[0.2506, 0.2505, 0.2498, 0.2491],
        [0.2500, 0.2504, 0.2501, 0.2496],
        [0.2508, 0.2511, 0.2488, 0.2494]], device='cuda:0',
       grad_fn=<SoftmaxBackward0>)
tensor([[0.2489, 0.2498, 0.2508, 0.2505],
        [0.2487, 0.2507, 0.2511, 0.2495]], device='cuda:0',
       grad_fn=<SoftmaxBackward0>)
tensor([[0.2485, 0.2510, 0.2510, 0.2495],
        [0.2492, 0.2503, 0.2495, 0.2510],
        [0.2478, 0.2512, 0.2514, 0.2496]], device='cuda:0',
       grad_fn=<SoftmaxBackward0>)
tensor([[0.2518, 0.2502, 0.2505, 0.2474],
        [0.2496, 0.2503, 0.2510, 0.2491],
        [0.2496, 0.2492, 0.2487, 0.2525]], device='cuda:0',
       grad_fn=<SoftmaxBackward0>)
tensor([[0.2496, 0.2506, 0.2500, 0.2498],
        [0.2484, 0.2505, 0.2529, 0.2482],
        [0.2495, 0.2499, 0.2492, 0.2514]], device='cuda:0',
       grad_fn=<SoftmaxBackward0>)
tensor([[0.2465, 0.2508, 0.2509, 0.2518],
        [0.2454, 0.2512, 0.2530, 0.2505],
        [0.2447, 0.2522, 0.2556, 0.2475]], device='cuda:0',
       grad_fn=<SoftmaxBackward0>)
tensor([[0.2475, 0.2490, 0.2532, 0.2503],
        [0.2449, 0.2508, 0.2536, 0.2507],
        [0.2460, 0.2505, 0.2543, 0.2493]], device='cuda:0',
       grad_fn=<SoftmaxBackward0>)
#####################
05/30 09:49:21PM searchStage_trainer.py:211 [INFO] Train: Epoch: [5][50/390]	Step 2005	lr 0.02441	Loss 0.9448 (0.9731)	Prec@(1,5) (65.5%, 96.9%)	
05/30 09:49:38PM searchStage_trainer.py:211 [INFO] Train: Epoch: [5][100/390]	Step 2055	lr 0.02441	Loss 1.2308 (0.9733)	Prec@(1,5) (65.2%, 96.8%)	
05/30 09:49:55PM searchStage_trainer.py:211 [INFO] Train: Epoch: [5][150/390]	Step 2105	lr 0.02441	Loss 0.8573 (0.9763)	Prec@(1,5) (65.1%, 96.9%)	
05/30 09:50:12PM searchStage_trainer.py:211 [INFO] Train: Epoch: [5][200/390]	Step 2155	lr 0.02441	Loss 0.9953 (0.9817)	Prec@(1,5) (65.0%, 96.9%)	
05/30 09:50:29PM searchStage_trainer.py:211 [INFO] Train: Epoch: [5][250/390]	Step 2205	lr 0.02441	Loss 1.0110 (0.9801)	Prec@(1,5) (65.1%, 96.9%)	
05/30 09:50:46PM searchStage_trainer.py:211 [INFO] Train: Epoch: [5][300/390]	Step 2255	lr 0.02441	Loss 0.7739 (0.9722)	Prec@(1,5) (65.6%, 96.9%)	
05/30 09:51:03PM searchStage_trainer.py:211 [INFO] Train: Epoch: [5][350/390]	Step 2305	lr 0.02441	Loss 1.1703 (0.9703)	Prec@(1,5) (65.7%, 96.9%)	
05/30 09:51:16PM searchStage_trainer.py:211 [INFO] Train: Epoch: [5][390/390]	Step 2345	lr 0.02441	Loss 0.8227 (0.9693)	Prec@(1,5) (65.8%, 97.0%)	
