05/30 08:32:32PM parser.py:28 [INFO] 
05/30 08:32:32PM parser.py:29 [INFO] Parameters:
05/30 08:32:32PM parser.py:31 [INFO] DAG_PATH=results/search_Stage/CIFAR10/SCRATCH_PDARTS_STAGESPEC/EXP-20240530-203232/DAG
05/30 08:32:32PM parser.py:31 [INFO] ALPHA_LR=0.0003
05/30 08:32:32PM parser.py:31 [INFO] ALPHA_WEIGHT_DECAY=0.001
05/30 08:32:32PM parser.py:31 [INFO] BATCH_SIZE=64
05/30 08:32:32PM parser.py:31 [INFO] CHECKPOINT_RESET=False
05/30 08:32:32PM parser.py:31 [INFO] DATA_PATH=../data/
05/30 08:32:32PM parser.py:31 [INFO] DATASET=CIFAR10
05/30 08:32:32PM parser.py:31 [INFO] EPOCHS=50
05/30 08:32:32PM parser.py:31 [INFO] EXP_NAME=EXP-20240530-203232
05/30 08:32:32PM parser.py:31 [INFO] GENOTYPE=Genotype(normal=[[('skip_connect', 0), ('dil_conv_3x3', 1)], [('skip_connect', 0), ('sep_conv_3x3', 1)], [('sep_conv_3x3', 1), ('sep_conv_3x3', 3)], [('sep_conv_3x3', 0), ('dil_conv_5x5', 4)]], normal_concat=range(2, 6), reduce=[[('avg_pool_3x3', 0), ('sep_conv_5x5', 1)], [('sep_conv_3x3', 0), ('dil_conv_5x5', 2)], [('max_pool_3x3', 0), ('dil_conv_3x3', 1)], [('dil_conv_3x3', 1), ('dil_conv_5x5', 3)]], reduce_concat=range(2, 6))
05/30 08:32:32PM parser.py:31 [INFO] GPUS=[1]
05/30 08:32:32PM parser.py:31 [INFO] INIT_CHANNELS=16
05/30 08:32:32PM parser.py:31 [INFO] LAYERS=20
05/30 08:32:32PM parser.py:31 [INFO] LOCAL_RANK=0
05/30 08:32:32PM parser.py:31 [INFO] LOGGER=<Logger H-DAS (INFO)>
05/30 08:32:32PM parser.py:31 [INFO] NAME=SCRATCH_PDARTS_STAGESPEC
05/30 08:32:32PM parser.py:31 [INFO] PATH=results/search_Stage/CIFAR10/SCRATCH_PDARTS_STAGESPEC/EXP-20240530-203232
05/30 08:32:32PM parser.py:31 [INFO] PRINT_FREQ=50
05/30 08:32:32PM parser.py:31 [INFO] RESUME_PATH=None
05/30 08:32:32PM parser.py:31 [INFO] SAVE=EXP
05/30 08:32:32PM parser.py:31 [INFO] SEED=0
05/30 08:32:32PM parser.py:31 [INFO] SHARE_STAGE=False
05/30 08:32:32PM parser.py:31 [INFO] SPEC_CELL=False
05/30 08:32:32PM parser.py:31 [INFO] TRAIN_PORTION=0.5
05/30 08:32:32PM parser.py:31 [INFO] W_GRAD_CLIP=5.0
05/30 08:32:32PM parser.py:31 [INFO] W_LR=0.025
05/30 08:32:32PM parser.py:31 [INFO] W_LR_MIN=0.001
05/30 08:32:32PM parser.py:31 [INFO] W_MOMENTUM=0.9
05/30 08:32:32PM parser.py:31 [INFO] W_WEIGHT_DECAY=0.0003
05/30 08:32:32PM parser.py:31 [INFO] WORKERS=4
05/30 08:32:32PM parser.py:32 [INFO] 
05/30 08:32:34PM searchStage_trainer.py:103 [INFO] --> No loaded checkpoint!
####### ALPHA #######
# Alpha - DAG
tensor([[0.2504, 0.2499, 0.2495, 0.2502],
        [0.2498, 0.2497, 0.2502, 0.2503]], device='cuda:1',
       grad_fn=<SoftmaxBackward0>)
tensor([[0.2499, 0.2500, 0.2499, 0.2501],
        [0.2498, 0.2503, 0.2498, 0.2501],
        [0.2500, 0.2503, 0.2499, 0.2498]], device='cuda:1',
       grad_fn=<SoftmaxBackward0>)
tensor([[0.2499, 0.2501, 0.2500, 0.2500],
        [0.2501, 0.2504, 0.2497, 0.2498],
        [0.2501, 0.2499, 0.2502, 0.2498]], device='cuda:1',
       grad_fn=<SoftmaxBackward0>)
tensor([[0.2501, 0.2502, 0.2495, 0.2501],
        [0.2499, 0.2500, 0.2502, 0.2499],
        [0.2500, 0.2501, 0.2500, 0.2498]], device='cuda:1',
       grad_fn=<SoftmaxBackward0>)
tensor([[0.2498, 0.2500, 0.2501, 0.2500],
        [0.2504, 0.2499, 0.2499, 0.2497],
        [0.2501, 0.2505, 0.2498, 0.2496]], device='cuda:1',
       grad_fn=<SoftmaxBackward0>)
tensor([[0.2497, 0.2499, 0.2504, 0.2501],
        [0.2496, 0.2497, 0.2502, 0.2505],
        [0.2500, 0.2500, 0.2497, 0.2504]], device='cuda:1',
       grad_fn=<SoftmaxBackward0>)
tensor([[0.2503, 0.2502, 0.2500, 0.2495],
        [0.2496, 0.2502, 0.2502, 0.2500]], device='cuda:1',
       grad_fn=<SoftmaxBackward0>)
tensor([[0.2500, 0.2501, 0.2498, 0.2500],
        [0.2500, 0.2502, 0.2498, 0.2500],
        [0.2499, 0.2503, 0.2499, 0.2499]], device='cuda:1',
       grad_fn=<SoftmaxBackward0>)
tensor([[0.2499, 0.2501, 0.2497, 0.2503],
        [0.2501, 0.2500, 0.2500, 0.2499],
        [0.2501, 0.2502, 0.2499, 0.2498]], device='cuda:1',
       grad_fn=<SoftmaxBackward0>)
tensor([[0.2502, 0.2505, 0.2497, 0.2496],
        [0.2496, 0.2505, 0.2496, 0.2503],
        [0.2502, 0.2500, 0.2500, 0.2498]], device='cuda:1',
       grad_fn=<SoftmaxBackward0>)
tensor([[0.2499, 0.2500, 0.2500, 0.2500],
        [0.2498, 0.2501, 0.2502, 0.2499],
        [0.2496, 0.2501, 0.2503, 0.2500]], device='cuda:1',
       grad_fn=<SoftmaxBackward0>)
tensor([[0.2503, 0.2500, 0.2497, 0.2501],
        [0.2501, 0.2500, 0.2500, 0.2499],
        [0.2496, 0.2502, 0.2500, 0.2502]], device='cuda:1',
       grad_fn=<SoftmaxBackward0>)
tensor([[0.2500, 0.2504, 0.2496, 0.2499],
        [0.2503, 0.2503, 0.2498, 0.2497]], device='cuda:1',
       grad_fn=<SoftmaxBackward0>)
tensor([[0.2501, 0.2500, 0.2499, 0.2500],
        [0.2499, 0.2495, 0.2504, 0.2501],
        [0.2503, 0.2498, 0.2499, 0.2500]], device='cuda:1',
       grad_fn=<SoftmaxBackward0>)
tensor([[0.2497, 0.2502, 0.2503, 0.2498],
        [0.2498, 0.2504, 0.2500, 0.2498],
        [0.2502, 0.2497, 0.2501, 0.2500]], device='cuda:1',
       grad_fn=<SoftmaxBackward0>)
tensor([[0.2501, 0.2499, 0.2500, 0.2499],
        [0.2498, 0.2500, 0.2499, 0.2503],
        [0.2499, 0.2504, 0.2499, 0.2499]], device='cuda:1',
       grad_fn=<SoftmaxBackward0>)
tensor([[0.2497, 0.2503, 0.2500, 0.2500],
        [0.2499, 0.2502, 0.2501, 0.2499],
        [0.2499, 0.2505, 0.2497, 0.2499]], device='cuda:1',
       grad_fn=<SoftmaxBackward0>)
tensor([[0.2500, 0.2502, 0.2499, 0.2499],
        [0.2502, 0.2496, 0.2504, 0.2499],
        [0.2501, 0.2502, 0.2499, 0.2499]], device='cuda:1',
       grad_fn=<SoftmaxBackward0>)
#####################
05/30 08:33:05PM searchStage_trainer.py:211 [INFO] Train: Epoch: [0][50/390]	Step 50	lr 0.025	Loss 2.4802 (2.3894)	Prec@(1,5) (13.7%, 55.8%)	
05/30 08:33:32PM searchStage_trainer.py:211 [INFO] Train: Epoch: [0][100/390]	Step 100	lr 0.025	Loss 1.8895 (2.3034)	Prec@(1,5) (18.0%, 65.4%)	
05/30 08:33:59PM searchStage_trainer.py:211 [INFO] Train: Epoch: [0][150/390]	Step 150	lr 0.025	Loss 2.1338 (2.1986)	Prec@(1,5) (21.2%, 70.3%)	
05/30 08:34:27PM searchStage_trainer.py:211 [INFO] Train: Epoch: [0][200/390]	Step 200	lr 0.025	Loss 1.8645 (2.1196)	Prec@(1,5) (23.0%, 73.8%)	
05/30 08:34:55PM searchStage_trainer.py:211 [INFO] Train: Epoch: [0][250/390]	Step 250	lr 0.025	Loss 1.9682 (2.0471)	Prec@(1,5) (25.0%, 76.7%)	
05/30 08:35:23PM searchStage_trainer.py:211 [INFO] Train: Epoch: [0][300/390]	Step 300	lr 0.025	Loss 1.7755 (1.9909)	Prec@(1,5) (26.6%, 78.5%)	
05/30 08:35:51PM searchStage_trainer.py:211 [INFO] Train: Epoch: [0][350/390]	Step 350	lr 0.025	Loss 1.7382 (1.9498)	Prec@(1,5) (27.9%, 80.0%)	
05/30 08:36:14PM searchStage_trainer.py:211 [INFO] Train: Epoch: [0][390/390]	Step 390	lr 0.025	Loss 1.5440 (1.9183)	Prec@(1,5) (29.0%, 80.9%)	
05/30 08:36:16PM searchStage_trainer.py:221 [INFO] Train: [  0/49] Final Prec@1 29.0480%
05/30 08:36:20PM searchStage_trainer.py:249 [INFO] Valid: Epoch: [0][50/391]	Step 391	Loss 1.7971	Prec@(1,5) (33.6%, 86.8%)
05/30 08:36:25PM searchStage_trainer.py:249 [INFO] Valid: Epoch: [0][100/391]	Step 391	Loss 1.7937	Prec@(1,5) (33.9%, 86.9%)
05/30 08:36:30PM searchStage_trainer.py:249 [INFO] Valid: Epoch: [0][150/391]	Step 391	Loss 1.7855	Prec@(1,5) (34.3%, 87.2%)
05/30 08:36:34PM searchStage_trainer.py:249 [INFO] Valid: Epoch: [0][200/391]	Step 391	Loss 1.7854	Prec@(1,5) (34.4%, 87.5%)
05/30 08:36:39PM searchStage_trainer.py:249 [INFO] Valid: Epoch: [0][250/391]	Step 391	Loss 1.7844	Prec@(1,5) (34.4%, 87.5%)
05/30 08:36:44PM searchStage_trainer.py:249 [INFO] Valid: Epoch: [0][300/391]	Step 391	Loss 1.7840	Prec@(1,5) (34.5%, 87.5%)
05/30 08:36:48PM searchStage_trainer.py:249 [INFO] Valid: Epoch: [0][350/391]	Step 391	Loss 1.7837	Prec@(1,5) (34.5%, 87.6%)
05/30 08:36:52PM searchStage_trainer.py:249 [INFO] Valid: Epoch: [0][390/391]	Step 391	Loss 1.7797	Prec@(1,5) (34.6%, 87.7%)
05/30 08:36:52PM searchStage_trainer.py:260 [INFO] Valid: [  0/49] Final Prec@1 34.5920%
05/30 08:36:52PM searchStage_main.py:59 [INFO] DAG = Genotype2(DAG1=[[('max_pool_3x3', 0), ('skip_connect', 1)], [('max_pool_3x3', 2), ('max_pool_3x3', 0)], [('avg_pool_3x3', 2), ('avg_pool_3x3', 3)], [('avg_pool_3x3', 2), ('avg_pool_3x3', 4)], [('avg_pool_3x3', 5), ('avg_pool_3x3', 3)], [('avg_pool_3x3', 5), ('avg_pool_3x3', 6)]], DAG1_concat=range(6, 8), DAG2=[[('avg_pool_3x3', 0), ('skip_connect', 1)], [('max_pool_3x3', 2), ('max_pool_3x3', 0)], [('avg_pool_3x3', 3), ('max_pool_3x3', 2)], [('avg_pool_3x3', 2), ('avg_pool_3x3', 4)], [('avg_pool_3x3', 5), ('avg_pool_3x3', 3)], [('max_pool_3x3', 4), ('avg_pool_3x3', 6)]], DAG2_concat=range(6, 8), DAG3=[[('max_pool_3x3', 1), ('avg_pool_3x3', 0)], [('max_pool_3x3', 2), ('skip_connect', 1)], [('skip_connect', 2), ('max_pool_3x3', 3)], [('avg_pool_3x3', 4), ('skip_connect', 3)], [('skip_connect', 5), ('skip_connect', 3)], [('skip_connect', 5), ('skip_connect', 6)]], DAG3_concat=range(6, 8))
05/30 08:36:52PM searchStage_main.py:79 [INFO] Until now, best Prec@1 = 34.5920%
####### ALPHA #######
# Alpha - DAG
tensor([[0.2538, 0.2533, 0.2495, 0.2434],
        [0.2508, 0.2512, 0.2517, 0.2463]], device='cuda:1',
       grad_fn=<SoftmaxBackward0>)
tensor([[0.2551, 0.2507, 0.2516, 0.2426],
        [0.2521, 0.2527, 0.2482, 0.2469],
        [0.2561, 0.2559, 0.2451, 0.2429]], device='cuda:1',
       grad_fn=<SoftmaxBackward0>)
tensor([[0.2485, 0.2535, 0.2524, 0.2455],
        [0.2525, 0.2572, 0.2449, 0.2454],
        [0.2500, 0.2571, 0.2502, 0.2426]], device='cuda:1',
       grad_fn=<SoftmaxBackward0>)
tensor([[0.2532, 0.2557, 0.2489, 0.2422],
        [0.2543, 0.2548, 0.2450, 0.2459],
        [0.2526, 0.2558, 0.2464, 0.2453]], device='cuda:1',
       grad_fn=<SoftmaxBackward0>)
tensor([[0.2532, 0.2540, 0.2481, 0.2447],
        [0.2518, 0.2541, 0.2490, 0.2451],
        [0.2508, 0.2568, 0.2481, 0.2443]], device='cuda:1',
       grad_fn=<SoftmaxBackward0>)
tensor([[0.2516, 0.2538, 0.2480, 0.2467],
        [0.2519, 0.2530, 0.2488, 0.2463],
        [0.2502, 0.2541, 0.2482, 0.2475]], device='cuda:1',
       grad_fn=<SoftmaxBackward0>)
tensor([[0.2502, 0.2512, 0.2501, 0.2484],
        [0.2492, 0.2498, 0.2504, 0.2506]], device='cuda:1',
       grad_fn=<SoftmaxBackward0>)
tensor([[0.2517, 0.2499, 0.2494, 0.2490],
        [0.2506, 0.2497, 0.2490, 0.2507],
        [0.2508, 0.2507, 0.2497, 0.2487]], device='cuda:1',
       grad_fn=<SoftmaxBackward0>)
tensor([[0.2502, 0.2500, 0.2499, 0.2499],
        [0.2509, 0.2503, 0.2488, 0.2501],
        [0.2507, 0.2509, 0.2502, 0.2482]], device='cuda:1',
       grad_fn=<SoftmaxBackward0>)
tensor([[0.2503, 0.2509, 0.2497, 0.2491],
        [0.2498, 0.2509, 0.2493, 0.2500],
        [0.2504, 0.2507, 0.2498, 0.2490]], device='cuda:1',
       grad_fn=<SoftmaxBackward0>)
tensor([[0.2502, 0.2508, 0.2504, 0.2486],
        [0.2502, 0.2503, 0.2496, 0.2499],
        [0.2492, 0.2508, 0.2500, 0.2499]], device='cuda:1',
       grad_fn=<SoftmaxBackward0>)
tensor([[0.2505, 0.2502, 0.2497, 0.2496],
        [0.2500, 0.2501, 0.2498, 0.2502],
        [0.2498, 0.2507, 0.2498, 0.2497]], device='cuda:1',
       grad_fn=<SoftmaxBackward0>)
tensor([[0.2498, 0.2500, 0.2497, 0.2505],
        [0.2506, 0.2505, 0.2497, 0.2492]], device='cuda:1',
       grad_fn=<SoftmaxBackward0>)
tensor([[0.2501, 0.2500, 0.2499, 0.2500],
        [0.2490, 0.2506, 0.2508, 0.2496],
        [0.2501, 0.2501, 0.2493, 0.2505]], device='cuda:1',
       grad_fn=<SoftmaxBackward0>)
tensor([[0.2495, 0.2506, 0.2509, 0.2490],
        [0.2492, 0.2508, 0.2512, 0.2488],
        [0.2504, 0.2492, 0.2488, 0.2516]], device='cuda:1',
       grad_fn=<SoftmaxBackward0>)
tensor([[0.2496, 0.2500, 0.2503, 0.2500],
        [0.2489, 0.2505, 0.2507, 0.2500],
        [0.2493, 0.2508, 0.2500, 0.2499]], device='cuda:1',
       grad_fn=<SoftmaxBackward0>)
tensor([[0.2480, 0.2509, 0.2510, 0.2501],
        [0.2492, 0.2498, 0.2498, 0.2511],
        [0.2477, 0.2518, 0.2522, 0.2484]], device='cuda:1',
       grad_fn=<SoftmaxBackward0>)
tensor([[0.2475, 0.2500, 0.2511, 0.2514],
        [0.2485, 0.2506, 0.2522, 0.2487],
        [0.2487, 0.2499, 0.2520, 0.2494]], device='cuda:1',
       grad_fn=<SoftmaxBackward0>)
#####################
05/30 08:37:21午後 searchStage_trainer.py:211 [INFO] Train: Epoch: [1][50/390]	Step 441	lr 0.02498	Loss 1.6864 (1.6098)	Prec@(1,5) (39.7%, 89.7%)	
05/30 08:37:49午後 searchStage_trainer.py:211 [INFO] Train: Epoch: [1][100/390]	Step 491	lr 0.02498	Loss 1.4122 (1.5963)	Prec@(1,5) (39.2%, 90.2%)	
05/30 08:38:16午後 searchStage_trainer.py:211 [INFO] Train: Epoch: [1][150/390]	Step 541	lr 0.02498	Loss 1.4374 (1.5787)	Prec@(1,5) (40.7%, 90.5%)	
05/30 08:38:44午後 searchStage_trainer.py:211 [INFO] Train: Epoch: [1][200/390]	Step 591	lr 0.02498	Loss 1.5081 (1.5644)	Prec@(1,5) (41.4%, 90.6%)	
05/30 08:39:12午後 searchStage_trainer.py:211 [INFO] Train: Epoch: [1][250/390]	Step 641	lr 0.02498	Loss 1.4189 (1.5492)	Prec@(1,5) (42.1%, 90.9%)	
05/30 08:39:40午後 searchStage_trainer.py:211 [INFO] Train: Epoch: [1][300/390]	Step 691	lr 0.02498	Loss 1.4712 (1.5344)	Prec@(1,5) (42.9%, 91.0%)	
05/30 08:40:09午後 searchStage_trainer.py:211 [INFO] Train: Epoch: [1][350/390]	Step 741	lr 0.02498	Loss 1.4752 (1.5193)	Prec@(1,5) (43.4%, 91.2%)	
05/30 08:40:31午後 searchStage_trainer.py:211 [INFO] Train: Epoch: [1][390/390]	Step 781	lr 0.02498	Loss 1.4489 (1.5078)	Prec@(1,5) (43.9%, 91.5%)	
05/30 08:40:32午後 searchStage_trainer.py:221 [INFO] Train: [  1/49] Final Prec@1 43.9520%
05/30 08:40:36午後 searchStage_trainer.py:249 [INFO] Valid: Epoch: [1][50/391]	Step 782	Loss 1.4242	Prec@(1,5) (48.0%, 92.7%)
05/30 08:40:41午後 searchStage_trainer.py:249 [INFO] Valid: Epoch: [1][100/391]	Step 782	Loss 1.3982	Prec@(1,5) (48.4%, 93.1%)
05/30 08:40:45午後 searchStage_trainer.py:249 [INFO] Valid: Epoch: [1][150/391]	Step 782	Loss 1.3981	Prec@(1,5) (48.3%, 93.2%)
05/30 08:40:50午後 searchStage_trainer.py:249 [INFO] Valid: Epoch: [1][200/391]	Step 782	Loss 1.3980	Prec@(1,5) (48.2%, 93.2%)
05/30 08:40:55午後 searchStage_trainer.py:249 [INFO] Valid: Epoch: [1][250/391]	Step 782	Loss 1.4009	Prec@(1,5) (48.2%, 93.1%)
05/30 08:40:59午後 searchStage_trainer.py:249 [INFO] Valid: Epoch: [1][300/391]	Step 782	Loss 1.3953	Prec@(1,5) (48.4%, 93.2%)
05/30 08:41:04午後 searchStage_trainer.py:249 [INFO] Valid: Epoch: [1][350/391]	Step 782	Loss 1.3969	Prec@(1,5) (48.4%, 93.1%)
05/30 08:41:08午後 searchStage_trainer.py:249 [INFO] Valid: Epoch: [1][390/391]	Step 782	Loss 1.3950	Prec@(1,5) (48.4%, 93.1%)
05/30 08:41:08午後 searchStage_trainer.py:260 [INFO] Valid: [  1/49] Final Prec@1 48.4040%
05/30 08:41:08午後 searchStage_main.py:59 [INFO] DAG = Genotype2(DAG1=[[('avg_pool_3x3', 0), ('avg_pool_3x3', 1)], [('avg_pool_3x3', 2), ('avg_pool_3x3', 1)], [('avg_pool_3x3', 2), ('avg_pool_3x3', 3)], [('avg_pool_3x3', 2), ('avg_pool_3x3', 4)], [('avg_pool_3x3', 5), ('avg_pool_3x3', 4)], [('avg_pool_3x3', 5), ('avg_pool_3x3', 6)]], DAG1_concat=range(6, 8), DAG2=[[('avg_pool_3x3', 0), ('skip_connect', 1)], [('avg_pool_3x3', 2), ('max_pool_3x3', 0)], [('avg_pool_3x3', 3), ('max_pool_3x3', 2)], [('avg_pool_3x3', 4), ('avg_pool_3x3', 3)], [('avg_pool_3x3', 5), ('avg_pool_3x3', 4)], [('avg_pool_3x3', 6), ('max_pool_3x3', 4)]], DAG2_concat=range(6, 8), DAG3=[[('max_pool_3x3', 1), ('max_pool_3x3', 0)], [('avg_pool_3x3', 2), ('avg_pool_3x3', 1)], [('skip_connect', 2), ('max_pool_3x3', 3)], [('avg_pool_3x3', 4), ('skip_connect', 3)], [('skip_connect', 5), ('skip_connect', 3)], [('skip_connect', 6), ('skip_connect', 5)]], DAG3_concat=range(6, 8))
05/30 08:41:08午後 searchStage_main.py:79 [INFO] Until now, best Prec@1 = 48.4040%
####### ALPHA #######
# Alpha - DAG
tensor([[0.2525, 0.2592, 0.2525, 0.2359],
        [0.2522, 0.2556, 0.2507, 0.2416]], device='cuda:1',
       grad_fn=<SoftmaxBackward0>)
tensor([[0.2545, 0.2533, 0.2534, 0.2387],
        [0.2535, 0.2580, 0.2493, 0.2392],
        [0.2574, 0.2641, 0.2426, 0.2359]], device='cuda:1',
       grad_fn=<SoftmaxBackward0>)
tensor([[0.2485, 0.2577, 0.2550, 0.2388],
        [0.2555, 0.2642, 0.2427, 0.2376],
        [0.2534, 0.2629, 0.2455, 0.2382]], device='cuda:1',
       grad_fn=<SoftmaxBackward0>)
tensor([[0.2548, 0.2612, 0.2485, 0.2355],
        [0.2579, 0.2595, 0.2405, 0.2421],
        [0.2546, 0.2618, 0.2445, 0.2391]], device='cuda:1',
       grad_fn=<SoftmaxBackward0>)
tensor([[0.2540, 0.2580, 0.2453, 0.2428],
        [0.2551, 0.2592, 0.2460, 0.2397],
        [0.2538, 0.2622, 0.2470, 0.2370]], device='cuda:1',
       grad_fn=<SoftmaxBackward0>)
tensor([[0.2528, 0.2576, 0.2451, 0.2445],
        [0.2539, 0.2580, 0.2460, 0.2421],
        [0.2525, 0.2580, 0.2468, 0.2427]], device='cuda:1',
       grad_fn=<SoftmaxBackward0>)
tensor([[0.2495, 0.2522, 0.2505, 0.2477],
        [0.2482, 0.2502, 0.2508, 0.2508]], device='cuda:1',
       grad_fn=<SoftmaxBackward0>)
tensor([[0.2518, 0.2498, 0.2496, 0.2488],
        [0.2512, 0.2494, 0.2493, 0.2501],
        [0.2514, 0.2518, 0.2492, 0.2476]], device='cuda:1',
       grad_fn=<SoftmaxBackward0>)
tensor([[0.2501, 0.2504, 0.2501, 0.2495],
        [0.2515, 0.2502, 0.2471, 0.2512],
        [0.2512, 0.2520, 0.2508, 0.2460]], device='cuda:1',
       grad_fn=<SoftmaxBackward0>)
tensor([[0.2503, 0.2512, 0.2495, 0.2490],
        [0.2499, 0.2514, 0.2493, 0.2494],
        [0.2509, 0.2512, 0.2494, 0.2485]], device='cuda:1',
       grad_fn=<SoftmaxBackward0>)
tensor([[0.2502, 0.2512, 0.2507, 0.2479],
        [0.2508, 0.2508, 0.2495, 0.2489],
        [0.2488, 0.2511, 0.2496, 0.2504]], device='cuda:1',
       grad_fn=<SoftmaxBackward0>)
tensor([[0.2511, 0.2506, 0.2491, 0.2492],
        [0.2503, 0.2502, 0.2493, 0.2502],
        [0.2504, 0.2510, 0.2491, 0.2495]], device='cuda:1',
       grad_fn=<SoftmaxBackward0>)
tensor([[0.2501, 0.2498, 0.2496, 0.2506],
        [0.2510, 0.2505, 0.2495, 0.2490]], device='cuda:1',
       grad_fn=<SoftmaxBackward0>)
tensor([[0.2499, 0.2499, 0.2500, 0.2503],
        [0.2483, 0.2515, 0.2512, 0.2490],
        [0.2500, 0.2503, 0.2490, 0.2508]], device='cuda:1',
       grad_fn=<SoftmaxBackward0>)
tensor([[0.2493, 0.2508, 0.2514, 0.2485],
        [0.2487, 0.2509, 0.2523, 0.2480],
        [0.2504, 0.2488, 0.2479, 0.2529]], device='cuda:1',
       grad_fn=<SoftmaxBackward0>)
tensor([[0.2491, 0.2502, 0.2508, 0.2499],
        [0.2481, 0.2509, 0.2513, 0.2497],
        [0.2488, 0.2510, 0.2502, 0.2500]], device='cuda:1',
       grad_fn=<SoftmaxBackward0>)
tensor([[0.2467, 0.2514, 0.2519, 0.2500],
        [0.2487, 0.2495, 0.2495, 0.2523],
        [0.2458, 0.2527, 0.2543, 0.2472]], device='cuda:1',
       grad_fn=<SoftmaxBackward0>)
tensor([[0.2453, 0.2498, 0.2522, 0.2527],
        [0.2471, 0.2513, 0.2537, 0.2479],
        [0.2476, 0.2496, 0.2540, 0.2488]], device='cuda:1',
       grad_fn=<SoftmaxBackward0>)
#####################
05/30 08:41:37午後 searchStage_trainer.py:211 [INFO] Train: Epoch: [2][50/390]	Step 832	lr 0.02491	Loss 1.3353 (1.3799)	Prec@(1,5) (49.5%, 92.7%)	
05/30 08:42:05午後 searchStage_trainer.py:211 [INFO] Train: Epoch: [2][100/390]	Step 882	lr 0.02491	Loss 1.4248 (1.3655)	Prec@(1,5) (50.7%, 93.0%)	
05/30 08:42:32午後 searchStage_trainer.py:211 [INFO] Train: Epoch: [2][150/390]	Step 932	lr 0.02491	Loss 1.1598 (1.3592)	Prec@(1,5) (51.1%, 93.0%)	
05/30 08:42:59午後 searchStage_trainer.py:211 [INFO] Train: Epoch: [2][200/390]	Step 982	lr 0.02491	Loss 1.2985 (1.3495)	Prec@(1,5) (51.5%, 93.1%)	
05/30 08:43:28午後 searchStage_trainer.py:211 [INFO] Train: Epoch: [2][250/390]	Step 1032	lr 0.02491	Loss 1.2613 (1.3334)	Prec@(1,5) (52.1%, 93.4%)	
05/30 08:43:56午後 searchStage_trainer.py:211 [INFO] Train: Epoch: [2][300/390]	Step 1082	lr 0.02491	Loss 1.4157 (1.3260)	Prec@(1,5) (52.3%, 93.5%)	
05/30 08:44:24午後 searchStage_trainer.py:211 [INFO] Train: Epoch: [2][350/390]	Step 1132	lr 0.02491	Loss 1.2204 (1.3155)	Prec@(1,5) (52.7%, 93.7%)	
05/30 08:44:46午後 searchStage_trainer.py:211 [INFO] Train: Epoch: [2][390/390]	Step 1172	lr 0.02491	Loss 1.1113 (1.3082)	Prec@(1,5) (53.0%, 93.8%)	
05/30 08:44:47午後 searchStage_trainer.py:221 [INFO] Train: [  2/49] Final Prec@1 53.0200%
05/30 08:44:52午後 searchStage_trainer.py:249 [INFO] Valid: Epoch: [2][50/391]	Step 1173	Loss 1.2265	Prec@(1,5) (57.5%, 94.7%)
05/30 08:44:56午後 searchStage_trainer.py:249 [INFO] Valid: Epoch: [2][100/391]	Step 1173	Loss 1.2500	Prec@(1,5) (56.3%, 94.1%)
05/30 08:45:01午後 searchStage_trainer.py:249 [INFO] Valid: Epoch: [2][150/391]	Step 1173	Loss 1.2595	Prec@(1,5) (55.5%, 94.1%)
05/30 08:45:05午後 searchStage_trainer.py:249 [INFO] Valid: Epoch: [2][200/391]	Step 1173	Loss 1.2528	Prec@(1,5) (55.8%, 94.3%)
05/30 08:45:10午後 searchStage_trainer.py:249 [INFO] Valid: Epoch: [2][250/391]	Step 1173	Loss 1.2490	Prec@(1,5) (55.7%, 94.4%)
05/30 08:45:15午後 searchStage_trainer.py:249 [INFO] Valid: Epoch: [2][300/391]	Step 1173	Loss 1.2490	Prec@(1,5) (55.7%, 94.3%)
05/30 08:45:19午後 searchStage_trainer.py:249 [INFO] Valid: Epoch: [2][350/391]	Step 1173	Loss 1.2494	Prec@(1,5) (55.7%, 94.3%)
05/30 08:45:23午後 searchStage_trainer.py:249 [INFO] Valid: Epoch: [2][390/391]	Step 1173	Loss 1.2515	Prec@(1,5) (55.6%, 94.2%)
05/30 08:45:23午後 searchStage_trainer.py:260 [INFO] Valid: [  2/49] Final Prec@1 55.5800%
05/30 08:45:23午後 searchStage_main.py:59 [INFO] DAG = Genotype2(DAG1=[[('avg_pool_3x3', 0), ('avg_pool_3x3', 1)], [('avg_pool_3x3', 2), ('avg_pool_3x3', 1)], [('avg_pool_3x3', 2), ('avg_pool_3x3', 3)], [('avg_pool_3x3', 4), ('avg_pool_3x3', 2)], [('avg_pool_3x3', 5), ('avg_pool_3x3', 4)], [('avg_pool_3x3', 5), ('avg_pool_3x3', 6)]], DAG1_concat=range(6, 8), DAG2=[[('avg_pool_3x3', 0), ('skip_connect', 1)], [('avg_pool_3x3', 2), ('max_pool_3x3', 0)], [('avg_pool_3x3', 3), ('max_pool_3x3', 2)], [('avg_pool_3x3', 4), ('avg_pool_3x3', 3)], [('avg_pool_3x3', 5), ('max_pool_3x3', 4)], [('avg_pool_3x3', 6), ('max_pool_3x3', 5)]], DAG2_concat=range(6, 8), DAG3=[[('max_pool_3x3', 1), ('max_pool_3x3', 0)], [('avg_pool_3x3', 2), ('avg_pool_3x3', 1)], [('skip_connect', 2), ('max_pool_3x3', 3)], [('avg_pool_3x3', 4), ('skip_connect', 3)], [('skip_connect', 5), ('skip_connect', 3)], [('skip_connect', 6), ('skip_connect', 5)]], DAG3_concat=range(6, 8))
05/30 08:45:24午後 searchStage_main.py:79 [INFO] Until now, best Prec@1 = 55.5800%
####### ALPHA #######
# Alpha - DAG
tensor([[0.2484, 0.2652, 0.2569, 0.2295],
        [0.2493, 0.2636, 0.2526, 0.2345]], device='cuda:1',
       grad_fn=<SoftmaxBackward0>)
tensor([[0.2547, 0.2583, 0.2538, 0.2333],
        [0.2524, 0.2637, 0.2526, 0.2312],
        [0.2587, 0.2717, 0.2399, 0.2296]], device='cuda:1',
       grad_fn=<SoftmaxBackward0>)
tensor([[0.2496, 0.2617, 0.2566, 0.2321],
        [0.2597, 0.2709, 0.2413, 0.2281],
        [0.2574, 0.2690, 0.2381, 0.2355]], device='cuda:1',
       grad_fn=<SoftmaxBackward0>)
tensor([[0.2553, 0.2653, 0.2489, 0.2305],
        [0.2591, 0.2649, 0.2394, 0.2367],
        [0.2576, 0.2669, 0.2428, 0.2328]], device='cuda:1',
       grad_fn=<SoftmaxBackward0>)
tensor([[0.2561, 0.2629, 0.2432, 0.2378],
        [0.2578, 0.2647, 0.2454, 0.2320],
        [0.2571, 0.2653, 0.2432, 0.2343]], device='cuda:1',
       grad_fn=<SoftmaxBackward0>)
tensor([[0.2549, 0.2610, 0.2432, 0.2409],
        [0.2560, 0.2619, 0.2423, 0.2398],
        [0.2548, 0.2622, 0.2456, 0.2373]], device='cuda:1',
       grad_fn=<SoftmaxBackward0>)
tensor([[0.2497, 0.2522, 0.2504, 0.2477],
        [0.2478, 0.2505, 0.2513, 0.2504]], device='cuda:1',
       grad_fn=<SoftmaxBackward0>)
tensor([[0.2519, 0.2501, 0.2492, 0.2487],
        [0.2516, 0.2493, 0.2494, 0.2497],
        [0.2518, 0.2525, 0.2489, 0.2468]], device='cuda:1',
       grad_fn=<SoftmaxBackward0>)
tensor([[0.2503, 0.2510, 0.2500, 0.2487],
        [0.2517, 0.2504, 0.2465, 0.2514],
        [0.2513, 0.2524, 0.2510, 0.2453]], device='cuda:1',
       grad_fn=<SoftmaxBackward0>)
tensor([[0.2504, 0.2514, 0.2495, 0.2487],
        [0.2501, 0.2517, 0.2489, 0.2493],
        [0.2510, 0.2515, 0.2493, 0.2481]], device='cuda:1',
       grad_fn=<SoftmaxBackward0>)
tensor([[0.2505, 0.2515, 0.2512, 0.2468],
        [0.2514, 0.2512, 0.2492, 0.2483],
        [0.2491, 0.2510, 0.2488, 0.2511]], device='cuda:1',
       grad_fn=<SoftmaxBackward0>)
tensor([[0.2513, 0.2509, 0.2494, 0.2485],
        [0.2508, 0.2504, 0.2487, 0.2501],
        [0.2510, 0.2510, 0.2483, 0.2496]], device='cuda:1',
       grad_fn=<SoftmaxBackward0>)
tensor([[0.2500, 0.2496, 0.2494, 0.2510],
        [0.2511, 0.2507, 0.2497, 0.2486]], device='cuda:1',
       grad_fn=<SoftmaxBackward0>)
tensor([[0.2497, 0.2498, 0.2499, 0.2507],
        [0.2475, 0.2523, 0.2517, 0.2486],
        [0.2499, 0.2504, 0.2489, 0.2508]], device='cuda:1',
       grad_fn=<SoftmaxBackward0>)
tensor([[0.2491, 0.2509, 0.2518, 0.2482],
        [0.2482, 0.2512, 0.2533, 0.2472],
        [0.2502, 0.2486, 0.2472, 0.2540]], device='cuda:1',
       grad_fn=<SoftmaxBackward0>)
tensor([[0.2486, 0.2503, 0.2512, 0.2498],
        [0.2474, 0.2513, 0.2518, 0.2495],
        [0.2483, 0.2513, 0.2503, 0.2501]], device='cuda:1',
       grad_fn=<SoftmaxBackward0>)
tensor([[0.2455, 0.2519, 0.2529, 0.2497],
        [0.2482, 0.2492, 0.2492, 0.2534],
        [0.2443, 0.2534, 0.2560, 0.2463]], device='cuda:1',
       grad_fn=<SoftmaxBackward0>)
tensor([[0.2436, 0.2496, 0.2530, 0.2538],
        [0.2459, 0.2519, 0.2550, 0.2472],
        [0.2466, 0.2495, 0.2556, 0.2484]], device='cuda:1',
       grad_fn=<SoftmaxBackward0>)
#####################
05/30 08:45:52午後 searchStage_trainer.py:211 [INFO] Train: Epoch: [3][50/390]	Step 1223	lr 0.02479	Loss 1.0467 (1.2150)	Prec@(1,5) (56.2%, 94.7%)	
05/30 08:46:20午後 searchStage_trainer.py:211 [INFO] Train: Epoch: [3][100/390]	Step 1273	lr 0.02479	Loss 0.8776 (1.2027)	Prec@(1,5) (56.5%, 94.8%)	
05/30 08:46:48午後 searchStage_trainer.py:211 [INFO] Train: Epoch: [3][150/390]	Step 1323	lr 0.02479	Loss 1.2220 (1.1940)	Prec@(1,5) (57.0%, 95.0%)	
05/30 08:47:15午後 searchStage_trainer.py:211 [INFO] Train: Epoch: [3][200/390]	Step 1373	lr 0.02479	Loss 1.0270 (1.1857)	Prec@(1,5) (57.5%, 95.1%)	
05/30 08:47:43午後 searchStage_trainer.py:211 [INFO] Train: Epoch: [3][250/390]	Step 1423	lr 0.02479	Loss 1.2668 (1.1728)	Prec@(1,5) (58.0%, 95.3%)	
05/30 08:48:11午後 searchStage_trainer.py:211 [INFO] Train: Epoch: [3][300/390]	Step 1473	lr 0.02479	Loss 1.0223 (1.1615)	Prec@(1,5) (58.4%, 95.3%)	
05/30 08:48:40午後 searchStage_trainer.py:211 [INFO] Train: Epoch: [3][350/390]	Step 1523	lr 0.02479	Loss 1.0785 (1.1591)	Prec@(1,5) (58.5%, 95.3%)	
05/30 08:49:02午後 searchStage_trainer.py:211 [INFO] Train: Epoch: [3][390/390]	Step 1563	lr 0.02479	Loss 1.0084 (1.1489)	Prec@(1,5) (58.9%, 95.5%)	
05/30 08:49:03午後 searchStage_trainer.py:221 [INFO] Train: [  3/49] Final Prec@1 58.8800%
05/30 08:49:07午後 searchStage_trainer.py:249 [INFO] Valid: Epoch: [3][50/391]	Step 1564	Loss 1.2453	Prec@(1,5) (55.8%, 95.2%)
05/30 08:49:12午後 searchStage_trainer.py:249 [INFO] Valid: Epoch: [3][100/391]	Step 1564	Loss 1.2528	Prec@(1,5) (56.4%, 94.9%)
05/30 08:49:17午後 searchStage_trainer.py:249 [INFO] Valid: Epoch: [3][150/391]	Step 1564	Loss 1.2549	Prec@(1,5) (56.5%, 95.0%)
05/30 08:49:21午後 searchStage_trainer.py:249 [INFO] Valid: Epoch: [3][200/391]	Step 1564	Loss 1.2549	Prec@(1,5) (56.6%, 95.0%)
05/30 08:49:26午後 searchStage_trainer.py:249 [INFO] Valid: Epoch: [3][250/391]	Step 1564	Loss 1.2467	Prec@(1,5) (56.7%, 94.9%)
05/30 08:49:30午後 searchStage_trainer.py:249 [INFO] Valid: Epoch: [3][300/391]	Step 1564	Loss 1.2400	Prec@(1,5) (56.7%, 95.1%)
05/30 08:49:35午後 searchStage_trainer.py:249 [INFO] Valid: Epoch: [3][350/391]	Step 1564	Loss 1.2418	Prec@(1,5) (56.8%, 95.0%)
05/30 08:49:39午後 searchStage_trainer.py:249 [INFO] Valid: Epoch: [3][390/391]	Step 1564	Loss 1.2354	Prec@(1,5) (56.9%, 95.0%)
05/30 08:49:39午後 searchStage_trainer.py:260 [INFO] Valid: [  3/49] Final Prec@1 56.9280%
05/30 08:49:39午後 searchStage_main.py:59 [INFO] DAG = Genotype2(DAG1=[[('avg_pool_3x3', 0), ('avg_pool_3x3', 1)], [('avg_pool_3x3', 2), ('avg_pool_3x3', 1)], [('avg_pool_3x3', 2), ('avg_pool_3x3', 3)], [('avg_pool_3x3', 4), ('avg_pool_3x3', 2)], [('avg_pool_3x3', 5), ('avg_pool_3x3', 4)], [('avg_pool_3x3', 5), ('avg_pool_3x3', 6)]], DAG1_concat=range(6, 8), DAG2=[[('avg_pool_3x3', 0), ('skip_connect', 1)], [('avg_pool_3x3', 2), ('max_pool_3x3', 1)], [('avg_pool_3x3', 3), ('max_pool_3x3', 2)], [('avg_pool_3x3', 4), ('avg_pool_3x3', 3)], [('avg_pool_3x3', 5), ('max_pool_3x3', 4)], [('max_pool_3x3', 6), ('max_pool_3x3', 5)]], DAG2_concat=range(6, 8), DAG3=[[('max_pool_3x3', 1), ('max_pool_3x3', 0)], [('avg_pool_3x3', 2), ('avg_pool_3x3', 1)], [('skip_connect', 2), ('max_pool_3x3', 3)], [('avg_pool_3x3', 4), ('skip_connect', 3)], [('skip_connect', 5), ('skip_connect', 3)], [('skip_connect', 6), ('skip_connect', 5)]], DAG3_concat=range(6, 8))
05/30 08:49:39午後 searchStage_main.py:79 [INFO] Until now, best Prec@1 = 56.9280%
####### ALPHA #######
# Alpha - DAG
tensor([[0.2500, 0.2711, 0.2590, 0.2200],
        [0.2484, 0.2682, 0.2542, 0.2293]], device='cuda:1',
       grad_fn=<SoftmaxBackward0>)
tensor([[0.2526, 0.2626, 0.2569, 0.2279],
        [0.2515, 0.2709, 0.2532, 0.2244],
        [0.2617, 0.2790, 0.2369, 0.2223]], device='cuda:1',
       grad_fn=<SoftmaxBackward0>)
tensor([[0.2499, 0.2645, 0.2573, 0.2282],
        [0.2623, 0.2760, 0.2409, 0.2208],
        [0.2618, 0.2748, 0.2334, 0.2300]], device='cuda:1',
       grad_fn=<SoftmaxBackward0>)
tensor([[0.2576, 0.2694, 0.2477, 0.2253],
        [0.2631, 0.2685, 0.2356, 0.2328],
        [0.2609, 0.2708, 0.2416, 0.2267]], device='cuda:1',
       grad_fn=<SoftmaxBackward0>)
tensor([[0.2581, 0.2683, 0.2416, 0.2320],
        [0.2598, 0.2689, 0.2434, 0.2279],
        [0.2601, 0.2699, 0.2399, 0.2301]], device='cuda:1',
       grad_fn=<SoftmaxBackward0>)
tensor([[0.2565, 0.2640, 0.2413, 0.2382],
        [0.2584, 0.2653, 0.2413, 0.2350],
        [0.2575, 0.2657, 0.2429, 0.2339]], device='cuda:1',
       grad_fn=<SoftmaxBackward0>)
tensor([[0.2501, 0.2523, 0.2507, 0.2469],
        [0.2483, 0.2503, 0.2508, 0.2506]], device='cuda:1',
       grad_fn=<SoftmaxBackward0>)
tensor([[0.2520, 0.2498, 0.2493, 0.2489],
        [0.2523, 0.2498, 0.2491, 0.2487],
        [0.2519, 0.2528, 0.2488, 0.2465]], device='cuda:1',
       grad_fn=<SoftmaxBackward0>)
tensor([[0.2500, 0.2509, 0.2504, 0.2487],
        [0.2516, 0.2506, 0.2466, 0.2512],
        [0.2510, 0.2527, 0.2513, 0.2451]], device='cuda:1',
       grad_fn=<SoftmaxBackward0>)
tensor([[0.2505, 0.2513, 0.2493, 0.2489],
        [0.2505, 0.2519, 0.2486, 0.2490],
        [0.2512, 0.2518, 0.2493, 0.2477]], device='cuda:1',
       grad_fn=<SoftmaxBackward0>)
tensor([[0.2505, 0.2518, 0.2514, 0.2463],
        [0.2516, 0.2514, 0.2489, 0.2481],
        [0.2493, 0.2511, 0.2485, 0.2511]], device='cuda:1',
       grad_fn=<SoftmaxBackward0>)
tensor([[0.2516, 0.2509, 0.2489, 0.2486],
        [0.2509, 0.2505, 0.2486, 0.2500],
        [0.2514, 0.2513, 0.2481, 0.2492]], device='cuda:1',
       grad_fn=<SoftmaxBackward0>)
tensor([[0.2500, 0.2494, 0.2494, 0.2512],
        [0.2513, 0.2508, 0.2496, 0.2484]], device='cuda:1',
       grad_fn=<SoftmaxBackward0>)
tensor([[0.2495, 0.2496, 0.2499, 0.2509],
        [0.2467, 0.2530, 0.2521, 0.2481],
        [0.2498, 0.2504, 0.2489, 0.2510]], device='cuda:1',
       grad_fn=<SoftmaxBackward0>)
tensor([[0.2491, 0.2512, 0.2520, 0.2477],
        [0.2478, 0.2514, 0.2541, 0.2467],
        [0.2502, 0.2483, 0.2467, 0.2548]], device='cuda:1',
       grad_fn=<SoftmaxBackward0>)
tensor([[0.2483, 0.2504, 0.2515, 0.2497],
        [0.2470, 0.2515, 0.2522, 0.2494],
        [0.2480, 0.2515, 0.2504, 0.2501]], device='cuda:1',
       grad_fn=<SoftmaxBackward0>)
tensor([[0.2446, 0.2522, 0.2536, 0.2496],
        [0.2477, 0.2491, 0.2490, 0.2543],
        [0.2432, 0.2540, 0.2573, 0.2455]], device='cuda:1',
       grad_fn=<SoftmaxBackward0>)
tensor([[0.2421, 0.2494, 0.2537, 0.2548],
        [0.2450, 0.2523, 0.2560, 0.2467],
        [0.2458, 0.2493, 0.2568, 0.2481]], device='cuda:1',
       grad_fn=<SoftmaxBackward0>)
#####################
05/30 08:50:08午後 searchStage_trainer.py:211 [INFO] Train: Epoch: [4][50/390]	Step 1614	lr 0.02462	Loss 1.1447 (1.0445)	Prec@(1,5) (62.5%, 97.0%)	
05/30 08:50:36午後 searchStage_trainer.py:211 [INFO] Train: Epoch: [4][100/390]	Step 1664	lr 0.02462	Loss 0.8974 (1.0612)	Prec@(1,5) (62.2%, 96.6%)	
05/30 08:51:04午後 searchStage_trainer.py:211 [INFO] Train: Epoch: [4][150/390]	Step 1714	lr 0.02462	Loss 1.4323 (1.0558)	Prec@(1,5) (62.6%, 96.4%)	
05/30 08:51:31午後 searchStage_trainer.py:211 [INFO] Train: Epoch: [4][200/390]	Step 1764	lr 0.02462	Loss 0.9272 (1.0523)	Prec@(1,5) (62.6%, 96.5%)	
05/30 08:51:59午後 searchStage_trainer.py:211 [INFO] Train: Epoch: [4][250/390]	Step 1814	lr 0.02462	Loss 1.0689 (1.0496)	Prec@(1,5) (62.7%, 96.5%)	
05/30 08:52:27午後 searchStage_trainer.py:211 [INFO] Train: Epoch: [4][300/390]	Step 1864	lr 0.02462	Loss 1.1317 (1.0428)	Prec@(1,5) (63.0%, 96.6%)	
05/30 08:52:55午後 searchStage_trainer.py:211 [INFO] Train: Epoch: [4][350/390]	Step 1914	lr 0.02462	Loss 0.9554 (1.0359)	Prec@(1,5) (63.3%, 96.6%)	
05/30 08:53:18午後 searchStage_trainer.py:211 [INFO] Train: Epoch: [4][390/390]	Step 1954	lr 0.02462	Loss 1.0105 (1.0301)	Prec@(1,5) (63.6%, 96.6%)	
05/30 08:53:18午後 searchStage_trainer.py:221 [INFO] Train: [  4/49] Final Prec@1 63.5720%
05/30 08:53:23午後 searchStage_trainer.py:249 [INFO] Valid: Epoch: [4][50/391]	Step 1955	Loss 1.0048	Prec@(1,5) (64.8%, 96.4%)
05/30 08:53:27午後 searchStage_trainer.py:249 [INFO] Valid: Epoch: [4][100/391]	Step 1955	Loss 1.0055	Prec@(1,5) (64.3%, 96.5%)
05/30 08:53:32午後 searchStage_trainer.py:249 [INFO] Valid: Epoch: [4][150/391]	Step 1955	Loss 1.0067	Prec@(1,5) (64.4%, 96.4%)
05/30 08:53:37午後 searchStage_trainer.py:249 [INFO] Valid: Epoch: [4][200/391]	Step 1955	Loss 1.0095	Prec@(1,5) (64.2%, 96.4%)
05/30 08:53:41午後 searchStage_trainer.py:249 [INFO] Valid: Epoch: [4][250/391]	Step 1955	Loss 1.0107	Prec@(1,5) (64.2%, 96.3%)
05/30 08:53:46午後 searchStage_trainer.py:249 [INFO] Valid: Epoch: [4][300/391]	Step 1955	Loss 1.0104	Prec@(1,5) (64.2%, 96.3%)
05/30 08:53:50午後 searchStage_trainer.py:249 [INFO] Valid: Epoch: [4][350/391]	Step 1955	Loss 1.0087	Prec@(1,5) (64.2%, 96.4%)
05/30 08:53:54午後 searchStage_trainer.py:249 [INFO] Valid: Epoch: [4][390/391]	Step 1955	Loss 1.0043	Prec@(1,5) (64.4%, 96.4%)
05/30 08:53:54午後 searchStage_trainer.py:260 [INFO] Valid: [  4/49] Final Prec@1 64.3920%
05/30 08:53:54午後 searchStage_main.py:59 [INFO] DAG = Genotype2(DAG1=[[('avg_pool_3x3', 0), ('avg_pool_3x3', 1)], [('avg_pool_3x3', 2), ('avg_pool_3x3', 1)], [('avg_pool_3x3', 3), ('avg_pool_3x3', 2)], [('avg_pool_3x3', 4), ('avg_pool_3x3', 3)], [('avg_pool_3x3', 5), ('avg_pool_3x3', 4)], [('avg_pool_3x3', 6), ('avg_pool_3x3', 5)]], DAG1_concat=range(6, 8), DAG2=[[('avg_pool_3x3', 0), ('skip_connect', 1)], [('avg_pool_3x3', 2), ('max_pool_3x3', 1)], [('avg_pool_3x3', 3), ('max_pool_3x3', 2)], [('avg_pool_3x3', 4), ('avg_pool_3x3', 3)], [('avg_pool_3x3', 5), ('max_pool_3x3', 4)], [('max_pool_3x3', 6), ('max_pool_3x3', 5)]], DAG2_concat=range(6, 8), DAG3=[[('max_pool_3x3', 1), ('max_pool_3x3', 0)], [('avg_pool_3x3', 2), ('avg_pool_3x3', 1)], [('max_pool_3x3', 3), ('skip_connect', 2)], [('avg_pool_3x3', 4), ('skip_connect', 3)], [('skip_connect', 5), ('avg_pool_3x3', 4)], [('skip_connect', 6), ('skip_connect', 5)]], DAG3_concat=range(6, 8))
05/30 08:53:55午後 searchStage_main.py:79 [INFO] Until now, best Prec@1 = 64.3920%
####### ALPHA #######
# Alpha - DAG
tensor([[0.2502, 0.2760, 0.2599, 0.2139],
        [0.2492, 0.2747, 0.2553, 0.2208]], device='cuda:1',
       grad_fn=<SoftmaxBackward0>)
tensor([[0.2530, 0.2672, 0.2581, 0.2216],
        [0.2536, 0.2748, 0.2527, 0.2190],
        [0.2629, 0.2843, 0.2365, 0.2163]], device='cuda:1',
       grad_fn=<SoftmaxBackward0>)
tensor([[0.2509, 0.2667, 0.2588, 0.2237],
        [0.2654, 0.2793, 0.2389, 0.2164],
        [0.2632, 0.2789, 0.2328, 0.2251]], device='cuda:1',
       grad_fn=<SoftmaxBackward0>)
tensor([[0.2592, 0.2729, 0.2469, 0.2210],
        [0.2662, 0.2718, 0.2334, 0.2286],
        [0.2629, 0.2736, 0.2407, 0.2228]], device='cuda:1',
       grad_fn=<SoftmaxBackward0>)
tensor([[0.2589, 0.2714, 0.2407, 0.2290],
        [0.2619, 0.2724, 0.2428, 0.2229],
        [0.2618, 0.2733, 0.2389, 0.2259]], device='cuda:1',
       grad_fn=<SoftmaxBackward0>)
tensor([[0.2586, 0.2669, 0.2395, 0.2350],
        [0.2596, 0.2685, 0.2411, 0.2308],
        [0.2595, 0.2693, 0.2399, 0.2313]], device='cuda:1',
       grad_fn=<SoftmaxBackward0>)
tensor([[0.2501, 0.2526, 0.2513, 0.2460],
        [0.2485, 0.2498, 0.2504, 0.2513]], device='cuda:1',
       grad_fn=<SoftmaxBackward0>)
tensor([[0.2523, 0.2494, 0.2494, 0.2489],
        [0.2526, 0.2500, 0.2492, 0.2482],
        [0.2517, 0.2530, 0.2489, 0.2464]], device='cuda:1',
       grad_fn=<SoftmaxBackward0>)
tensor([[0.2503, 0.2509, 0.2503, 0.2486],
        [0.2515, 0.2507, 0.2469, 0.2509],
        [0.2512, 0.2526, 0.2512, 0.2450]], device='cuda:1',
       grad_fn=<SoftmaxBackward0>)
tensor([[0.2503, 0.2513, 0.2496, 0.2488],
        [0.2506, 0.2518, 0.2485, 0.2492],
        [0.2513, 0.2519, 0.2495, 0.2473]], device='cuda:1',
       grad_fn=<SoftmaxBackward0>)
tensor([[0.2506, 0.2518, 0.2514, 0.2462],
        [0.2516, 0.2516, 0.2489, 0.2479],
        [0.2493, 0.2512, 0.2486, 0.2509]], device='cuda:1',
       grad_fn=<SoftmaxBackward0>)
tensor([[0.2520, 0.2509, 0.2488, 0.2483],
        [0.2510, 0.2506, 0.2482, 0.2502],
        [0.2516, 0.2515, 0.2480, 0.2489]], device='cuda:1',
       grad_fn=<SoftmaxBackward0>)
tensor([[0.2498, 0.2494, 0.2495, 0.2513],
        [0.2514, 0.2509, 0.2495, 0.2482]], device='cuda:1',
       grad_fn=<SoftmaxBackward0>)
tensor([[0.2494, 0.2496, 0.2500, 0.2510],
        [0.2463, 0.2535, 0.2524, 0.2478],
        [0.2497, 0.2504, 0.2488, 0.2511]], device='cuda:1',
       grad_fn=<SoftmaxBackward0>)
tensor([[0.2490, 0.2513, 0.2523, 0.2474],
        [0.2476, 0.2515, 0.2546, 0.2463],
        [0.2501, 0.2482, 0.2464, 0.2553]], device='cuda:1',
       grad_fn=<SoftmaxBackward0>)
tensor([[0.2480, 0.2505, 0.2518, 0.2497],
        [0.2466, 0.2516, 0.2525, 0.2493],
        [0.2478, 0.2516, 0.2504, 0.2502]], device='cuda:1',
       grad_fn=<SoftmaxBackward0>)
tensor([[0.2438, 0.2525, 0.2541, 0.2496],
        [0.2474, 0.2489, 0.2488, 0.2549],
        [0.2423, 0.2544, 0.2583, 0.2450]], device='cuda:1',
       grad_fn=<SoftmaxBackward0>)
tensor([[0.2409, 0.2493, 0.2544, 0.2555],
        [0.2442, 0.2527, 0.2569, 0.2462],
        [0.2452, 0.2492, 0.2578, 0.2479]], device='cuda:1',
       grad_fn=<SoftmaxBackward0>)
#####################
05/30 08:54:24午後 searchStage_trainer.py:211 [INFO] Train: Epoch: [5][50/390]	Step 2005	lr 0.02441	Loss 0.9954 (0.9338)	Prec@(1,5) (67.6%, 96.8%)	
05/30 08:54:52午後 searchStage_trainer.py:211 [INFO] Train: Epoch: [5][100/390]	Step 2055	lr 0.02441	Loss 0.7094 (0.9284)	Prec@(1,5) (67.6%, 97.0%)	
05/30 08:55:19午後 searchStage_trainer.py:211 [INFO] Train: Epoch: [5][150/390]	Step 2105	lr 0.02441	Loss 1.1355 (0.9468)	Prec@(1,5) (66.9%, 96.9%)	
05/30 08:55:47午後 searchStage_trainer.py:211 [INFO] Train: Epoch: [5][200/390]	Step 2155	lr 0.02441	Loss 0.9915 (0.9503)	Prec@(1,5) (66.8%, 96.9%)	
05/30 08:56:15午後 searchStage_trainer.py:211 [INFO] Train: Epoch: [5][250/390]	Step 2205	lr 0.02441	Loss 1.0022 (0.9465)	Prec@(1,5) (66.9%, 96.9%)	
05/30 08:56:43午後 searchStage_trainer.py:211 [INFO] Train: Epoch: [5][300/390]	Step 2255	lr 0.02441	Loss 0.8376 (0.9394)	Prec@(1,5) (67.1%, 97.1%)	
05/30 08:57:11午後 searchStage_trainer.py:211 [INFO] Train: Epoch: [5][350/390]	Step 2305	lr 0.02441	Loss 0.9452 (0.9387)	Prec@(1,5) (67.1%, 97.1%)	
05/30 08:57:33午後 searchStage_trainer.py:211 [INFO] Train: Epoch: [5][390/390]	Step 2345	lr 0.02441	Loss 0.5976 (0.9346)	Prec@(1,5) (67.3%, 97.1%)	
05/30 08:57:34午後 searchStage_trainer.py:221 [INFO] Train: [  5/49] Final Prec@1 67.3080%
05/30 08:57:39午後 searchStage_trainer.py:249 [INFO] Valid: Epoch: [5][50/391]	Step 2346	Loss 0.9560	Prec@(1,5) (67.2%, 96.7%)
05/30 08:57:43午後 searchStage_trainer.py:249 [INFO] Valid: Epoch: [5][100/391]	Step 2346	Loss 0.9318	Prec@(1,5) (67.4%, 96.7%)
05/30 08:57:48午後 searchStage_trainer.py:249 [INFO] Valid: Epoch: [5][150/391]	Step 2346	Loss 0.9217	Prec@(1,5) (67.6%, 96.9%)
05/30 08:57:53午後 searchStage_trainer.py:249 [INFO] Valid: Epoch: [5][200/391]	Step 2346	Loss 0.9286	Prec@(1,5) (67.5%, 96.8%)
