05/30 06:53:38PM parser.py:28 [INFO] 
05/30 06:53:38PM parser.py:29 [INFO] Parameters:
05/30 06:53:38PM parser.py:31 [INFO] DAG_PATH=results/search_Stage/CIFAR10/SCRATCH_SIMPLE_SPEC/EXP-20240530-185338/DAG
05/30 06:53:38PM parser.py:31 [INFO] ALPHA_LR=0.0003
05/30 06:53:38PM parser.py:31 [INFO] ALPHA_WEIGHT_DECAY=0.001
05/30 06:53:38PM parser.py:31 [INFO] BATCH_SIZE=64
05/30 06:53:38PM parser.py:31 [INFO] CHECKPOINT_RESET=False
05/30 06:53:38PM parser.py:31 [INFO] DATA_PATH=../data/
05/30 06:53:38PM parser.py:31 [INFO] DATASET=CIFAR10
05/30 06:53:38PM parser.py:31 [INFO] EPOCHS=50
05/30 06:53:38PM parser.py:31 [INFO] EXP_NAME=EXP-20240530-185338
05/30 06:53:38PM parser.py:31 [INFO] GENOTYPE=Genotype(normal=[[('sep_conv_3x3', 1), ('skip_connect', 0)], [('sep_conv_3x3', 0), ('dil_conv_3x3', 1)], [('sep_conv_5x5', 0), ('sep_conv_3x3', 1)], [('avg_pool_3x3', 0), ('dil_conv_3x3', 1)]], normal_concat=range(2, 6), reduce=[[('sep_conv_5x5', 1), ('max_pool_3x3', 0)], [('sep_conv_5x5', 1), ('sep_conv_5x5', 2)], [('sep_conv_3x3', 0), ('sep_conv_3x3', 3)], [('sep_conv_3x3', 1), ('sep_conv_3x3', 2)]], reduce_concat=range(2, 6))
05/30 06:53:38PM parser.py:31 [INFO] GPUS=[1]
05/30 06:53:38PM parser.py:31 [INFO] INIT_CHANNELS=16
05/30 06:53:38PM parser.py:31 [INFO] LAYERS=20
05/30 06:53:38PM parser.py:31 [INFO] LOCAL_RANK=0
05/30 06:53:38PM parser.py:31 [INFO] LOGGER=<Logger H-DAS (INFO)>
05/30 06:53:38PM parser.py:31 [INFO] NAME=SCRATCH_SIMPLE_SPEC
05/30 06:53:38PM parser.py:31 [INFO] PATH=results/search_Stage/CIFAR10/SCRATCH_SIMPLE_SPEC/EXP-20240530-185338
05/30 06:53:38PM parser.py:31 [INFO] PRINT_FREQ=50
05/30 06:53:38PM parser.py:31 [INFO] RESUME_PATH=None
05/30 06:53:38PM parser.py:31 [INFO] SAVE=EXP
05/30 06:53:38PM parser.py:31 [INFO] SEED=0
05/30 06:53:38PM parser.py:31 [INFO] SHARE_STAGE=False
05/30 06:53:38PM parser.py:31 [INFO] SPEC_CELL=False
05/30 06:53:38PM parser.py:31 [INFO] TRAIN_PORTION=0.5
05/30 06:53:38PM parser.py:31 [INFO] W_GRAD_CLIP=5.0
05/30 06:53:38PM parser.py:31 [INFO] W_LR=0.025
05/30 06:53:38PM parser.py:31 [INFO] W_LR_MIN=0.001
05/30 06:53:38PM parser.py:31 [INFO] W_MOMENTUM=0.9
05/30 06:53:38PM parser.py:31 [INFO] W_WEIGHT_DECAY=0.0003
05/30 06:53:38PM parser.py:31 [INFO] WORKERS=4
05/30 06:53:38PM parser.py:32 [INFO] 
05/30 06:53:40PM searchStage_trainer.py:103 [INFO] --> No loaded checkpoint!
####### ALPHA #######
# Alpha - DAG
tensor([[0.2504, 0.2499, 0.2495, 0.2502],
        [0.2498, 0.2497, 0.2502, 0.2503]], device='cuda:1',
       grad_fn=<SoftmaxBackward0>)
tensor([[0.2499, 0.2500, 0.2499, 0.2501],
        [0.2498, 0.2503, 0.2498, 0.2501],
        [0.2500, 0.2503, 0.2499, 0.2498]], device='cuda:1',
       grad_fn=<SoftmaxBackward0>)
tensor([[0.2499, 0.2501, 0.2500, 0.2500],
        [0.2501, 0.2504, 0.2497, 0.2498],
        [0.2501, 0.2499, 0.2502, 0.2498]], device='cuda:1',
       grad_fn=<SoftmaxBackward0>)
tensor([[0.2501, 0.2502, 0.2495, 0.2501],
        [0.2499, 0.2500, 0.2502, 0.2499],
        [0.2500, 0.2501, 0.2500, 0.2498]], device='cuda:1',
       grad_fn=<SoftmaxBackward0>)
tensor([[0.2498, 0.2500, 0.2501, 0.2500],
        [0.2504, 0.2499, 0.2499, 0.2497],
        [0.2501, 0.2505, 0.2498, 0.2496]], device='cuda:1',
       grad_fn=<SoftmaxBackward0>)
tensor([[0.2497, 0.2499, 0.2504, 0.2501],
        [0.2496, 0.2497, 0.2502, 0.2505],
        [0.2500, 0.2500, 0.2497, 0.2504]], device='cuda:1',
       grad_fn=<SoftmaxBackward0>)
tensor([[0.2503, 0.2502, 0.2500, 0.2495],
        [0.2496, 0.2502, 0.2502, 0.2500]], device='cuda:1',
       grad_fn=<SoftmaxBackward0>)
tensor([[0.2500, 0.2501, 0.2498, 0.2500],
        [0.2500, 0.2502, 0.2498, 0.2500],
        [0.2499, 0.2503, 0.2499, 0.2499]], device='cuda:1',
       grad_fn=<SoftmaxBackward0>)
tensor([[0.2499, 0.2501, 0.2497, 0.2503],
        [0.2501, 0.2500, 0.2500, 0.2499],
        [0.2501, 0.2502, 0.2499, 0.2498]], device='cuda:1',
       grad_fn=<SoftmaxBackward0>)
tensor([[0.2502, 0.2505, 0.2497, 0.2496],
        [0.2496, 0.2505, 0.2496, 0.2503],
        [0.2502, 0.2500, 0.2500, 0.2498]], device='cuda:1',
       grad_fn=<SoftmaxBackward0>)
tensor([[0.2499, 0.2500, 0.2500, 0.2500],
        [0.2498, 0.2501, 0.2502, 0.2499],
        [0.2496, 0.2501, 0.2503, 0.2500]], device='cuda:1',
       grad_fn=<SoftmaxBackward0>)
tensor([[0.2503, 0.2500, 0.2497, 0.2501],
        [0.2501, 0.2500, 0.2500, 0.2499],
        [0.2496, 0.2502, 0.2500, 0.2502]], device='cuda:1',
       grad_fn=<SoftmaxBackward0>)
tensor([[0.2500, 0.2504, 0.2496, 0.2499],
        [0.2503, 0.2503, 0.2498, 0.2497]], device='cuda:1',
       grad_fn=<SoftmaxBackward0>)
tensor([[0.2501, 0.2500, 0.2499, 0.2500],
        [0.2499, 0.2495, 0.2504, 0.2501],
        [0.2503, 0.2498, 0.2499, 0.2500]], device='cuda:1',
       grad_fn=<SoftmaxBackward0>)
tensor([[0.2497, 0.2502, 0.2503, 0.2498],
        [0.2498, 0.2504, 0.2500, 0.2498],
        [0.2502, 0.2497, 0.2501, 0.2500]], device='cuda:1',
       grad_fn=<SoftmaxBackward0>)
tensor([[0.2501, 0.2499, 0.2500, 0.2499],
        [0.2498, 0.2500, 0.2499, 0.2503],
        [0.2499, 0.2504, 0.2499, 0.2499]], device='cuda:1',
       grad_fn=<SoftmaxBackward0>)
tensor([[0.2497, 0.2503, 0.2500, 0.2500],
        [0.2499, 0.2502, 0.2501, 0.2499],
        [0.2499, 0.2505, 0.2497, 0.2499]], device='cuda:1',
       grad_fn=<SoftmaxBackward0>)
tensor([[0.2500, 0.2502, 0.2499, 0.2499],
        [0.2502, 0.2496, 0.2504, 0.2499],
        [0.2501, 0.2502, 0.2499, 0.2499]], device='cuda:1',
       grad_fn=<SoftmaxBackward0>)
#####################
05/30 06:53:57PM searchStage_trainer.py:211 [INFO] Train: Epoch: [0][50/390]	Step 50	lr 0.025	Loss 2.4105 (2.3771)	Prec@(1,5) (14.6%, 60.5%)	
05/30 06:54:14PM searchStage_trainer.py:211 [INFO] Train: Epoch: [0][100/390]	Step 100	lr 0.025	Loss 2.0549 (2.3197)	Prec@(1,5) (17.2%, 66.9%)	
05/30 06:54:30PM searchStage_trainer.py:211 [INFO] Train: Epoch: [0][150/390]	Step 150	lr 0.025	Loss 1.7538 (2.1917)	Prec@(1,5) (20.5%, 72.2%)	
05/30 06:54:47PM searchStage_trainer.py:211 [INFO] Train: Epoch: [0][200/390]	Step 200	lr 0.025	Loss 1.7030 (2.1079)	Prec@(1,5) (23.0%, 75.2%)	
05/30 06:55:03PM searchStage_trainer.py:211 [INFO] Train: Epoch: [0][250/390]	Step 250	lr 0.025	Loss 1.7955 (2.0443)	Prec@(1,5) (24.8%, 77.2%)	
05/30 06:55:19PM searchStage_trainer.py:211 [INFO] Train: Epoch: [0][300/390]	Step 300	lr 0.025	Loss 1.7212 (1.9954)	Prec@(1,5) (26.1%, 78.8%)	
05/30 06:55:36PM searchStage_trainer.py:211 [INFO] Train: Epoch: [0][350/390]	Step 350	lr 0.025	Loss 1.8678 (1.9530)	Prec@(1,5) (27.4%, 80.2%)	
05/30 06:55:49PM searchStage_trainer.py:211 [INFO] Train: Epoch: [0][390/390]	Step 390	lr 0.025	Loss 1.7482 (1.9226)	Prec@(1,5) (28.4%, 81.1%)	
05/30 06:55:50PM searchStage_trainer.py:221 [INFO] Train: [  0/49] Final Prec@1 28.4000%
05/30 06:55:52PM searchStage_trainer.py:249 [INFO] Valid: Epoch: [0][50/391]	Step 391	Loss 1.6616	Prec@(1,5) (36.4%, 88.0%)
05/30 06:55:55PM searchStage_trainer.py:249 [INFO] Valid: Epoch: [0][100/391]	Step 391	Loss 1.6759	Prec@(1,5) (36.4%, 88.1%)
05/30 06:55:57PM searchStage_trainer.py:249 [INFO] Valid: Epoch: [0][150/391]	Step 391	Loss 1.6774	Prec@(1,5) (36.1%, 88.2%)
05/30 06:55:59PM searchStage_trainer.py:249 [INFO] Valid: Epoch: [0][200/391]	Step 391	Loss 1.6734	Prec@(1,5) (36.2%, 88.4%)
05/30 06:56:02PM searchStage_trainer.py:249 [INFO] Valid: Epoch: [0][250/391]	Step 391	Loss 1.6646	Prec@(1,5) (36.5%, 88.6%)
05/30 06:56:04PM searchStage_trainer.py:249 [INFO] Valid: Epoch: [0][300/391]	Step 391	Loss 1.6635	Prec@(1,5) (36.6%, 88.7%)
05/30 06:56:06PM searchStage_trainer.py:249 [INFO] Valid: Epoch: [0][350/391]	Step 391	Loss 1.6625	Prec@(1,5) (36.7%, 88.5%)
05/30 06:56:08PM searchStage_trainer.py:249 [INFO] Valid: Epoch: [0][390/391]	Step 391	Loss 1.6596	Prec@(1,5) (36.8%, 88.6%)
05/30 06:56:08PM searchStage_trainer.py:260 [INFO] Valid: [  0/49] Final Prec@1 36.8200%
05/30 06:56:08PM searchStage_main.py:59 [INFO] DAG = Genotype2(DAG1=[[('avg_pool_3x3', 0), ('avg_pool_3x3', 1)], [('avg_pool_3x3', 2), ('avg_pool_3x3', 0)], [('avg_pool_3x3', 2), ('avg_pool_3x3', 3)], [('avg_pool_3x3', 3), ('max_pool_3x3', 4)], [('avg_pool_3x3', 4), ('avg_pool_3x3', 3)], [('avg_pool_3x3', 4), ('avg_pool_3x3', 6)]], DAG1_concat=range(6, 8), DAG2=[[('avg_pool_3x3', 1), ('max_pool_3x3', 0)], [('max_pool_3x3', 2), ('max_pool_3x3', 0)], [('max_pool_3x3', 3), ('avg_pool_3x3', 2)], [('avg_pool_3x3', 2), ('avg_pool_3x3', 3)], [('skip_connect', 5), ('max_pool_3x3', 4)], [('avg_pool_3x3', 6), ('avg_pool_3x3', 5)]], DAG2_concat=range(6, 8), DAG3=[[('max_pool_3x3', 1), ('max_pool_3x3', 0)], [('skip_connect', 2), ('avg_pool_3x3', 0)], [('max_pool_3x3', 3), ('avg_pool_3x3', 2)], [('avg_pool_3x3', 4), ('skip_connect', 2)], [('max_pool_3x3', 5), ('max_pool_3x3', 4)], [('skip_connect', 5), ('skip_connect', 6)]], DAG3_concat=range(6, 8))
05/30 06:56:09PM searchStage_main.py:79 [INFO] Until now, best Prec@1 = 36.8200%
####### ALPHA #######
# Alpha - DAG
tensor([[0.2506, 0.2532, 0.2510, 0.2453],
        [0.2506, 0.2529, 0.2507, 0.2457]], device='cuda:1',
       grad_fn=<SoftmaxBackward0>)
tensor([[0.2501, 0.2544, 0.2518, 0.2436],
        [0.2507, 0.2533, 0.2523, 0.2437],
        [0.2521, 0.2578, 0.2473, 0.2428]], device='cuda:1',
       grad_fn=<SoftmaxBackward0>)
tensor([[0.2494, 0.2523, 0.2511, 0.2472],
        [0.2532, 0.2548, 0.2474, 0.2445],
        [0.2536, 0.2540, 0.2486, 0.2438]], device='cuda:1',
       grad_fn=<SoftmaxBackward0>)
tensor([[0.2516, 0.2530, 0.2478, 0.2476],
        [0.2523, 0.2537, 0.2498, 0.2441],
        [0.2540, 0.2537, 0.2471, 0.2453]], device='cuda:1',
       grad_fn=<SoftmaxBackward0>)
tensor([[0.2519, 0.2537, 0.2483, 0.2461],
        [0.2529, 0.2552, 0.2499, 0.2419],
        [0.2530, 0.2542, 0.2457, 0.2471]], device='cuda:1',
       grad_fn=<SoftmaxBackward0>)
tensor([[0.2534, 0.2542, 0.2476, 0.2448],
        [0.2511, 0.2519, 0.2483, 0.2488],
        [0.2528, 0.2535, 0.2476, 0.2461]], device='cuda:1',
       grad_fn=<SoftmaxBackward0>)
tensor([[0.2502, 0.2499, 0.2497, 0.2503],
        [0.2502, 0.2507, 0.2502, 0.2489]], device='cuda:1',
       grad_fn=<SoftmaxBackward0>)
tensor([[0.2510, 0.2505, 0.2492, 0.2493],
        [0.2500, 0.2503, 0.2503, 0.2494],
        [0.2507, 0.2507, 0.2492, 0.2494]], device='cuda:1',
       grad_fn=<SoftmaxBackward0>)
tensor([[0.2505, 0.2493, 0.2496, 0.2506],
        [0.2502, 0.2506, 0.2504, 0.2488],
        [0.2509, 0.2503, 0.2496, 0.2492]], device='cuda:1',
       grad_fn=<SoftmaxBackward0>)
tensor([[0.2503, 0.2510, 0.2495, 0.2493],
        [0.2498, 0.2513, 0.2502, 0.2488],
        [0.2504, 0.2504, 0.2492, 0.2501]], device='cuda:1',
       grad_fn=<SoftmaxBackward0>)
tensor([[0.2506, 0.2505, 0.2491, 0.2498],
        [0.2509, 0.2499, 0.2492, 0.2500],
        [0.2504, 0.2501, 0.2507, 0.2488]], device='cuda:1',
       grad_fn=<SoftmaxBackward0>)
tensor([[0.2501, 0.2501, 0.2498, 0.2500],
        [0.2498, 0.2504, 0.2503, 0.2494],
        [0.2499, 0.2506, 0.2497, 0.2498]], device='cuda:1',
       grad_fn=<SoftmaxBackward0>)
tensor([[0.2509, 0.2501, 0.2496, 0.2494],
        [0.2510, 0.2493, 0.2494, 0.2502]], device='cuda:1',
       grad_fn=<SoftmaxBackward0>)
tensor([[0.2502, 0.2504, 0.2501, 0.2493],
        [0.2496, 0.2486, 0.2502, 0.2516],
        [0.2497, 0.2504, 0.2507, 0.2491]], device='cuda:1',
       grad_fn=<SoftmaxBackward0>)
tensor([[0.2496, 0.2499, 0.2506, 0.2498],
        [0.2499, 0.2505, 0.2504, 0.2492],
        [0.2505, 0.2492, 0.2498, 0.2505]], device='cuda:1',
       grad_fn=<SoftmaxBackward0>)
tensor([[0.2496, 0.2502, 0.2504, 0.2498],
        [0.2496, 0.2499, 0.2494, 0.2511],
        [0.2496, 0.2509, 0.2503, 0.2492]], device='cuda:1',
       grad_fn=<SoftmaxBackward0>)
tensor([[0.2503, 0.2491, 0.2499, 0.2508],
        [0.2512, 0.2496, 0.2504, 0.2488],
        [0.2513, 0.2504, 0.2482, 0.2501]], device='cuda:1',
       grad_fn=<SoftmaxBackward0>)
tensor([[0.2513, 0.2484, 0.2476, 0.2527],
        [0.2489, 0.2502, 0.2528, 0.2481],
        [0.2483, 0.2512, 0.2518, 0.2487]], device='cuda:1',
       grad_fn=<SoftmaxBackward0>)
#####################
05/30 06:56:27午後 searchStage_trainer.py:211 [INFO] Train: Epoch: [1][50/390]	Step 441	lr 0.02498	Loss 1.4854 (1.6339)	Prec@(1,5) (38.5%, 89.0%)	
05/30 06:56:44午後 searchStage_trainer.py:211 [INFO] Train: Epoch: [1][100/390]	Step 491	lr 0.02498	Loss 1.6283 (1.6173)	Prec@(1,5) (39.0%, 89.5%)	
05/30 06:57:01午後 searchStage_trainer.py:211 [INFO] Train: Epoch: [1][150/390]	Step 541	lr 0.02498	Loss 1.3704 (1.6094)	Prec@(1,5) (39.2%, 90.0%)	
05/30 06:57:18午後 searchStage_trainer.py:211 [INFO] Train: Epoch: [1][200/390]	Step 591	lr 0.02498	Loss 1.7552 (1.6022)	Prec@(1,5) (39.6%, 90.2%)	
05/30 06:57:35午後 searchStage_trainer.py:211 [INFO] Train: Epoch: [1][250/390]	Step 641	lr 0.02498	Loss 1.4720 (1.5910)	Prec@(1,5) (40.3%, 90.3%)	
05/30 06:57:52午後 searchStage_trainer.py:211 [INFO] Train: Epoch: [1][300/390]	Step 691	lr 0.02498	Loss 1.5588 (1.5814)	Prec@(1,5) (40.8%, 90.4%)	
05/30 06:58:09午後 searchStage_trainer.py:211 [INFO] Train: Epoch: [1][350/390]	Step 741	lr 0.02498	Loss 1.3204 (1.5719)	Prec@(1,5) (41.3%, 90.4%)	
05/30 06:58:23午後 searchStage_trainer.py:211 [INFO] Train: Epoch: [1][390/390]	Step 781	lr 0.02498	Loss 1.4109 (1.5599)	Prec@(1,5) (41.9%, 90.4%)	
05/30 06:58:23午後 searchStage_trainer.py:221 [INFO] Train: [  1/49] Final Prec@1 41.8720%
05/30 06:58:26午後 searchStage_trainer.py:249 [INFO] Valid: Epoch: [1][50/391]	Step 782	Loss 1.4702	Prec@(1,5) (45.5%, 92.0%)
05/30 06:58:28午後 searchStage_trainer.py:249 [INFO] Valid: Epoch: [1][100/391]	Step 782	Loss 1.4718	Prec@(1,5) (45.9%, 91.8%)
05/30 06:58:30午後 searchStage_trainer.py:249 [INFO] Valid: Epoch: [1][150/391]	Step 782	Loss 1.4634	Prec@(1,5) (45.9%, 91.8%)
05/30 06:58:33午後 searchStage_trainer.py:249 [INFO] Valid: Epoch: [1][200/391]	Step 782	Loss 1.4699	Prec@(1,5) (45.6%, 91.8%)
05/30 06:58:35午後 searchStage_trainer.py:249 [INFO] Valid: Epoch: [1][250/391]	Step 782	Loss 1.4683	Prec@(1,5) (45.9%, 91.9%)
05/30 06:58:37午後 searchStage_trainer.py:249 [INFO] Valid: Epoch: [1][300/391]	Step 782	Loss 1.4705	Prec@(1,5) (45.7%, 92.0%)
05/30 06:58:40午後 searchStage_trainer.py:249 [INFO] Valid: Epoch: [1][350/391]	Step 782	Loss 1.4627	Prec@(1,5) (46.0%, 92.1%)
05/30 06:58:42午後 searchStage_trainer.py:249 [INFO] Valid: Epoch: [1][390/391]	Step 782	Loss 1.4605	Prec@(1,5) (46.1%, 92.1%)
05/30 06:58:42午後 searchStage_trainer.py:260 [INFO] Valid: [  1/49] Final Prec@1 46.0920%
05/30 06:58:42午後 searchStage_main.py:59 [INFO] DAG = Genotype2(DAG1=[[('avg_pool_3x3', 0), ('avg_pool_3x3', 1)], [('avg_pool_3x3', 2), ('avg_pool_3x3', 0)], [('avg_pool_3x3', 2), ('avg_pool_3x3', 3)], [('avg_pool_3x3', 3), ('max_pool_3x3', 4)], [('avg_pool_3x3', 4), ('avg_pool_3x3', 3)], [('avg_pool_3x3', 6), ('avg_pool_3x3', 4)]], DAG1_concat=range(6, 8), DAG2=[[('avg_pool_3x3', 1), ('avg_pool_3x3', 0)], [('avg_pool_3x3', 2), ('max_pool_3x3', 0)], [('max_pool_3x3', 3), ('avg_pool_3x3', 2)], [('max_pool_3x3', 4), ('avg_pool_3x3', 3)], [('max_pool_3x3', 5), ('max_pool_3x3', 4)], [('avg_pool_3x3', 6), ('avg_pool_3x3', 5)]], DAG2_concat=range(6, 8), DAG3=[[('max_pool_3x3', 1), ('max_pool_3x3', 0)], [('skip_connect', 2), ('avg_pool_3x3', 0)], [('max_pool_3x3', 3), ('skip_connect', 2)], [('avg_pool_3x3', 4), ('skip_connect', 2)], [('max_pool_3x3', 5), ('max_pool_3x3', 4)], [('skip_connect', 5), ('skip_connect', 6)]], DAG3_concat=range(6, 8))
05/30 06:58:42午後 searchStage_main.py:79 [INFO] Until now, best Prec@1 = 46.0920%
####### ALPHA #######
# Alpha - DAG
tensor([[0.2519, 0.2555, 0.2511, 0.2414],
        [0.2529, 0.2553, 0.2512, 0.2406]], device='cuda:1',
       grad_fn=<SoftmaxBackward0>)
tensor([[0.2540, 0.2576, 0.2518, 0.2366],
        [0.2508, 0.2559, 0.2533, 0.2401],
        [0.2568, 0.2647, 0.2453, 0.2332]], device='cuda:1',
       grad_fn=<SoftmaxBackward0>)
tensor([[0.2508, 0.2536, 0.2526, 0.2430],
        [0.2563, 0.2595, 0.2449, 0.2393],
        [0.2567, 0.2587, 0.2474, 0.2372]], device='cuda:1',
       grad_fn=<SoftmaxBackward0>)
tensor([[0.2536, 0.2562, 0.2457, 0.2444],
        [0.2536, 0.2572, 0.2495, 0.2397],
        [0.2568, 0.2568, 0.2459, 0.2406]], device='cuda:1',
       grad_fn=<SoftmaxBackward0>)
tensor([[0.2545, 0.2585, 0.2472, 0.2398],
        [0.2564, 0.2587, 0.2479, 0.2370],
        [0.2555, 0.2574, 0.2426, 0.2445]], device='cuda:1',
       grad_fn=<SoftmaxBackward0>)
tensor([[0.2533, 0.2568, 0.2464, 0.2435],
        [0.2528, 0.2549, 0.2472, 0.2451],
        [0.2551, 0.2574, 0.2471, 0.2405]], device='cuda:1',
       grad_fn=<SoftmaxBackward0>)
tensor([[0.2499, 0.2500, 0.2496, 0.2504],
        [0.2503, 0.2511, 0.2504, 0.2483]], device='cuda:1',
       grad_fn=<SoftmaxBackward0>)
tensor([[0.2515, 0.2503, 0.2489, 0.2493],
        [0.2501, 0.2502, 0.2510, 0.2487],
        [0.2509, 0.2513, 0.2493, 0.2485]], device='cuda:1',
       grad_fn=<SoftmaxBackward0>)
tensor([[0.2508, 0.2488, 0.2499, 0.2505],
        [0.2506, 0.2506, 0.2505, 0.2482],
        [0.2514, 0.2503, 0.2496, 0.2487]], device='cuda:1',
       grad_fn=<SoftmaxBackward0>)
tensor([[0.2510, 0.2509, 0.2488, 0.2492],
        [0.2498, 0.2517, 0.2502, 0.2482],
        [0.2508, 0.2508, 0.2490, 0.2494]], device='cuda:1',
       grad_fn=<SoftmaxBackward0>)
tensor([[0.2509, 0.2507, 0.2488, 0.2496],
        [0.2508, 0.2501, 0.2494, 0.2497],
        [0.2507, 0.2504, 0.2505, 0.2483]], device='cuda:1',
       grad_fn=<SoftmaxBackward0>)
tensor([[0.2504, 0.2502, 0.2498, 0.2497],
        [0.2503, 0.2507, 0.2502, 0.2488],
        [0.2502, 0.2509, 0.2491, 0.2499]], device='cuda:1',
       grad_fn=<SoftmaxBackward0>)
tensor([[0.2512, 0.2497, 0.2499, 0.2492],
        [0.2516, 0.2488, 0.2493, 0.2503]], device='cuda:1',
       grad_fn=<SoftmaxBackward0>)
tensor([[0.2504, 0.2505, 0.2503, 0.2487],
        [0.2492, 0.2479, 0.2501, 0.2528],
        [0.2493, 0.2507, 0.2514, 0.2486]], device='cuda:1',
       grad_fn=<SoftmaxBackward0>)
tensor([[0.2495, 0.2499, 0.2509, 0.2497],
        [0.2499, 0.2506, 0.2508, 0.2487],
        [0.2507, 0.2489, 0.2494, 0.2510]], device='cuda:1',
       grad_fn=<SoftmaxBackward0>)
tensor([[0.2491, 0.2505, 0.2507, 0.2497],
        [0.2494, 0.2499, 0.2493, 0.2514],
        [0.2495, 0.2511, 0.2507, 0.2487]], device='cuda:1',
       grad_fn=<SoftmaxBackward0>)
tensor([[0.2507, 0.2480, 0.2499, 0.2515],
        [0.2522, 0.2492, 0.2508, 0.2478],
        [0.2525, 0.2503, 0.2470, 0.2502]], device='cuda:1',
       grad_fn=<SoftmaxBackward0>)
tensor([[0.2525, 0.2469, 0.2456, 0.2550],
        [0.2476, 0.2507, 0.2552, 0.2465],
        [0.2469, 0.2518, 0.2532, 0.2480]], device='cuda:1',
       grad_fn=<SoftmaxBackward0>)
#####################
05/30 06:59:00午後 searchStage_trainer.py:211 [INFO] Train: Epoch: [2][50/390]	Step 832	lr 0.02491	Loss 1.4195 (1.4251)	Prec@(1,5) (47.9%, 91.8%)	
05/30 06:59:17午後 searchStage_trainer.py:211 [INFO] Train: Epoch: [2][100/390]	Step 882	lr 0.02491	Loss 1.3524 (1.4049)	Prec@(1,5) (48.8%, 92.2%)	
05/30 06:59:34午後 searchStage_trainer.py:211 [INFO] Train: Epoch: [2][150/390]	Step 932	lr 0.02491	Loss 1.4829 (1.4013)	Prec@(1,5) (49.5%, 92.6%)	
05/30 06:59:51午後 searchStage_trainer.py:211 [INFO] Train: Epoch: [2][200/390]	Step 982	lr 0.02491	Loss 1.4158 (1.3956)	Prec@(1,5) (49.8%, 92.6%)	
05/30 07:00:08午後 searchStage_trainer.py:211 [INFO] Train: Epoch: [2][250/390]	Step 1032	lr 0.02491	Loss 1.1437 (1.3869)	Prec@(1,5) (50.1%, 92.7%)	
05/30 07:00:25午後 searchStage_trainer.py:211 [INFO] Train: Epoch: [2][300/390]	Step 1082	lr 0.02491	Loss 1.2376 (1.3847)	Prec@(1,5) (50.3%, 92.7%)	
05/30 07:00:42午後 searchStage_trainer.py:211 [INFO] Train: Epoch: [2][350/390]	Step 1132	lr 0.02491	Loss 1.4405 (1.3718)	Prec@(1,5) (50.7%, 92.9%)	
05/30 07:00:56午後 searchStage_trainer.py:211 [INFO] Train: Epoch: [2][390/390]	Step 1172	lr 0.02491	Loss 1.5173 (1.3640)	Prec@(1,5) (50.9%, 93.0%)	
05/30 07:00:56午後 searchStage_trainer.py:221 [INFO] Train: [  2/49] Final Prec@1 50.9600%
05/30 07:00:59午後 searchStage_trainer.py:249 [INFO] Valid: Epoch: [2][50/391]	Step 1173	Loss 1.4211	Prec@(1,5) (49.0%, 92.8%)
05/30 07:01:01午後 searchStage_trainer.py:249 [INFO] Valid: Epoch: [2][100/391]	Step 1173	Loss 1.4102	Prec@(1,5) (49.4%, 93.0%)
05/30 07:01:03午後 searchStage_trainer.py:249 [INFO] Valid: Epoch: [2][150/391]	Step 1173	Loss 1.4030	Prec@(1,5) (49.6%, 93.1%)
05/30 07:01:06午後 searchStage_trainer.py:249 [INFO] Valid: Epoch: [2][200/391]	Step 1173	Loss 1.4065	Prec@(1,5) (49.6%, 93.0%)
05/30 07:01:08午後 searchStage_trainer.py:249 [INFO] Valid: Epoch: [2][250/391]	Step 1173	Loss 1.4010	Prec@(1,5) (49.7%, 93.1%)
05/30 07:01:10午後 searchStage_trainer.py:249 [INFO] Valid: Epoch: [2][300/391]	Step 1173	Loss 1.4022	Prec@(1,5) (49.8%, 93.1%)
05/30 07:01:13午後 searchStage_trainer.py:249 [INFO] Valid: Epoch: [2][350/391]	Step 1173	Loss 1.4001	Prec@(1,5) (50.0%, 93.2%)
05/30 07:01:14午後 searchStage_trainer.py:249 [INFO] Valid: Epoch: [2][390/391]	Step 1173	Loss 1.4036	Prec@(1,5) (49.8%, 93.2%)
05/30 07:01:15午後 searchStage_trainer.py:260 [INFO] Valid: [  2/49] Final Prec@1 49.8040%
05/30 07:01:15午後 searchStage_main.py:59 [INFO] DAG = Genotype2(DAG1=[[('avg_pool_3x3', 1), ('avg_pool_3x3', 0)], [('avg_pool_3x3', 2), ('avg_pool_3x3', 0)], [('avg_pool_3x3', 3), ('avg_pool_3x3', 2)], [('avg_pool_3x3', 4), ('avg_pool_3x3', 3)], [('avg_pool_3x3', 4), ('avg_pool_3x3', 5)], [('avg_pool_3x3', 6), ('avg_pool_3x3', 4)]], DAG1_concat=range(6, 8), DAG2=[[('avg_pool_3x3', 1), ('skip_connect', 0)], [('avg_pool_3x3', 2), ('skip_connect', 1)], [('max_pool_3x3', 3), ('avg_pool_3x3', 2)], [('avg_pool_3x3', 4), ('avg_pool_3x3', 3)], [('avg_pool_3x3', 5), ('max_pool_3x3', 4)], [('avg_pool_3x3', 6), ('avg_pool_3x3', 5)]], DAG2_concat=range(6, 8), DAG3=[[('max_pool_3x3', 1), ('max_pool_3x3', 0)], [('skip_connect', 2), ('avg_pool_3x3', 0)], [('max_pool_3x3', 3), ('skip_connect', 2)], [('avg_pool_3x3', 4), ('avg_pool_3x3', 3)], [('max_pool_3x3', 5), ('max_pool_3x3', 4)], [('skip_connect', 5), ('skip_connect', 6)]], DAG3_concat=range(6, 8))
05/30 07:01:15午後 searchStage_main.py:79 [INFO] Until now, best Prec@1 = 49.8040%
####### ALPHA #######
# Alpha - DAG
tensor([[0.2531, 0.2574, 0.2523, 0.2372],
        [0.2542, 0.2590, 0.2519, 0.2349]], device='cuda:1',
       grad_fn=<SoftmaxBackward0>)
tensor([[0.2558, 0.2615, 0.2549, 0.2278],
        [0.2525, 0.2584, 0.2534, 0.2357],
        [0.2596, 0.2700, 0.2434, 0.2270]], device='cuda:1',
       grad_fn=<SoftmaxBackward0>)
tensor([[0.2516, 0.2566, 0.2547, 0.2371],
        [0.2581, 0.2627, 0.2431, 0.2361],
        [0.2584, 0.2626, 0.2472, 0.2318]], device='cuda:1',
       grad_fn=<SoftmaxBackward0>)
tensor([[0.2562, 0.2585, 0.2450, 0.2403],
        [0.2556, 0.2597, 0.2476, 0.2371],
        [0.2593, 0.2595, 0.2453, 0.2360]], device='cuda:1',
       grad_fn=<SoftmaxBackward0>)
tensor([[0.2575, 0.2631, 0.2452, 0.2342],
        [0.2586, 0.2625, 0.2477, 0.2312],
        [0.2579, 0.2602, 0.2397, 0.2423]], device='cuda:1',
       grad_fn=<SoftmaxBackward0>)
tensor([[0.2547, 0.2596, 0.2451, 0.2406],
        [0.2553, 0.2573, 0.2461, 0.2413],
        [0.2558, 0.2609, 0.2466, 0.2366]], device='cuda:1',
       grad_fn=<SoftmaxBackward0>)
tensor([[0.2499, 0.2498, 0.2501, 0.2503],
        [0.2503, 0.2511, 0.2506, 0.2479]], device='cuda:1',
       grad_fn=<SoftmaxBackward0>)
tensor([[0.2510, 0.2495, 0.2494, 0.2501],
        [0.2496, 0.2505, 0.2516, 0.2483],
        [0.2513, 0.2522, 0.2493, 0.2472]], device='cuda:1',
       grad_fn=<SoftmaxBackward0>)
tensor([[0.2515, 0.2482, 0.2498, 0.2505],
        [0.2507, 0.2508, 0.2502, 0.2484],
        [0.2517, 0.2507, 0.2499, 0.2478]], device='cuda:1',
       grad_fn=<SoftmaxBackward0>)
tensor([[0.2512, 0.2511, 0.2491, 0.2486],
        [0.2498, 0.2519, 0.2499, 0.2484],
        [0.2511, 0.2511, 0.2489, 0.2489]], device='cuda:1',
       grad_fn=<SoftmaxBackward0>)
tensor([[0.2507, 0.2511, 0.2484, 0.2498],
        [0.2507, 0.2504, 0.2495, 0.2494],
        [0.2507, 0.2510, 0.2508, 0.2476]], device='cuda:1',
       grad_fn=<SoftmaxBackward0>)
tensor([[0.2500, 0.2506, 0.2500, 0.2495],
        [0.2502, 0.2512, 0.2506, 0.2481],
        [0.2503, 0.2512, 0.2486, 0.2500]], device='cuda:1',
       grad_fn=<SoftmaxBackward0>)
tensor([[0.2516, 0.2496, 0.2499, 0.2490],
        [0.2522, 0.2482, 0.2492, 0.2505]], device='cuda:1',
       grad_fn=<SoftmaxBackward0>)
tensor([[0.2506, 0.2506, 0.2504, 0.2484],
        [0.2490, 0.2475, 0.2500, 0.2535],
        [0.2490, 0.2508, 0.2518, 0.2483]], device='cuda:1',
       grad_fn=<SoftmaxBackward0>)
tensor([[0.2494, 0.2499, 0.2513, 0.2494],
        [0.2500, 0.2506, 0.2510, 0.2484],
        [0.2510, 0.2486, 0.2491, 0.2513]], device='cuda:1',
       grad_fn=<SoftmaxBackward0>)
tensor([[0.2486, 0.2508, 0.2511, 0.2495],
        [0.2492, 0.2499, 0.2490, 0.2519],
        [0.2494, 0.2514, 0.2510, 0.2482]], device='cuda:1',
       grad_fn=<SoftmaxBackward0>)
tensor([[0.2509, 0.2471, 0.2498, 0.2522],
        [0.2531, 0.2488, 0.2512, 0.2469],
        [0.2533, 0.2503, 0.2462, 0.2502]], device='cuda:1',
       grad_fn=<SoftmaxBackward0>)
tensor([[0.2536, 0.2456, 0.2439, 0.2569],
        [0.2466, 0.2511, 0.2571, 0.2451],
        [0.2458, 0.2525, 0.2545, 0.2473]], device='cuda:1',
       grad_fn=<SoftmaxBackward0>)
#####################
05/30 07:01:33午後 searchStage_trainer.py:211 [INFO] Train: Epoch: [3][50/390]	Step 1223	lr 0.02479	Loss 1.1365 (1.2704)	Prec@(1,5) (55.5%, 93.9%)	
05/30 07:01:50午後 searchStage_trainer.py:211 [INFO] Train: Epoch: [3][100/390]	Step 1273	lr 0.02479	Loss 1.2312 (1.2762)	Prec@(1,5) (54.8%, 93.6%)	
05/30 07:02:07午後 searchStage_trainer.py:211 [INFO] Train: Epoch: [3][150/390]	Step 1323	lr 0.02479	Loss 1.0917 (1.2764)	Prec@(1,5) (54.6%, 93.7%)	
05/30 07:02:24午後 searchStage_trainer.py:211 [INFO] Train: Epoch: [3][200/390]	Step 1373	lr 0.02479	Loss 1.2363 (1.2675)	Prec@(1,5) (54.8%, 94.0%)	
05/30 07:02:41午後 searchStage_trainer.py:211 [INFO] Train: Epoch: [3][250/390]	Step 1423	lr 0.02479	Loss 1.1727 (1.2566)	Prec@(1,5) (55.1%, 94.2%)	
05/30 07:02:59午後 searchStage_trainer.py:211 [INFO] Train: Epoch: [3][300/390]	Step 1473	lr 0.02479	Loss 1.1019 (1.2490)	Prec@(1,5) (55.1%, 94.3%)	
05/30 07:03:16午後 searchStage_trainer.py:211 [INFO] Train: Epoch: [3][350/390]	Step 1523	lr 0.02479	Loss 1.2681 (1.2431)	Prec@(1,5) (55.3%, 94.3%)	
05/30 07:03:30午後 searchStage_trainer.py:211 [INFO] Train: Epoch: [3][390/390]	Step 1563	lr 0.02479	Loss 1.1123 (1.2369)	Prec@(1,5) (55.6%, 94.4%)	
05/30 07:03:30午後 searchStage_trainer.py:221 [INFO] Train: [  3/49] Final Prec@1 55.5480%
05/30 07:03:33午後 searchStage_trainer.py:249 [INFO] Valid: Epoch: [3][50/391]	Step 1564	Loss 1.2145	Prec@(1,5) (56.1%, 94.8%)
05/30 07:03:35午後 searchStage_trainer.py:249 [INFO] Valid: Epoch: [3][100/391]	Step 1564	Loss 1.2176	Prec@(1,5) (55.9%, 94.7%)
05/30 07:03:37午後 searchStage_trainer.py:249 [INFO] Valid: Epoch: [3][150/391]	Step 1564	Loss 1.2278	Prec@(1,5) (55.3%, 94.6%)
05/30 07:03:40午後 searchStage_trainer.py:249 [INFO] Valid: Epoch: [3][200/391]	Step 1564	Loss 1.2267	Prec@(1,5) (55.7%, 94.4%)
05/30 07:03:42午後 searchStage_trainer.py:249 [INFO] Valid: Epoch: [3][250/391]	Step 1564	Loss 1.2232	Prec@(1,5) (55.7%, 94.5%)
05/30 07:03:44午後 searchStage_trainer.py:249 [INFO] Valid: Epoch: [3][300/391]	Step 1564	Loss 1.2248	Prec@(1,5) (55.6%, 94.6%)
05/30 07:03:47午後 searchStage_trainer.py:249 [INFO] Valid: Epoch: [3][350/391]	Step 1564	Loss 1.2224	Prec@(1,5) (55.7%, 94.6%)
05/30 07:03:48午後 searchStage_trainer.py:249 [INFO] Valid: Epoch: [3][390/391]	Step 1564	Loss 1.2206	Prec@(1,5) (55.8%, 94.5%)
05/30 07:03:48午後 searchStage_trainer.py:260 [INFO] Valid: [  3/49] Final Prec@1 55.8120%
05/30 07:03:48午後 searchStage_main.py:59 [INFO] DAG = Genotype2(DAG1=[[('avg_pool_3x3', 1), ('avg_pool_3x3', 0)], [('avg_pool_3x3', 2), ('avg_pool_3x3', 0)], [('avg_pool_3x3', 3), ('avg_pool_3x3', 2)], [('avg_pool_3x3', 4), ('avg_pool_3x3', 3)], [('avg_pool_3x3', 4), ('avg_pool_3x3', 5)], [('avg_pool_3x3', 6), ('avg_pool_3x3', 5)]], DAG1_concat=range(6, 8), DAG2=[[('avg_pool_3x3', 1), ('skip_connect', 0)], [('avg_pool_3x3', 2), ('skip_connect', 1)], [('max_pool_3x3', 3), ('avg_pool_3x3', 2)], [('max_pool_3x3', 4), ('avg_pool_3x3', 3)], [('avg_pool_3x3', 5), ('max_pool_3x3', 4)], [('avg_pool_3x3', 6), ('avg_pool_3x3', 5)]], DAG2_concat=range(6, 8), DAG3=[[('max_pool_3x3', 1), ('max_pool_3x3', 0)], [('skip_connect', 2), ('avg_pool_3x3', 0)], [('max_pool_3x3', 3), ('skip_connect', 2)], [('avg_pool_3x3', 4), ('avg_pool_3x3', 3)], [('max_pool_3x3', 5), ('max_pool_3x3', 4)], [('skip_connect', 5), ('skip_connect', 6)]], DAG3_concat=range(6, 8))
05/30 07:03:49午後 searchStage_main.py:79 [INFO] Until now, best Prec@1 = 55.8120%
####### ALPHA #######
# Alpha - DAG
tensor([[0.2539, 0.2586, 0.2528, 0.2346],
        [0.2553, 0.2623, 0.2542, 0.2282]], device='cuda:1',
       grad_fn=<SoftmaxBackward0>)
tensor([[0.2588, 0.2642, 0.2554, 0.2216],
        [0.2521, 0.2625, 0.2555, 0.2299],
        [0.2609, 0.2735, 0.2434, 0.2222]], device='cuda:1',
       grad_fn=<SoftmaxBackward0>)
tensor([[0.2528, 0.2585, 0.2554, 0.2333],
        [0.2602, 0.2649, 0.2423, 0.2326],
        [0.2607, 0.2653, 0.2466, 0.2274]], device='cuda:1',
       grad_fn=<SoftmaxBackward0>)
tensor([[0.2568, 0.2602, 0.2445, 0.2385],
        [0.2569, 0.2626, 0.2477, 0.2328],
        [0.2610, 0.2615, 0.2445, 0.2329]], device='cuda:1',
       grad_fn=<SoftmaxBackward0>)
tensor([[0.2604, 0.2654, 0.2438, 0.2305],
        [0.2617, 0.2647, 0.2464, 0.2272],
        [0.2594, 0.2627, 0.2387, 0.2392]], device='cuda:1',
       grad_fn=<SoftmaxBackward0>)
tensor([[0.2559, 0.2619, 0.2440, 0.2382],
        [0.2563, 0.2594, 0.2460, 0.2383],
        [0.2579, 0.2638, 0.2455, 0.2327]], device='cuda:1',
       grad_fn=<SoftmaxBackward0>)
tensor([[0.2499, 0.2499, 0.2501, 0.2501],
        [0.2505, 0.2511, 0.2506, 0.2478]], device='cuda:1',
       grad_fn=<SoftmaxBackward0>)
tensor([[0.2515, 0.2491, 0.2492, 0.2502],
        [0.2497, 0.2502, 0.2516, 0.2485],
        [0.2515, 0.2526, 0.2495, 0.2463]], device='cuda:1',
       grad_fn=<SoftmaxBackward0>)
tensor([[0.2516, 0.2481, 0.2499, 0.2504],
        [0.2506, 0.2508, 0.2503, 0.2483],
        [0.2517, 0.2508, 0.2500, 0.2474]], device='cuda:1',
       grad_fn=<SoftmaxBackward0>)
tensor([[0.2512, 0.2513, 0.2492, 0.2483],
        [0.2498, 0.2522, 0.2498, 0.2482],
        [0.2512, 0.2512, 0.2487, 0.2488]], device='cuda:1',
       grad_fn=<SoftmaxBackward0>)
tensor([[0.2508, 0.2512, 0.2483, 0.2497],
        [0.2509, 0.2505, 0.2490, 0.2495],
        [0.2510, 0.2511, 0.2509, 0.2469]], device='cuda:1',
       grad_fn=<SoftmaxBackward0>)
tensor([[0.2503, 0.2509, 0.2494, 0.2494],
        [0.2502, 0.2515, 0.2507, 0.2476],
        [0.2504, 0.2513, 0.2484, 0.2498]], device='cuda:1',
       grad_fn=<SoftmaxBackward0>)
tensor([[0.2518, 0.2494, 0.2500, 0.2488],
        [0.2524, 0.2479, 0.2491, 0.2506]], device='cuda:1',
       grad_fn=<SoftmaxBackward0>)
tensor([[0.2506, 0.2509, 0.2506, 0.2478],
        [0.2486, 0.2470, 0.2501, 0.2543],
        [0.2486, 0.2511, 0.2522, 0.2481]], device='cuda:1',
       grad_fn=<SoftmaxBackward0>)
tensor([[0.2494, 0.2498, 0.2516, 0.2492],
        [0.2501, 0.2506, 0.2512, 0.2481],
        [0.2510, 0.2484, 0.2490, 0.2516]], device='cuda:1',
       grad_fn=<SoftmaxBackward0>)
tensor([[0.2483, 0.2511, 0.2513, 0.2494],
        [0.2490, 0.2499, 0.2489, 0.2522],
        [0.2494, 0.2515, 0.2512, 0.2479]], device='cuda:1',
       grad_fn=<SoftmaxBackward0>)
tensor([[0.2511, 0.2464, 0.2498, 0.2527],
        [0.2537, 0.2486, 0.2515, 0.2462],
        [0.2540, 0.2502, 0.2456, 0.2503]], device='cuda:1',
       grad_fn=<SoftmaxBackward0>)
tensor([[0.2544, 0.2445, 0.2425, 0.2586],
        [0.2458, 0.2515, 0.2587, 0.2441],
        [0.2449, 0.2529, 0.2555, 0.2467]], device='cuda:1',
       grad_fn=<SoftmaxBackward0>)
#####################
05/30 07:04:07午後 searchStage_trainer.py:211 [INFO] Train: Epoch: [4][50/390]	Step 1614	lr 0.02462	Loss 1.3462 (1.1459)	Prec@(1,5) (58.6%, 95.8%)	
05/30 07:04:24午後 searchStage_trainer.py:211 [INFO] Train: Epoch: [4][100/390]	Step 1664	lr 0.02462	Loss 1.3875 (1.1393)	Prec@(1,5) (58.7%, 95.5%)	
05/30 07:04:41午後 searchStage_trainer.py:211 [INFO] Train: Epoch: [4][150/390]	Step 1714	lr 0.02462	Loss 0.9839 (1.1324)	Prec@(1,5) (59.3%, 95.4%)	
05/30 07:04:58午後 searchStage_trainer.py:211 [INFO] Train: Epoch: [4][200/390]	Step 1764	lr 0.02462	Loss 1.1279 (1.1367)	Prec@(1,5) (59.4%, 95.2%)	
05/30 07:05:15午後 searchStage_trainer.py:211 [INFO] Train: Epoch: [4][250/390]	Step 1814	lr 0.02462	Loss 1.1182 (1.1258)	Prec@(1,5) (59.7%, 95.3%)	
05/30 07:05:32午後 searchStage_trainer.py:211 [INFO] Train: Epoch: [4][300/390]	Step 1864	lr 0.02462	Loss 1.0555 (1.1246)	Prec@(1,5) (59.6%, 95.4%)	
05/30 07:05:49午後 searchStage_trainer.py:211 [INFO] Train: Epoch: [4][350/390]	Step 1914	lr 0.02462	Loss 1.1171 (1.1154)	Prec@(1,5) (59.9%, 95.5%)	
05/30 07:06:03午後 searchStage_trainer.py:211 [INFO] Train: Epoch: [4][390/390]	Step 1954	lr 0.02462	Loss 0.9885 (1.1112)	Prec@(1,5) (60.1%, 95.6%)	
05/30 07:06:03午後 searchStage_trainer.py:221 [INFO] Train: [  4/49] Final Prec@1 60.1480%
05/30 07:06:06午後 searchStage_trainer.py:249 [INFO] Valid: Epoch: [4][50/391]	Step 1955	Loss 1.1963	Prec@(1,5) (57.3%, 94.7%)
05/30 07:06:08午後 searchStage_trainer.py:249 [INFO] Valid: Epoch: [4][100/391]	Step 1955	Loss 1.2029	Prec@(1,5) (57.7%, 94.7%)
05/30 07:06:11午後 searchStage_trainer.py:249 [INFO] Valid: Epoch: [4][150/391]	Step 1955	Loss 1.1973	Prec@(1,5) (57.7%, 94.8%)
05/30 07:06:13午後 searchStage_trainer.py:249 [INFO] Valid: Epoch: [4][200/391]	Step 1955	Loss 1.1950	Prec@(1,5) (57.8%, 94.8%)
05/30 07:06:15午後 searchStage_trainer.py:249 [INFO] Valid: Epoch: [4][250/391]	Step 1955	Loss 1.2007	Prec@(1,5) (57.9%, 94.7%)
05/30 07:06:18午後 searchStage_trainer.py:249 [INFO] Valid: Epoch: [4][300/391]	Step 1955	Loss 1.2050	Prec@(1,5) (57.7%, 94.7%)
05/30 07:06:20午後 searchStage_trainer.py:249 [INFO] Valid: Epoch: [4][350/391]	Step 1955	Loss 1.2068	Prec@(1,5) (57.7%, 94.7%)
05/30 07:06:22午後 searchStage_trainer.py:249 [INFO] Valid: Epoch: [4][390/391]	Step 1955	Loss 1.2065	Prec@(1,5) (57.7%, 94.8%)
05/30 07:06:22午後 searchStage_trainer.py:260 [INFO] Valid: [  4/49] Final Prec@1 57.6760%
05/30 07:06:22午後 searchStage_main.py:59 [INFO] DAG = Genotype2(DAG1=[[('avg_pool_3x3', 1), ('avg_pool_3x3', 0)], [('avg_pool_3x3', 2), ('avg_pool_3x3', 1)], [('avg_pool_3x3', 3), ('avg_pool_3x3', 2)], [('avg_pool_3x3', 4), ('avg_pool_3x3', 3)], [('avg_pool_3x3', 5), ('avg_pool_3x3', 4)], [('avg_pool_3x3', 6), ('avg_pool_3x3', 5)]], DAG1_concat=range(6, 8), DAG2=[[('avg_pool_3x3', 1), ('max_pool_3x3', 0)], [('avg_pool_3x3', 2), ('max_pool_3x3', 0)], [('max_pool_3x3', 3), ('avg_pool_3x3', 2)], [('max_pool_3x3', 4), ('avg_pool_3x3', 3)], [('avg_pool_3x3', 5), ('max_pool_3x3', 4)], [('avg_pool_3x3', 6), ('avg_pool_3x3', 5)]], DAG2_concat=range(6, 8), DAG3=[[('max_pool_3x3', 1), ('max_pool_3x3', 0)], [('skip_connect', 2), ('avg_pool_3x3', 0)], [('max_pool_3x3', 3), ('skip_connect', 2)], [('avg_pool_3x3', 4), ('avg_pool_3x3', 3)], [('max_pool_3x3', 5), ('max_pool_3x3', 4)], [('skip_connect', 5), ('skip_connect', 6)]], DAG3_concat=range(6, 8))
05/30 07:06:23午後 searchStage_main.py:79 [INFO] Until now, best Prec@1 = 57.6760%
####### ALPHA #######
# Alpha - DAG
tensor([[0.2549, 0.2601, 0.2537, 0.2313],
        [0.2558, 0.2646, 0.2556, 0.2240]], device='cuda:1',
       grad_fn=<SoftmaxBackward0>)
tensor([[0.2607, 0.2657, 0.2566, 0.2169],
        [0.2524, 0.2656, 0.2573, 0.2247],
        [0.2620, 0.2756, 0.2437, 0.2187]], device='cuda:1',
       grad_fn=<SoftmaxBackward0>)
tensor([[0.2537, 0.2600, 0.2567, 0.2295],
        [0.2611, 0.2663, 0.2420, 0.2306],
        [0.2629, 0.2672, 0.2455, 0.2244]], device='cuda:1',
       grad_fn=<SoftmaxBackward0>)
tensor([[0.2573, 0.2619, 0.2446, 0.2362],
        [0.2578, 0.2643, 0.2473, 0.2307],
        [0.2622, 0.2631, 0.2440, 0.2307]], device='cuda:1',
       grad_fn=<SoftmaxBackward0>)
tensor([[0.2623, 0.2671, 0.2423, 0.2283],
        [0.2626, 0.2667, 0.2463, 0.2244],
        [0.2600, 0.2654, 0.2388, 0.2358]], device='cuda:1',
       grad_fn=<SoftmaxBackward0>)
tensor([[0.2574, 0.2639, 0.2430, 0.2357],
        [0.2583, 0.2611, 0.2448, 0.2358],
        [0.2594, 0.2661, 0.2442, 0.2303]], device='cuda:1',
       grad_fn=<SoftmaxBackward0>)
tensor([[0.2501, 0.2497, 0.2500, 0.2502],
        [0.2509, 0.2512, 0.2506, 0.2474]], device='cuda:1',
       grad_fn=<SoftmaxBackward0>)
tensor([[0.2520, 0.2491, 0.2493, 0.2497],
        [0.2499, 0.2498, 0.2511, 0.2492],
        [0.2515, 0.2528, 0.2498, 0.2459]], device='cuda:1',
       grad_fn=<SoftmaxBackward0>)
tensor([[0.2518, 0.2482, 0.2501, 0.2499],
        [0.2507, 0.2508, 0.2502, 0.2483],
        [0.2518, 0.2509, 0.2500, 0.2474]], device='cuda:1',
       grad_fn=<SoftmaxBackward0>)
tensor([[0.2514, 0.2513, 0.2491, 0.2481],
        [0.2499, 0.2522, 0.2497, 0.2481],
        [0.2514, 0.2513, 0.2486, 0.2487]], device='cuda:1',
       grad_fn=<SoftmaxBackward0>)
tensor([[0.2510, 0.2512, 0.2481, 0.2497],
        [0.2510, 0.2505, 0.2490, 0.2495],
        [0.2511, 0.2512, 0.2511, 0.2466]], device='cuda:1',
       grad_fn=<SoftmaxBackward0>)
tensor([[0.2504, 0.2509, 0.2491, 0.2496],
        [0.2502, 0.2516, 0.2508, 0.2474],
        [0.2503, 0.2514, 0.2487, 0.2496]], device='cuda:1',
       grad_fn=<SoftmaxBackward0>)
tensor([[0.2521, 0.2492, 0.2501, 0.2487],
        [0.2527, 0.2476, 0.2490, 0.2507]], device='cuda:1',
       grad_fn=<SoftmaxBackward0>)
tensor([[0.2506, 0.2511, 0.2509, 0.2475],
        [0.2483, 0.2468, 0.2501, 0.2548],
        [0.2484, 0.2512, 0.2524, 0.2480]], device='cuda:1',
       grad_fn=<SoftmaxBackward0>)
tensor([[0.2493, 0.2498, 0.2518, 0.2491],
        [0.2501, 0.2506, 0.2514, 0.2479],
        [0.2511, 0.2483, 0.2489, 0.2518]], device='cuda:1',
       grad_fn=<SoftmaxBackward0>)
tensor([[0.2479, 0.2512, 0.2515, 0.2494],
        [0.2489, 0.2499, 0.2488, 0.2524],
        [0.2493, 0.2517, 0.2514, 0.2476]], device='cuda:1',
       grad_fn=<SoftmaxBackward0>)
tensor([[0.2513, 0.2458, 0.2499, 0.2530],
        [0.2542, 0.2484, 0.2518, 0.2456],
        [0.2545, 0.2501, 0.2450, 0.2505]], device='cuda:1',
       grad_fn=<SoftmaxBackward0>)
tensor([[0.2550, 0.2435, 0.2413, 0.2601],
        [0.2451, 0.2517, 0.2600, 0.2432],
        [0.2442, 0.2532, 0.2563, 0.2463]], device='cuda:1',
       grad_fn=<SoftmaxBackward0>)
#####################
05/30 07:06:40午後 searchStage_trainer.py:211 [INFO] Train: Epoch: [5][50/390]	Step 2005	lr 0.02441	Loss 0.8661 (1.0325)	Prec@(1,5) (63.0%, 96.5%)	
05/30 07:06:57午後 searchStage_trainer.py:211 [INFO] Train: Epoch: [5][100/390]	Step 2055	lr 0.02441	Loss 0.9950 (1.0105)	Prec@(1,5) (63.8%, 96.6%)	
05/30 07:07:14午後 searchStage_trainer.py:211 [INFO] Train: Epoch: [5][150/390]	Step 2105	lr 0.02441	Loss 1.0623 (1.0195)	Prec@(1,5) (63.6%, 96.6%)	
05/30 07:07:31午後 searchStage_trainer.py:211 [INFO] Train: Epoch: [5][200/390]	Step 2155	lr 0.02441	Loss 1.1035 (1.0130)	Prec@(1,5) (64.0%, 96.5%)	
05/30 07:07:48午後 searchStage_trainer.py:211 [INFO] Train: Epoch: [5][250/390]	Step 2205	lr 0.02441	Loss 0.8662 (1.0156)	Prec@(1,5) (63.8%, 96.6%)	
05/30 07:08:05午後 searchStage_trainer.py:211 [INFO] Train: Epoch: [5][300/390]	Step 2255	lr 0.02441	Loss 0.8768 (1.0128)	Prec@(1,5) (63.9%, 96.5%)	
05/30 07:08:22午後 searchStage_trainer.py:211 [INFO] Train: Epoch: [5][350/390]	Step 2305	lr 0.02441	Loss 0.7494 (1.0044)	Prec@(1,5) (64.2%, 96.5%)	
05/30 07:08:36午後 searchStage_trainer.py:211 [INFO] Train: Epoch: [5][390/390]	Step 2345	lr 0.02441	Loss 1.1567 (1.0079)	Prec@(1,5) (64.4%, 96.5%)	
05/30 07:08:37午後 searchStage_trainer.py:221 [INFO] Train: [  5/49] Final Prec@1 64.3680%
05/30 07:08:39午後 searchStage_trainer.py:249 [INFO] Valid: Epoch: [5][50/391]	Step 2346	Loss 1.0344	Prec@(1,5) (63.9%, 96.6%)
05/30 07:08:41午後 searchStage_trainer.py:249 [INFO] Valid: Epoch: [5][100/391]	Step 2346	Loss 1.0430	Prec@(1,5) (63.1%, 96.8%)
05/30 07:08:44午後 searchStage_trainer.py:249 [INFO] Valid: Epoch: [5][150/391]	Step 2346	Loss 1.0505	Prec@(1,5) (62.6%, 96.8%)
05/30 07:08:46午後 searchStage_trainer.py:249 [INFO] Valid: Epoch: [5][200/391]	Step 2346	Loss 1.0533	Prec@(1,5) (62.6%, 96.7%)
