05/30 05:13:33PM parser.py:28 [INFO] 
05/30 05:13:33PM parser.py:29 [INFO] Parameters:
05/30 05:13:33PM parser.py:31 [INFO] DAG_PATH=results/search_Stage/CIFAR10/SCRATCH_SPEC_SPEC/EXP-20240530-171333/DAG
05/30 05:13:33PM parser.py:31 [INFO] ALPHA_LR=0.0003
05/30 05:13:33PM parser.py:31 [INFO] ALPHA_WEIGHT_DECAY=0.001
05/30 05:13:33PM parser.py:31 [INFO] BATCH_SIZE=64
05/30 05:13:33PM parser.py:31 [INFO] CHECKPOINT_RESET=False
05/30 05:13:33PM parser.py:31 [INFO] DATA_PATH=../data/
05/30 05:13:33PM parser.py:31 [INFO] DATASET=CIFAR10
05/30 05:13:33PM parser.py:31 [INFO] EPOCHS=50
05/30 05:13:33PM parser.py:31 [INFO] EXP_NAME=EXP-20240530-171333
05/30 05:13:33PM parser.py:31 [INFO] GENOTYPE=Genotype3(normal1=[[('sep_conv_3x3', 0), ('sep_conv_3x3', 1)], [('sep_conv_3x3', 0), ('sep_conv_3x3', 1)], [('sep_conv_3x3', 0), ('sep_conv_3x3', 1)], [('sep_conv_3x3', 2), ('sep_conv_3x3', 3)]], normal1_concat=range(2, 6), reduce1=[[('max_pool_3x3', 0), ('skip_connect', 0)], [('max_pool_3x3', 0), ('max_pool_3x3', 2)], [('sep_conv_3x3', 0), ('skip_connect', 1)], [('sep_conv_3x3', 0), ('dil_conv_3x3', 4)]], reduce1_concat=range(2, 6), normal2=[[('skip_connect', 0), ('dil_conv_3x3', 1)], [('skip_connect', 0), ('sep_conv_3x3', 1)], [('skip_connect', 0), ('sep_conv_3x3', 1)], [('skip_connect', 0), ('sep_conv_3x3', 1)]], normal2_concat=range(2, 6), reduce2=[[('dil_conv_3x3', 0), ('max_pool_3x3', 1)], [('max_pool_3x3', 1), ('dil_conv_5x5', 2)], [('max_pool_3x3', 1), ('dil_conv_5x5', 3)], [('max_pool_3x3', 1), ('skip_connect', 4)]], reduce2_concat=range(2, 6), normal3=[[('dil_conv_5x5', 0), ('sep_conv_3x3', 1)], [('sep_conv_3x3', 1), ('dil_conv_3x3', 2)], [('dil_conv_3x3', 0), ('sep_conv_5x5', 2)], [('sep_conv_5x5', 3), ('sep_conv_3x3', 4)]], normal3_concat=range(2, 6))
05/30 05:13:33PM parser.py:31 [INFO] GPUS=[0]
05/30 05:13:33PM parser.py:31 [INFO] INIT_CHANNELS=16
05/30 05:13:33PM parser.py:31 [INFO] LAYERS=20
05/30 05:13:33PM parser.py:31 [INFO] LOCAL_RANK=0
05/30 05:13:33PM parser.py:31 [INFO] LOGGER=<Logger H-DAS (INFO)>
05/30 05:13:33PM parser.py:31 [INFO] NAME=SCRATCH_SPEC_SPEC
05/30 05:13:33PM parser.py:31 [INFO] PATH=results/search_Stage/CIFAR10/SCRATCH_SPEC_SPEC/EXP-20240530-171333
05/30 05:13:33PM parser.py:31 [INFO] PRINT_FREQ=50
05/30 05:13:33PM parser.py:31 [INFO] RESUME_PATH=None
05/30 05:13:33PM parser.py:31 [INFO] SAVE=EXP
05/30 05:13:33PM parser.py:31 [INFO] SEED=0
05/30 05:13:33PM parser.py:31 [INFO] SHARE_STAGE=False
05/30 05:13:33PM parser.py:31 [INFO] SPEC_CELL=True
05/30 05:13:33PM parser.py:31 [INFO] TRAIN_PORTION=0.5
05/30 05:13:33PM parser.py:31 [INFO] W_GRAD_CLIP=5.0
05/30 05:13:33PM parser.py:31 [INFO] W_LR=0.025
05/30 05:13:33PM parser.py:31 [INFO] W_LR_MIN=0.001
05/30 05:13:33PM parser.py:31 [INFO] W_MOMENTUM=0.9
05/30 05:13:33PM parser.py:31 [INFO] W_WEIGHT_DECAY=0.0003
05/30 05:13:33PM parser.py:31 [INFO] WORKERS=4
05/30 05:13:33PM parser.py:32 [INFO] 
05/30 05:13:34PM searchStage_trainer.py:103 [INFO] --> No loaded checkpoint!
####### ALPHA #######
# Alpha - DAG
tensor([[0.2504, 0.2499, 0.2495, 0.2502],
        [0.2498, 0.2497, 0.2502, 0.2503]], device='cuda:0',
       grad_fn=<SoftmaxBackward0>)
tensor([[0.2499, 0.2500, 0.2499, 0.2501],
        [0.2498, 0.2503, 0.2498, 0.2501],
        [0.2500, 0.2503, 0.2499, 0.2498]], device='cuda:0',
       grad_fn=<SoftmaxBackward0>)
tensor([[0.2499, 0.2501, 0.2500, 0.2500],
        [0.2501, 0.2504, 0.2497, 0.2498],
        [0.2501, 0.2499, 0.2502, 0.2498]], device='cuda:0',
       grad_fn=<SoftmaxBackward0>)
tensor([[0.2501, 0.2502, 0.2495, 0.2501],
        [0.2499, 0.2500, 0.2502, 0.2499],
        [0.2500, 0.2501, 0.2500, 0.2498]], device='cuda:0',
       grad_fn=<SoftmaxBackward0>)
tensor([[0.2498, 0.2500, 0.2501, 0.2500],
        [0.2504, 0.2499, 0.2499, 0.2497],
        [0.2501, 0.2505, 0.2498, 0.2496]], device='cuda:0',
       grad_fn=<SoftmaxBackward0>)
tensor([[0.2497, 0.2499, 0.2504, 0.2501],
        [0.2496, 0.2497, 0.2502, 0.2505],
        [0.2500, 0.2500, 0.2497, 0.2504]], device='cuda:0',
       grad_fn=<SoftmaxBackward0>)
tensor([[0.2503, 0.2502, 0.2500, 0.2495],
        [0.2496, 0.2502, 0.2502, 0.2500]], device='cuda:0',
       grad_fn=<SoftmaxBackward0>)
tensor([[0.2500, 0.2501, 0.2498, 0.2500],
        [0.2500, 0.2502, 0.2498, 0.2500],
        [0.2499, 0.2503, 0.2499, 0.2499]], device='cuda:0',
       grad_fn=<SoftmaxBackward0>)
tensor([[0.2499, 0.2501, 0.2497, 0.2503],
        [0.2501, 0.2500, 0.2500, 0.2499],
        [0.2501, 0.2502, 0.2499, 0.2498]], device='cuda:0',
       grad_fn=<SoftmaxBackward0>)
tensor([[0.2502, 0.2505, 0.2497, 0.2496],
        [0.2496, 0.2505, 0.2496, 0.2503],
        [0.2502, 0.2500, 0.2500, 0.2498]], device='cuda:0',
       grad_fn=<SoftmaxBackward0>)
tensor([[0.2499, 0.2500, 0.2500, 0.2500],
        [0.2498, 0.2501, 0.2502, 0.2499],
        [0.2496, 0.2501, 0.2503, 0.2500]], device='cuda:0',
       grad_fn=<SoftmaxBackward0>)
tensor([[0.2503, 0.2500, 0.2497, 0.2501],
        [0.2501, 0.2500, 0.2500, 0.2499],
        [0.2496, 0.2502, 0.2500, 0.2502]], device='cuda:0',
       grad_fn=<SoftmaxBackward0>)
tensor([[0.2500, 0.2504, 0.2496, 0.2499],
        [0.2503, 0.2503, 0.2498, 0.2497]], device='cuda:0',
       grad_fn=<SoftmaxBackward0>)
tensor([[0.2501, 0.2500, 0.2499, 0.2500],
        [0.2499, 0.2495, 0.2504, 0.2501],
        [0.2503, 0.2498, 0.2499, 0.2500]], device='cuda:0',
       grad_fn=<SoftmaxBackward0>)
tensor([[0.2497, 0.2502, 0.2503, 0.2498],
        [0.2498, 0.2504, 0.2500, 0.2498],
        [0.2502, 0.2497, 0.2501, 0.2500]], device='cuda:0',
       grad_fn=<SoftmaxBackward0>)
tensor([[0.2501, 0.2499, 0.2500, 0.2499],
        [0.2498, 0.2500, 0.2499, 0.2503],
        [0.2499, 0.2504, 0.2499, 0.2499]], device='cuda:0',
       grad_fn=<SoftmaxBackward0>)
tensor([[0.2497, 0.2503, 0.2500, 0.2500],
        [0.2499, 0.2502, 0.2501, 0.2499],
        [0.2499, 0.2505, 0.2497, 0.2499]], device='cuda:0',
       grad_fn=<SoftmaxBackward0>)
tensor([[0.2500, 0.2502, 0.2499, 0.2499],
        [0.2502, 0.2496, 0.2504, 0.2499],
        [0.2501, 0.2502, 0.2499, 0.2499]], device='cuda:0',
       grad_fn=<SoftmaxBackward0>)
#####################
05/30 05:13:52PM searchStage_trainer.py:211 [INFO] Train: Epoch: [0][50/390]	Step 50	lr 0.025	Loss 2.1235 (2.2401)	Prec@(1,5) (15.8%, 65.0%)	
05/30 05:14:09PM searchStage_trainer.py:211 [INFO] Train: Epoch: [0][100/390]	Step 100	lr 0.025	Loss 2.1833 (2.2182)	Prec@(1,5) (18.5%, 69.9%)	
05/30 05:14:26PM searchStage_trainer.py:211 [INFO] Train: Epoch: [0][150/390]	Step 150	lr 0.025	Loss 1.9819 (2.1474)	Prec@(1,5) (20.2%, 73.6%)	
05/30 05:14:42PM searchStage_trainer.py:211 [INFO] Train: Epoch: [0][200/390]	Step 200	lr 0.025	Loss 1.7839 (2.0841)	Prec@(1,5) (22.4%, 76.1%)	
05/30 05:14:59PM searchStage_trainer.py:211 [INFO] Train: Epoch: [0][250/390]	Step 250	lr 0.025	Loss 1.7377 (2.0326)	Prec@(1,5) (24.3%, 77.7%)	
05/30 05:15:16PM searchStage_trainer.py:211 [INFO] Train: Epoch: [0][300/390]	Step 300	lr 0.025	Loss 1.6353 (1.9913)	Prec@(1,5) (25.5%, 79.0%)	
05/30 05:15:33PM searchStage_trainer.py:211 [INFO] Train: Epoch: [0][350/390]	Step 350	lr 0.025	Loss 1.7072 (1.9574)	Prec@(1,5) (26.8%, 80.3%)	
05/30 05:15:46PM searchStage_trainer.py:211 [INFO] Train: Epoch: [0][390/390]	Step 390	lr 0.025	Loss 1.7095 (1.9317)	Prec@(1,5) (27.8%, 81.1%)	
05/30 05:15:47PM searchStage_trainer.py:221 [INFO] Train: [  0/49] Final Prec@1 27.8520%
05/30 05:15:50PM searchStage_trainer.py:249 [INFO] Valid: Epoch: [0][50/391]	Step 391	Loss 1.7110	Prec@(1,5) (34.5%, 88.3%)
05/30 05:15:53PM searchStage_trainer.py:249 [INFO] Valid: Epoch: [0][100/391]	Step 391	Loss 1.6965	Prec@(1,5) (36.3%, 88.3%)
05/30 05:15:56PM searchStage_trainer.py:249 [INFO] Valid: Epoch: [0][150/391]	Step 391	Loss 1.6947	Prec@(1,5) (36.2%, 88.6%)
05/30 05:15:58PM searchStage_trainer.py:249 [INFO] Valid: Epoch: [0][200/391]	Step 391	Loss 1.6892	Prec@(1,5) (36.2%, 88.7%)
05/30 05:16:01PM searchStage_trainer.py:249 [INFO] Valid: Epoch: [0][250/391]	Step 391	Loss 1.6889	Prec@(1,5) (36.5%, 88.5%)
05/30 05:16:03PM searchStage_trainer.py:249 [INFO] Valid: Epoch: [0][300/391]	Step 391	Loss 1.6902	Prec@(1,5) (36.5%, 88.3%)
05/30 05:16:06PM searchStage_trainer.py:249 [INFO] Valid: Epoch: [0][350/391]	Step 391	Loss 1.6921	Prec@(1,5) (36.3%, 88.3%)
05/30 05:16:08PM searchStage_trainer.py:249 [INFO] Valid: Epoch: [0][390/391]	Step 391	Loss 1.6943	Prec@(1,5) (36.3%, 88.2%)
05/30 05:16:08PM searchStage_trainer.py:260 [INFO] Valid: [  0/49] Final Prec@1 36.3280%
05/30 05:16:08PM searchStage_main.py:59 [INFO] DAG = Genotype2(DAG1=[[('avg_pool_3x3', 0), ('avg_pool_3x3', 1)], [('skip_connect', 1), ('avg_pool_3x3', 2)], [('avg_pool_3x3', 2), ('avg_pool_3x3', 3)], [('avg_pool_3x3', 2), ('avg_pool_3x3', 3)], [('avg_pool_3x3', 5), ('avg_pool_3x3', 4)], [('avg_pool_3x3', 4), ('avg_pool_3x3', 6)]], DAG1_concat=range(6, 8), DAG2=[[('skip_connect', 1), ('avg_pool_3x3', 0)], [('max_pool_3x3', 2), ('max_pool_3x3', 1)], [('avg_pool_3x3', 3), ('avg_pool_3x3', 2)], [('avg_pool_3x3', 2), ('avg_pool_3x3', 3)], [('avg_pool_3x3', 5), ('skip_connect', 4)], [('avg_pool_3x3', 4), ('skip_connect', 5)]], DAG2_concat=range(6, 8), DAG3=[[('max_pool_3x3', 1), ('max_pool_3x3', 0)], [('skip_connect', 2), ('skip_connect', 1)], [('skip_connect', 3), ('avg_pool_3x3', 2)], [('avg_pool_3x3', 4), ('skip_connect', 3)], [('max_pool_3x3', 4), ('max_pool_3x3', 5)], [('skip_connect', 5), ('avg_pool_3x3', 4)]], DAG3_concat=range(6, 8))
05/30 05:16:09PM searchStage_main.py:79 [INFO] Until now, best Prec@1 = 36.3280%
####### ALPHA #######
# Alpha - DAG
tensor([[0.2509, 0.2539, 0.2506, 0.2446],
        [0.2512, 0.2528, 0.2491, 0.2469]], device='cuda:0',
       grad_fn=<SoftmaxBackward0>)
tensor([[0.2503, 0.2531, 0.2485, 0.2481],
        [0.2489, 0.2529, 0.2559, 0.2423],
        [0.2504, 0.2559, 0.2459, 0.2478]], device='cuda:0',
       grad_fn=<SoftmaxBackward0>)
tensor([[0.2503, 0.2511, 0.2503, 0.2483],
        [0.2500, 0.2585, 0.2498, 0.2417],
        [0.2532, 0.2567, 0.2430, 0.2472]], device='cuda:0',
       grad_fn=<SoftmaxBackward0>)
tensor([[0.2523, 0.2559, 0.2463, 0.2456],
        [0.2505, 0.2556, 0.2485, 0.2454],
        [0.2506, 0.2550, 0.2469, 0.2476]], device='cuda:0',
       grad_fn=<SoftmaxBackward0>)
tensor([[0.2509, 0.2520, 0.2467, 0.2503],
        [0.2520, 0.2560, 0.2460, 0.2461],
        [0.2523, 0.2567, 0.2466, 0.2444]], device='cuda:0',
       grad_fn=<SoftmaxBackward0>)
tensor([[0.2497, 0.2544, 0.2495, 0.2463],
        [0.2515, 0.2543, 0.2470, 0.2472],
        [0.2500, 0.2549, 0.2458, 0.2493]], device='cuda:0',
       grad_fn=<SoftmaxBackward0>)
tensor([[0.2504, 0.2507, 0.2501, 0.2488],
        [0.2487, 0.2505, 0.2508, 0.2499]], device='cuda:0',
       grad_fn=<SoftmaxBackward0>)
tensor([[0.2508, 0.2504, 0.2497, 0.2491],
        [0.2508, 0.2500, 0.2495, 0.2497],
        [0.2510, 0.2505, 0.2491, 0.2493]], device='cuda:0',
       grad_fn=<SoftmaxBackward0>)
tensor([[0.2492, 0.2508, 0.2501, 0.2499],
        [0.2506, 0.2507, 0.2496, 0.2491],
        [0.2503, 0.2508, 0.2496, 0.2493]], device='cuda:0',
       grad_fn=<SoftmaxBackward0>)
tensor([[0.2506, 0.2508, 0.2494, 0.2491],
        [0.2500, 0.2510, 0.2498, 0.2493],
        [0.2504, 0.2501, 0.2494, 0.2501]], device='cuda:0',
       grad_fn=<SoftmaxBackward0>)
tensor([[0.2505, 0.2505, 0.2492, 0.2499],
        [0.2502, 0.2505, 0.2505, 0.2488],
        [0.2497, 0.2506, 0.2496, 0.2501]], device='cuda:0',
       grad_fn=<SoftmaxBackward0>)
tensor([[0.2502, 0.2506, 0.2497, 0.2496],
        [0.2501, 0.2502, 0.2503, 0.2494],
        [0.2496, 0.2503, 0.2494, 0.2506]], device='cuda:0',
       grad_fn=<SoftmaxBackward0>)
tensor([[0.2504, 0.2503, 0.2495, 0.2498],
        [0.2505, 0.2504, 0.2494, 0.2497]], device='cuda:0',
       grad_fn=<SoftmaxBackward0>)
tensor([[0.2499, 0.2504, 0.2501, 0.2496],
        [0.2493, 0.2499, 0.2506, 0.2502],
        [0.2498, 0.2500, 0.2501, 0.2500]], device='cuda:0',
       grad_fn=<SoftmaxBackward0>)
tensor([[0.2494, 0.2496, 0.2503, 0.2507],
        [0.2495, 0.2508, 0.2504, 0.2493],
        [0.2495, 0.2503, 0.2508, 0.2494]], device='cuda:0',
       grad_fn=<SoftmaxBackward0>)
tensor([[0.2501, 0.2501, 0.2500, 0.2498],
        [0.2492, 0.2506, 0.2507, 0.2495],
        [0.2495, 0.2503, 0.2494, 0.2508]], device='cuda:0',
       grad_fn=<SoftmaxBackward0>)
tensor([[0.2506, 0.2490, 0.2488, 0.2515],
        [0.2509, 0.2503, 0.2503, 0.2484],
        [0.2509, 0.2497, 0.2497, 0.2497]], device='cuda:0',
       grad_fn=<SoftmaxBackward0>)
tensor([[0.2497, 0.2508, 0.2502, 0.2493],
        [0.2486, 0.2500, 0.2517, 0.2497],
        [0.2491, 0.2501, 0.2502, 0.2507]], device='cuda:0',
       grad_fn=<SoftmaxBackward0>)
#####################
05/30 05:16:26PM searchStage_trainer.py:211 [INFO] Train: Epoch: [1][50/390]	Step 441	lr 0.02498	Loss 1.5440 (1.6641)	Prec@(1,5) (37.4%, 88.8%)	
05/30 05:16:43PM searchStage_trainer.py:211 [INFO] Train: Epoch: [1][100/390]	Step 491	lr 0.02498	Loss 1.7917 (1.6483)	Prec@(1,5) (39.0%, 89.1%)	
05/30 05:17:00PM searchStage_trainer.py:211 [INFO] Train: Epoch: [1][150/390]	Step 541	lr 0.02498	Loss 1.7065 (1.6343)	Prec@(1,5) (39.6%, 89.1%)	
05/30 05:17:17PM searchStage_trainer.py:211 [INFO] Train: Epoch: [1][200/390]	Step 591	lr 0.02498	Loss 1.6018 (1.6311)	Prec@(1,5) (39.5%, 89.2%)	
05/30 05:17:34PM searchStage_trainer.py:211 [INFO] Train: Epoch: [1][250/390]	Step 641	lr 0.02498	Loss 1.5535 (1.6175)	Prec@(1,5) (40.0%, 89.5%)	
05/30 05:17:51PM searchStage_trainer.py:211 [INFO] Train: Epoch: [1][300/390]	Step 691	lr 0.02498	Loss 1.4585 (1.6060)	Prec@(1,5) (40.4%, 89.8%)	
05/30 05:18:08PM searchStage_trainer.py:211 [INFO] Train: Epoch: [1][350/390]	Step 741	lr 0.02498	Loss 1.4445 (1.5974)	Prec@(1,5) (40.9%, 89.9%)	
05/30 05:18:21PM searchStage_trainer.py:211 [INFO] Train: Epoch: [1][390/390]	Step 781	lr 0.02498	Loss 1.3914 (1.5870)	Prec@(1,5) (41.2%, 90.1%)	
05/30 05:18:21PM searchStage_trainer.py:221 [INFO] Train: [  1/49] Final Prec@1 41.2680%
05/30 05:18:24PM searchStage_trainer.py:249 [INFO] Valid: Epoch: [1][50/391]	Step 782	Loss 1.5361	Prec@(1,5) (43.1%, 91.2%)
05/30 05:18:27PM searchStage_trainer.py:249 [INFO] Valid: Epoch: [1][100/391]	Step 782	Loss 1.5541	Prec@(1,5) (42.2%, 90.9%)
05/30 05:18:29PM searchStage_trainer.py:249 [INFO] Valid: Epoch: [1][150/391]	Step 782	Loss 1.5528	Prec@(1,5) (42.7%, 90.9%)
05/30 05:18:32PM searchStage_trainer.py:249 [INFO] Valid: Epoch: [1][200/391]	Step 782	Loss 1.5418	Prec@(1,5) (43.0%, 91.1%)
05/30 05:18:35PM searchStage_trainer.py:249 [INFO] Valid: Epoch: [1][250/391]	Step 782	Loss 1.5394	Prec@(1,5) (43.2%, 91.1%)
05/30 05:18:38PM searchStage_trainer.py:249 [INFO] Valid: Epoch: [1][300/391]	Step 782	Loss 1.5372	Prec@(1,5) (43.3%, 91.1%)
05/30 05:18:40PM searchStage_trainer.py:249 [INFO] Valid: Epoch: [1][350/391]	Step 782	Loss 1.5304	Prec@(1,5) (43.3%, 91.3%)
05/30 05:18:42PM searchStage_trainer.py:249 [INFO] Valid: Epoch: [1][390/391]	Step 782	Loss 1.5267	Prec@(1,5) (43.4%, 91.3%)
05/30 05:18:42PM searchStage_trainer.py:260 [INFO] Valid: [  1/49] Final Prec@1 43.3680%
05/30 05:18:42PM searchStage_main.py:59 [INFO] DAG = Genotype2(DAG1=[[('avg_pool_3x3', 0), ('avg_pool_3x3', 1)], [('avg_pool_3x3', 2), ('avg_pool_3x3', 1)], [('avg_pool_3x3', 2), ('avg_pool_3x3', 3)], [('avg_pool_3x3', 2), ('avg_pool_3x3', 3)], [('avg_pool_3x3', 5), ('avg_pool_3x3', 4)], [('avg_pool_3x3', 6), ('avg_pool_3x3', 5)]], DAG1_concat=range(6, 8), DAG2=[[('max_pool_3x3', 0), ('avg_pool_3x3', 1)], [('avg_pool_3x3', 2), ('avg_pool_3x3', 0)], [('avg_pool_3x3', 3), ('max_pool_3x3', 2)], [('avg_pool_3x3', 4), ('avg_pool_3x3', 2)], [('avg_pool_3x3', 5), ('avg_pool_3x3', 4)], [('skip_connect', 5), ('avg_pool_3x3', 6)]], DAG2_concat=range(6, 8), DAG3=[[('max_pool_3x3', 0), ('max_pool_3x3', 1)], [('avg_pool_3x3', 2), ('skip_connect', 1)], [('skip_connect', 3), ('avg_pool_3x3', 2)], [('skip_connect', 3), ('avg_pool_3x3', 4)], [('max_pool_3x3', 5), ('max_pool_3x3', 4)], [('skip_connect', 5), ('avg_pool_3x3', 4)]], DAG3_concat=range(6, 8))
05/30 05:18:43PM searchStage_main.py:79 [INFO] Until now, best Prec@1 = 43.3680%
####### ALPHA #######
# Alpha - DAG
tensor([[0.2499, 0.2592, 0.2507, 0.2402],
        [0.2536, 0.2580, 0.2467, 0.2417]], device='cuda:0',
       grad_fn=<SoftmaxBackward0>)
tensor([[0.2497, 0.2574, 0.2507, 0.2422],
        [0.2484, 0.2580, 0.2569, 0.2367],
        [0.2511, 0.2651, 0.2400, 0.2437]], device='cuda:0',
       grad_fn=<SoftmaxBackward0>)
tensor([[0.2515, 0.2541, 0.2499, 0.2445],
        [0.2519, 0.2653, 0.2445, 0.2383],
        [0.2560, 0.2641, 0.2402, 0.2397]], device='cuda:0',
       grad_fn=<SoftmaxBackward0>)
tensor([[0.2526, 0.2625, 0.2439, 0.2410],
        [0.2532, 0.2610, 0.2456, 0.2402],
        [0.2516, 0.2598, 0.2444, 0.2442]], device='cuda:0',
       grad_fn=<SoftmaxBackward0>)
tensor([[0.2519, 0.2561, 0.2429, 0.2491],
        [0.2531, 0.2611, 0.2430, 0.2427],
        [0.2536, 0.2611, 0.2448, 0.2405]], device='cuda:0',
       grad_fn=<SoftmaxBackward0>)
tensor([[0.2509, 0.2579, 0.2457, 0.2455],
        [0.2534, 0.2586, 0.2462, 0.2418],
        [0.2513, 0.2587, 0.2430, 0.2470]], device='cuda:0',
       grad_fn=<SoftmaxBackward0>)
tensor([[0.2510, 0.2503, 0.2498, 0.2489],
        [0.2485, 0.2512, 0.2510, 0.2493]], device='cuda:0',
       grad_fn=<SoftmaxBackward0>)
tensor([[0.2503, 0.2512, 0.2507, 0.2479],
        [0.2506, 0.2496, 0.2499, 0.2499],
        [0.2505, 0.2512, 0.2494, 0.2489]], device='cuda:0',
       grad_fn=<SoftmaxBackward0>)
tensor([[0.2497, 0.2514, 0.2503, 0.2486],
        [0.2511, 0.2510, 0.2493, 0.2486],
        [0.2504, 0.2511, 0.2488, 0.2498]], device='cuda:0',
       grad_fn=<SoftmaxBackward0>)
tensor([[0.2507, 0.2511, 0.2494, 0.2487],
        [0.2503, 0.2510, 0.2492, 0.2495],
        [0.2505, 0.2506, 0.2496, 0.2494]], device='cuda:0',
       grad_fn=<SoftmaxBackward0>)
tensor([[0.2509, 0.2507, 0.2483, 0.2501],
        [0.2498, 0.2512, 0.2507, 0.2482],
        [0.2498, 0.2509, 0.2497, 0.2496]], device='cuda:0',
       grad_fn=<SoftmaxBackward0>)
tensor([[0.2500, 0.2508, 0.2494, 0.2497],
        [0.2499, 0.2506, 0.2508, 0.2487],
        [0.2498, 0.2506, 0.2491, 0.2505]], device='cuda:0',
       grad_fn=<SoftmaxBackward0>)
tensor([[0.2506, 0.2505, 0.2492, 0.2497],
        [0.2504, 0.2504, 0.2495, 0.2497]], device='cuda:0',
       grad_fn=<SoftmaxBackward0>)
tensor([[0.2496, 0.2506, 0.2505, 0.2493],
        [0.2486, 0.2500, 0.2508, 0.2506],
        [0.2494, 0.2504, 0.2503, 0.2499]], device='cuda:0',
       grad_fn=<SoftmaxBackward0>)
tensor([[0.2491, 0.2493, 0.2502, 0.2513],
        [0.2493, 0.2511, 0.2505, 0.2491],
        [0.2490, 0.2509, 0.2511, 0.2490]], device='cuda:0',
       grad_fn=<SoftmaxBackward0>)
tensor([[0.2499, 0.2504, 0.2502, 0.2494],
        [0.2485, 0.2511, 0.2514, 0.2490],
        [0.2491, 0.2503, 0.2490, 0.2516]], device='cuda:0',
       grad_fn=<SoftmaxBackward0>)
tensor([[0.2513, 0.2480, 0.2480, 0.2527],
        [0.2518, 0.2505, 0.2506, 0.2471],
        [0.2516, 0.2490, 0.2496, 0.2498]], device='cuda:0',
       grad_fn=<SoftmaxBackward0>)
tensor([[0.2494, 0.2515, 0.2503, 0.2489],
        [0.2471, 0.2505, 0.2528, 0.2496],
        [0.2482, 0.2500, 0.2506, 0.2512]], device='cuda:0',
       grad_fn=<SoftmaxBackward0>)
#####################
05/30 05:19:00PM searchStage_trainer.py:211 [INFO] Train: Epoch: [2][50/390]	Step 832	lr 0.02491	Loss 1.7184 (1.4787)	Prec@(1,5) (45.4%, 92.2%)	
05/30 05:19:17PM searchStage_trainer.py:211 [INFO] Train: Epoch: [2][100/390]	Step 882	lr 0.02491	Loss 1.5562 (1.4497)	Prec@(1,5) (46.5%, 92.6%)	
05/30 05:19:34PM searchStage_trainer.py:211 [INFO] Train: Epoch: [2][150/390]	Step 932	lr 0.02491	Loss 1.4263 (1.4494)	Prec@(1,5) (46.7%, 92.6%)	
05/30 05:19:51PM searchStage_trainer.py:211 [INFO] Train: Epoch: [2][200/390]	Step 982	lr 0.02491	Loss 1.6396 (1.4408)	Prec@(1,5) (47.1%, 92.6%)	
05/30 05:20:09PM searchStage_trainer.py:211 [INFO] Train: Epoch: [2][250/390]	Step 1032	lr 0.02491	Loss 1.2726 (1.4351)	Prec@(1,5) (47.3%, 92.7%)	
05/30 05:20:26PM searchStage_trainer.py:211 [INFO] Train: Epoch: [2][300/390]	Step 1082	lr 0.02491	Loss 1.2743 (1.4272)	Prec@(1,5) (47.6%, 92.8%)	
05/30 05:20:43PM searchStage_trainer.py:211 [INFO] Train: Epoch: [2][350/390]	Step 1132	lr 0.02491	Loss 1.3037 (1.4193)	Prec@(1,5) (47.8%, 92.8%)	
05/30 05:20:56PM searchStage_trainer.py:211 [INFO] Train: Epoch: [2][390/390]	Step 1172	lr 0.02491	Loss 1.3389 (1.4097)	Prec@(1,5) (48.2%, 92.9%)	
05/30 05:20:57PM searchStage_trainer.py:221 [INFO] Train: [  2/49] Final Prec@1 48.2320%
05/30 05:21:00PM searchStage_trainer.py:249 [INFO] Valid: Epoch: [2][50/391]	Step 1173	Loss 1.4417	Prec@(1,5) (48.2%, 92.1%)
05/30 05:21:02PM searchStage_trainer.py:249 [INFO] Valid: Epoch: [2][100/391]	Step 1173	Loss 1.4504	Prec@(1,5) (47.8%, 92.8%)
05/30 05:21:05PM searchStage_trainer.py:249 [INFO] Valid: Epoch: [2][150/391]	Step 1173	Loss 1.4493	Prec@(1,5) (47.7%, 92.8%)
05/30 05:21:08PM searchStage_trainer.py:249 [INFO] Valid: Epoch: [2][200/391]	Step 1173	Loss 1.4488	Prec@(1,5) (47.5%, 92.8%)
05/30 05:21:10PM searchStage_trainer.py:249 [INFO] Valid: Epoch: [2][250/391]	Step 1173	Loss 1.4547	Prec@(1,5) (47.3%, 92.9%)
05/30 05:21:13PM searchStage_trainer.py:249 [INFO] Valid: Epoch: [2][300/391]	Step 1173	Loss 1.4550	Prec@(1,5) (47.5%, 92.7%)
05/30 05:21:16PM searchStage_trainer.py:249 [INFO] Valid: Epoch: [2][350/391]	Step 1173	Loss 1.4627	Prec@(1,5) (47.1%, 92.6%)
05/30 05:21:18PM searchStage_trainer.py:249 [INFO] Valid: Epoch: [2][390/391]	Step 1173	Loss 1.4648	Prec@(1,5) (47.1%, 92.6%)
05/30 05:21:18PM searchStage_trainer.py:260 [INFO] Valid: [  2/49] Final Prec@1 47.0960%
05/30 05:21:18PM searchStage_main.py:59 [INFO] DAG = Genotype2(DAG1=[[('avg_pool_3x3', 0), ('avg_pool_3x3', 1)], [('avg_pool_3x3', 2), ('avg_pool_3x3', 1)], [('avg_pool_3x3', 2), ('avg_pool_3x3', 3)], [('avg_pool_3x3', 4), ('avg_pool_3x3', 3)], [('avg_pool_3x3', 5), ('avg_pool_3x3', 4)], [('avg_pool_3x3', 6), ('avg_pool_3x3', 5)]], DAG1_concat=range(6, 8), DAG2=[[('max_pool_3x3', 0), ('avg_pool_3x3', 1)], [('avg_pool_3x3', 2), ('avg_pool_3x3', 0)], [('avg_pool_3x3', 3), ('avg_pool_3x3', 2)], [('avg_pool_3x3', 4), ('avg_pool_3x3', 3)], [('avg_pool_3x3', 5), ('avg_pool_3x3', 4)], [('avg_pool_3x3', 6), ('skip_connect', 5)]], DAG2_concat=range(6, 8), DAG3=[[('avg_pool_3x3', 1), ('max_pool_3x3', 0)], [('avg_pool_3x3', 2), ('skip_connect', 1)], [('skip_connect', 3), ('avg_pool_3x3', 2)], [('avg_pool_3x3', 4), ('skip_connect', 3)], [('max_pool_3x3', 5), ('max_pool_3x3', 4)], [('skip_connect', 5), ('skip_connect', 6)]], DAG3_concat=range(6, 8))
05/30 05:21:18PM searchStage_main.py:79 [INFO] Until now, best Prec@1 = 47.0960%
####### ALPHA #######
# Alpha - DAG
tensor([[0.2478, 0.2655, 0.2520, 0.2347],
        [0.2525, 0.2626, 0.2481, 0.2368]], device='cuda:0',
       grad_fn=<SoftmaxBackward0>)
tensor([[0.2505, 0.2622, 0.2504, 0.2369],
        [0.2498, 0.2624, 0.2581, 0.2297],
        [0.2528, 0.2734, 0.2347, 0.2391]], device='cuda:0',
       grad_fn=<SoftmaxBackward0>)
tensor([[0.2536, 0.2569, 0.2508, 0.2387],
        [0.2567, 0.2718, 0.2376, 0.2339],
        [0.2598, 0.2707, 0.2358, 0.2337]], device='cuda:0',
       grad_fn=<SoftmaxBackward0>)
tensor([[0.2530, 0.2672, 0.2412, 0.2387],
        [0.2548, 0.2663, 0.2445, 0.2345],
        [0.2534, 0.2656, 0.2412, 0.2399]], device='cuda:0',
       grad_fn=<SoftmaxBackward0>)
tensor([[0.2534, 0.2602, 0.2399, 0.2466],
        [0.2543, 0.2658, 0.2411, 0.2387],
        [0.2542, 0.2652, 0.2422, 0.2384]], device='cuda:0',
       grad_fn=<SoftmaxBackward0>)
tensor([[0.2514, 0.2620, 0.2442, 0.2424],
        [0.2557, 0.2627, 0.2423, 0.2394],
        [0.2535, 0.2623, 0.2397, 0.2445]], device='cuda:0',
       grad_fn=<SoftmaxBackward0>)
tensor([[0.2514, 0.2502, 0.2496, 0.2488],
        [0.2487, 0.2513, 0.2510, 0.2490]], device='cuda:0',
       grad_fn=<SoftmaxBackward0>)
tensor([[0.2508, 0.2519, 0.2505, 0.2468],
        [0.2507, 0.2497, 0.2498, 0.2498],
        [0.2504, 0.2516, 0.2491, 0.2489]], device='cuda:0',
       grad_fn=<SoftmaxBackward0>)
tensor([[0.2498, 0.2517, 0.2502, 0.2484],
        [0.2513, 0.2513, 0.2491, 0.2483],
        [0.2503, 0.2515, 0.2489, 0.2494]], device='cuda:0',
       grad_fn=<SoftmaxBackward0>)
tensor([[0.2508, 0.2511, 0.2493, 0.2488],
        [0.2506, 0.2512, 0.2491, 0.2491],
        [0.2503, 0.2509, 0.2498, 0.2490]], device='cuda:0',
       grad_fn=<SoftmaxBackward0>)
tensor([[0.2513, 0.2512, 0.2483, 0.2492],
        [0.2498, 0.2514, 0.2503, 0.2485],
        [0.2499, 0.2512, 0.2494, 0.2494]], device='cuda:0',
       grad_fn=<SoftmaxBackward0>)
tensor([[0.2501, 0.2509, 0.2492, 0.2498],
        [0.2498, 0.2509, 0.2512, 0.2481],
        [0.2500, 0.2508, 0.2487, 0.2505]], device='cuda:0',
       grad_fn=<SoftmaxBackward0>)
tensor([[0.2507, 0.2504, 0.2489, 0.2500],
        [0.2503, 0.2508, 0.2496, 0.2493]], device='cuda:0',
       grad_fn=<SoftmaxBackward0>)
tensor([[0.2495, 0.2508, 0.2506, 0.2492],
        [0.2479, 0.2502, 0.2510, 0.2508],
        [0.2491, 0.2506, 0.2505, 0.2497]], device='cuda:0',
       grad_fn=<SoftmaxBackward0>)
tensor([[0.2488, 0.2491, 0.2503, 0.2518],
        [0.2490, 0.2514, 0.2509, 0.2487],
        [0.2486, 0.2512, 0.2513, 0.2489]], device='cuda:0',
       grad_fn=<SoftmaxBackward0>)
tensor([[0.2497, 0.2507, 0.2505, 0.2492],
        [0.2481, 0.2514, 0.2520, 0.2485],
        [0.2488, 0.2503, 0.2488, 0.2522]], device='cuda:0',
       grad_fn=<SoftmaxBackward0>)
tensor([[0.2520, 0.2471, 0.2471, 0.2538],
        [0.2524, 0.2506, 0.2508, 0.2462],
        [0.2522, 0.2486, 0.2495, 0.2497]], device='cuda:0',
       grad_fn=<SoftmaxBackward0>)
tensor([[0.2491, 0.2520, 0.2505, 0.2484],
        [0.2461, 0.2508, 0.2537, 0.2494],
        [0.2477, 0.2499, 0.2507, 0.2517]], device='cuda:0',
       grad_fn=<SoftmaxBackward0>)
#####################
05/30 05:21:36PM searchStage_trainer.py:211 [INFO] Train: Epoch: [3][50/390]	Step 1223	lr 0.02479	Loss 1.4648 (1.3177)	Prec@(1,5) (52.0%, 94.1%)	
05/30 05:21:53PM searchStage_trainer.py:211 [INFO] Train: Epoch: [3][100/390]	Step 1273	lr 0.02479	Loss 1.2746 (1.3074)	Prec@(1,5) (52.0%, 94.5%)	
05/30 05:22:11PM searchStage_trainer.py:211 [INFO] Train: Epoch: [3][150/390]	Step 1323	lr 0.02479	Loss 1.3030 (1.2961)	Prec@(1,5) (52.5%, 94.5%)	
05/30 05:22:28PM searchStage_trainer.py:211 [INFO] Train: Epoch: [3][200/390]	Step 1373	lr 0.02479	Loss 1.1236 (1.2944)	Prec@(1,5) (52.8%, 94.5%)	
05/30 05:22:45PM searchStage_trainer.py:211 [INFO] Train: Epoch: [3][250/390]	Step 1423	lr 0.02479	Loss 1.3872 (1.2916)	Prec@(1,5) (53.1%, 94.3%)	
05/30 05:23:02PM searchStage_trainer.py:211 [INFO] Train: Epoch: [3][300/390]	Step 1473	lr 0.02479	Loss 1.2746 (1.2848)	Prec@(1,5) (53.6%, 94.3%)	
05/30 05:23:19PM searchStage_trainer.py:211 [INFO] Train: Epoch: [3][350/390]	Step 1523	lr 0.02479	Loss 1.0496 (1.2751)	Prec@(1,5) (54.0%, 94.4%)	
05/30 05:23:33PM searchStage_trainer.py:211 [INFO] Train: Epoch: [3][390/390]	Step 1563	lr 0.02479	Loss 1.2181 (1.2676)	Prec@(1,5) (54.2%, 94.5%)	
05/30 05:23:33PM searchStage_trainer.py:221 [INFO] Train: [  3/49] Final Prec@1 54.2080%
05/30 05:23:36PM searchStage_trainer.py:249 [INFO] Valid: Epoch: [3][50/391]	Step 1564	Loss 1.2500	Prec@(1,5) (54.9%, 94.3%)
05/30 05:23:39PM searchStage_trainer.py:249 [INFO] Valid: Epoch: [3][100/391]	Step 1564	Loss 1.2704	Prec@(1,5) (54.8%, 94.0%)
05/30 05:23:42PM searchStage_trainer.py:249 [INFO] Valid: Epoch: [3][150/391]	Step 1564	Loss 1.2607	Prec@(1,5) (55.3%, 94.1%)
05/30 05:23:44PM searchStage_trainer.py:249 [INFO] Valid: Epoch: [3][200/391]	Step 1564	Loss 1.2583	Prec@(1,5) (55.6%, 94.1%)
05/30 05:23:47PM searchStage_trainer.py:249 [INFO] Valid: Epoch: [3][250/391]	Step 1564	Loss 1.2658	Prec@(1,5) (55.4%, 94.2%)
05/30 05:23:50PM searchStage_trainer.py:249 [INFO] Valid: Epoch: [3][300/391]	Step 1564	Loss 1.2682	Prec@(1,5) (55.2%, 94.2%)
05/30 05:23:52PM searchStage_trainer.py:249 [INFO] Valid: Epoch: [3][350/391]	Step 1564	Loss 1.2728	Prec@(1,5) (55.1%, 94.2%)
05/30 05:23:55PM searchStage_trainer.py:249 [INFO] Valid: Epoch: [3][390/391]	Step 1564	Loss 1.2739	Prec@(1,5) (55.1%, 94.2%)
05/30 05:23:55PM searchStage_trainer.py:260 [INFO] Valid: [  3/49] Final Prec@1 55.1400%
05/30 05:23:55PM searchStage_main.py:59 [INFO] DAG = Genotype2(DAG1=[[('avg_pool_3x3', 0), ('avg_pool_3x3', 1)], [('avg_pool_3x3', 2), ('avg_pool_3x3', 0)], [('avg_pool_3x3', 3), ('avg_pool_3x3', 2)], [('avg_pool_3x3', 4), ('avg_pool_3x3', 3)], [('avg_pool_3x3', 5), ('avg_pool_3x3', 4)], [('avg_pool_3x3', 6), ('avg_pool_3x3', 5)]], DAG1_concat=range(6, 8), DAG2=[[('max_pool_3x3', 0), ('avg_pool_3x3', 1)], [('avg_pool_3x3', 2), ('avg_pool_3x3', 0)], [('avg_pool_3x3', 3), ('avg_pool_3x3', 2)], [('avg_pool_3x3', 4), ('avg_pool_3x3', 3)], [('avg_pool_3x3', 5), ('avg_pool_3x3', 4)], [('avg_pool_3x3', 6), ('skip_connect', 5)]], DAG2_concat=range(6, 8), DAG3=[[('avg_pool_3x3', 1), ('max_pool_3x3', 0)], [('avg_pool_3x3', 2), ('skip_connect', 1)], [('avg_pool_3x3', 3), ('avg_pool_3x3', 2)], [('avg_pool_3x3', 4), ('skip_connect', 3)], [('max_pool_3x3', 5), ('max_pool_3x3', 4)], [('skip_connect', 5), ('skip_connect', 6)]], DAG3_concat=range(6, 8))
05/30 05:23:55PM searchStage_main.py:79 [INFO] Until now, best Prec@1 = 55.1400%
####### ALPHA #######
# Alpha - DAG
tensor([[0.2467, 0.2720, 0.2526, 0.2287],
        [0.2520, 0.2692, 0.2472, 0.2316]], device='cuda:0',
       grad_fn=<SoftmaxBackward0>)
tensor([[0.2514, 0.2686, 0.2502, 0.2298],
        [0.2501, 0.2676, 0.2575, 0.2248],
        [0.2537, 0.2819, 0.2299, 0.2346]], device='cuda:0',
       grad_fn=<SoftmaxBackward0>)
tensor([[0.2536, 0.2604, 0.2516, 0.2345],
        [0.2586, 0.2779, 0.2346, 0.2289],
        [0.2600, 0.2772, 0.2338, 0.2290]], device='cuda:0',
       grad_fn=<SoftmaxBackward0>)
tensor([[0.2533, 0.2718, 0.2393, 0.2356],
        [0.2563, 0.2718, 0.2417, 0.2303],
        [0.2540, 0.2699, 0.2398, 0.2363]], device='cuda:0',
       grad_fn=<SoftmaxBackward0>)
tensor([[0.2551, 0.2639, 0.2372, 0.2437],
        [0.2546, 0.2688, 0.2400, 0.2365],
        [0.2548, 0.2693, 0.2412, 0.2348]], device='cuda:0',
       grad_fn=<SoftmaxBackward0>)
tensor([[0.2516, 0.2658, 0.2413, 0.2413],
        [0.2568, 0.2655, 0.2412, 0.2365],
        [0.2548, 0.2663, 0.2381, 0.2408]], device='cuda:0',
       grad_fn=<SoftmaxBackward0>)
tensor([[0.2513, 0.2502, 0.2498, 0.2486],
        [0.2486, 0.2515, 0.2511, 0.2489]], device='cuda:0',
       grad_fn=<SoftmaxBackward0>)
tensor([[0.2516, 0.2517, 0.2504, 0.2464],
        [0.2509, 0.2496, 0.2496, 0.2498],
        [0.2506, 0.2517, 0.2490, 0.2486]], device='cuda:0',
       grad_fn=<SoftmaxBackward0>)
tensor([[0.2496, 0.2518, 0.2499, 0.2487],
        [0.2513, 0.2517, 0.2493, 0.2477],
        [0.2501, 0.2516, 0.2490, 0.2493]], device='cuda:0',
       grad_fn=<SoftmaxBackward0>)
tensor([[0.2507, 0.2512, 0.2492, 0.2489],
        [0.2506, 0.2513, 0.2490, 0.2490],
        [0.2503, 0.2510, 0.2501, 0.2486]], device='cuda:0',
       grad_fn=<SoftmaxBackward0>)
tensor([[0.2513, 0.2516, 0.2484, 0.2487],
        [0.2498, 0.2516, 0.2502, 0.2483],
        [0.2502, 0.2512, 0.2490, 0.2496]], device='cuda:0',
       grad_fn=<SoftmaxBackward0>)
tensor([[0.2501, 0.2510, 0.2489, 0.2500],
        [0.2497, 0.2512, 0.2515, 0.2476],
        [0.2500, 0.2509, 0.2487, 0.2504]], device='cuda:0',
       grad_fn=<SoftmaxBackward0>)
tensor([[0.2508, 0.2503, 0.2488, 0.2501],
        [0.2504, 0.2509, 0.2496, 0.2491]], device='cuda:0',
       grad_fn=<SoftmaxBackward0>)
tensor([[0.2490, 0.2511, 0.2508, 0.2490],
        [0.2474, 0.2504, 0.2512, 0.2510],
        [0.2488, 0.2509, 0.2506, 0.2497]], device='cuda:0',
       grad_fn=<SoftmaxBackward0>)
tensor([[0.2484, 0.2489, 0.2505, 0.2521],
        [0.2488, 0.2516, 0.2511, 0.2485],
        [0.2483, 0.2515, 0.2514, 0.2488]], device='cuda:0',
       grad_fn=<SoftmaxBackward0>)
tensor([[0.2495, 0.2508, 0.2507, 0.2490],
        [0.2478, 0.2518, 0.2523, 0.2481],
        [0.2485, 0.2502, 0.2486, 0.2527]], device='cuda:0',
       grad_fn=<SoftmaxBackward0>)
tensor([[0.2525, 0.2464, 0.2464, 0.2546],
        [0.2530, 0.2507, 0.2509, 0.2454],
        [0.2527, 0.2481, 0.2495, 0.2497]], device='cuda:0',
       grad_fn=<SoftmaxBackward0>)
tensor([[0.2490, 0.2524, 0.2506, 0.2480],
        [0.2452, 0.2510, 0.2544, 0.2494],
        [0.2472, 0.2498, 0.2510, 0.2520]], device='cuda:0',
       grad_fn=<SoftmaxBackward0>)
#####################
05/30 05:24:13PM searchStage_trainer.py:211 [INFO] Train: Epoch: [4][50/390]	Step 1614	lr 0.02462	Loss 1.1018 (1.1858)	Prec@(1,5) (57.7%, 94.7%)	
05/30 05:24:31PM searchStage_trainer.py:211 [INFO] Train: Epoch: [4][100/390]	Step 1664	lr 0.02462	Loss 1.0586 (1.1683)	Prec@(1,5) (58.3%, 95.0%)	
05/30 05:24:48PM searchStage_trainer.py:211 [INFO] Train: Epoch: [4][150/390]	Step 1714	lr 0.02462	Loss 1.2753 (1.1678)	Prec@(1,5) (57.8%, 95.2%)	
05/30 05:25:05PM searchStage_trainer.py:211 [INFO] Train: Epoch: [4][200/390]	Step 1764	lr 0.02462	Loss 0.9594 (1.1608)	Prec@(1,5) (58.2%, 95.2%)	
05/30 05:25:23PM searchStage_trainer.py:211 [INFO] Train: Epoch: [4][250/390]	Step 1814	lr 0.02462	Loss 1.3139 (1.1588)	Prec@(1,5) (58.3%, 95.3%)	
05/30 05:25:40PM searchStage_trainer.py:211 [INFO] Train: Epoch: [4][300/390]	Step 1864	lr 0.02462	Loss 1.3570 (1.1564)	Prec@(1,5) (58.4%, 95.4%)	
05/30 05:25:57PM searchStage_trainer.py:211 [INFO] Train: Epoch: [4][350/390]	Step 1914	lr 0.02462	Loss 0.9162 (1.1524)	Prec@(1,5) (58.4%, 95.5%)	
05/30 05:26:10PM searchStage_trainer.py:211 [INFO] Train: Epoch: [4][390/390]	Step 1954	lr 0.02462	Loss 1.1055 (1.1533)	Prec@(1,5) (58.4%, 95.5%)	
05/30 05:26:11PM searchStage_trainer.py:221 [INFO] Train: [  4/49] Final Prec@1 58.4080%
05/30 05:26:14PM searchStage_trainer.py:249 [INFO] Valid: Epoch: [4][50/391]	Step 1955	Loss 1.1597	Prec@(1,5) (58.2%, 95.3%)
05/30 05:26:16PM searchStage_trainer.py:249 [INFO] Valid: Epoch: [4][100/391]	Step 1955	Loss 1.1577	Prec@(1,5) (58.7%, 95.0%)
05/30 05:26:19PM searchStage_trainer.py:249 [INFO] Valid: Epoch: [4][150/391]	Step 1955	Loss 1.1544	Prec@(1,5) (58.4%, 95.2%)
05/30 05:26:22PM searchStage_trainer.py:249 [INFO] Valid: Epoch: [4][200/391]	Step 1955	Loss 1.1578	Prec@(1,5) (58.4%, 94.9%)
05/30 05:26:24PM searchStage_trainer.py:249 [INFO] Valid: Epoch: [4][250/391]	Step 1955	Loss 1.1567	Prec@(1,5) (58.7%, 94.9%)
05/30 05:26:27PM searchStage_trainer.py:249 [INFO] Valid: Epoch: [4][300/391]	Step 1955	Loss 1.1578	Prec@(1,5) (58.7%, 95.0%)
05/30 05:26:30PM searchStage_trainer.py:249 [INFO] Valid: Epoch: [4][350/391]	Step 1955	Loss 1.1597	Prec@(1,5) (58.6%, 95.0%)
05/30 05:26:32PM searchStage_trainer.py:249 [INFO] Valid: Epoch: [4][390/391]	Step 1955	Loss 1.1569	Prec@(1,5) (58.8%, 95.0%)
05/30 05:26:32PM searchStage_trainer.py:260 [INFO] Valid: [  4/49] Final Prec@1 58.7960%
05/30 05:26:32PM searchStage_main.py:59 [INFO] DAG = Genotype2(DAG1=[[('avg_pool_3x3', 0), ('avg_pool_3x3', 1)], [('avg_pool_3x3', 2), ('avg_pool_3x3', 0)], [('avg_pool_3x3', 3), ('avg_pool_3x3', 2)], [('avg_pool_3x3', 4), ('avg_pool_3x3', 3)], [('avg_pool_3x3', 5), ('avg_pool_3x3', 4)], [('avg_pool_3x3', 6), ('avg_pool_3x3', 5)]], DAG1_concat=range(6, 8), DAG2=[[('max_pool_3x3', 0), ('avg_pool_3x3', 1)], [('avg_pool_3x3', 2), ('max_pool_3x3', 0)], [('avg_pool_3x3', 3), ('avg_pool_3x3', 2)], [('avg_pool_3x3', 4), ('avg_pool_3x3', 3)], [('avg_pool_3x3', 5), ('avg_pool_3x3', 4)], [('avg_pool_3x3', 6), ('skip_connect', 5)]], DAG2_concat=range(6, 8), DAG3=[[('max_pool_3x3', 0), ('avg_pool_3x3', 1)], [('avg_pool_3x3', 2), ('skip_connect', 1)], [('avg_pool_3x3', 3), ('avg_pool_3x3', 2)], [('avg_pool_3x3', 4), ('skip_connect', 3)], [('max_pool_3x3', 5), ('max_pool_3x3', 4)], [('skip_connect', 5), ('skip_connect', 6)]], DAG3_concat=range(6, 8))
05/30 05:26:32PM searchStage_main.py:79 [INFO] Until now, best Prec@1 = 58.7960%
####### ALPHA #######
# Alpha - DAG
tensor([[0.2453, 0.2809, 0.2521, 0.2217],
        [0.2507, 0.2745, 0.2471, 0.2278]], device='cuda:0',
       grad_fn=<SoftmaxBackward0>)
tensor([[0.2538, 0.2735, 0.2485, 0.2242],
        [0.2527, 0.2722, 0.2577, 0.2174],
        [0.2543, 0.2889, 0.2254, 0.2314]], device='cuda:0',
       grad_fn=<SoftmaxBackward0>)
tensor([[0.2544, 0.2640, 0.2522, 0.2295],
        [0.2599, 0.2829, 0.2311, 0.2261],
        [0.2603, 0.2824, 0.2328, 0.2246]], device='cuda:0',
       grad_fn=<SoftmaxBackward0>)
tensor([[0.2551, 0.2752, 0.2373, 0.2325],
        [0.2578, 0.2752, 0.2395, 0.2275],
        [0.2555, 0.2738, 0.2372, 0.2335]], device='cuda:0',
       grad_fn=<SoftmaxBackward0>)
tensor([[0.2569, 0.2666, 0.2339, 0.2426],
        [0.2559, 0.2723, 0.2392, 0.2326],
        [0.2567, 0.2719, 0.2392, 0.2322]], device='cuda:0',
       grad_fn=<SoftmaxBackward0>)
tensor([[0.2531, 0.2688, 0.2389, 0.2392],
        [0.2597, 0.2688, 0.2380, 0.2335],
        [0.2560, 0.2693, 0.2356, 0.2391]], device='cuda:0',
       grad_fn=<SoftmaxBackward0>)
tensor([[0.2516, 0.2497, 0.2496, 0.2490],
        [0.2485, 0.2516, 0.2516, 0.2483]], device='cuda:0',
       grad_fn=<SoftmaxBackward0>)
tensor([[0.2520, 0.2517, 0.2503, 0.2461],
        [0.2511, 0.2499, 0.2498, 0.2491],
        [0.2509, 0.2516, 0.2487, 0.2489]], device='cuda:0',
       grad_fn=<SoftmaxBackward0>)
tensor([[0.2495, 0.2520, 0.2499, 0.2485],
        [0.2515, 0.2517, 0.2493, 0.2476],
        [0.2500, 0.2518, 0.2491, 0.2492]], device='cuda:0',
       grad_fn=<SoftmaxBackward0>)
tensor([[0.2509, 0.2511, 0.2491, 0.2489],
        [0.2507, 0.2514, 0.2491, 0.2488],
        [0.2504, 0.2510, 0.2501, 0.2486]], device='cuda:0',
       grad_fn=<SoftmaxBackward0>)
tensor([[0.2516, 0.2517, 0.2483, 0.2484],
        [0.2499, 0.2516, 0.2501, 0.2484],
        [0.2502, 0.2512, 0.2491, 0.2495]], device='cuda:0',
       grad_fn=<SoftmaxBackward0>)
tensor([[0.2500, 0.2511, 0.2489, 0.2500],
        [0.2499, 0.2512, 0.2517, 0.2473],
        [0.2500, 0.2510, 0.2485, 0.2505]], device='cuda:0',
       grad_fn=<SoftmaxBackward0>)
tensor([[0.2510, 0.2501, 0.2486, 0.2503],
        [0.2506, 0.2510, 0.2496, 0.2489]], device='cuda:0',
       grad_fn=<SoftmaxBackward0>)
tensor([[0.2487, 0.2514, 0.2511, 0.2488],
        [0.2469, 0.2506, 0.2515, 0.2511],
        [0.2486, 0.2510, 0.2507, 0.2497]], device='cuda:0',
       grad_fn=<SoftmaxBackward0>)
tensor([[0.2482, 0.2488, 0.2505, 0.2525],
        [0.2487, 0.2517, 0.2512, 0.2484],
        [0.2481, 0.2517, 0.2516, 0.2487]], device='cuda:0',
       grad_fn=<SoftmaxBackward0>)
tensor([[0.2495, 0.2509, 0.2507, 0.2489],
        [0.2476, 0.2519, 0.2525, 0.2479],
        [0.2485, 0.2502, 0.2484, 0.2530]], device='cuda:0',
       grad_fn=<SoftmaxBackward0>)
tensor([[0.2529, 0.2459, 0.2458, 0.2554],
        [0.2534, 0.2507, 0.2511, 0.2449],
        [0.2531, 0.2478, 0.2495, 0.2496]], device='cuda:0',
       grad_fn=<SoftmaxBackward0>)
tensor([[0.2488, 0.2528, 0.2507, 0.2478],
        [0.2445, 0.2512, 0.2550, 0.2493],
        [0.2468, 0.2498, 0.2511, 0.2523]], device='cuda:0',
       grad_fn=<SoftmaxBackward0>)
#####################
05/30 05:26:50PM searchStage_trainer.py:211 [INFO] Train: Epoch: [5][50/390]	Step 2005	lr 0.02441	Loss 1.1041 (1.0407)	Prec@(1,5) (63.2%, 96.0%)	
05/30 05:27:07PM searchStage_trainer.py:211 [INFO] Train: Epoch: [5][100/390]	Step 2055	lr 0.02441	Loss 0.9470 (1.0466)	Prec@(1,5) (62.2%, 96.2%)	
05/30 05:27:25PM searchStage_trainer.py:211 [INFO] Train: Epoch: [5][150/390]	Step 2105	lr 0.02441	Loss 0.9773 (1.0506)	Prec@(1,5) (61.9%, 96.3%)	
05/30 05:27:42PM searchStage_trainer.py:211 [INFO] Train: Epoch: [5][200/390]	Step 2155	lr 0.02441	Loss 0.9961 (1.0510)	Prec@(1,5) (62.0%, 96.3%)	
05/30 05:27:59PM searchStage_trainer.py:211 [INFO] Train: Epoch: [5][250/390]	Step 2205	lr 0.02441	Loss 1.2525 (1.0532)	Prec@(1,5) (61.9%, 96.3%)	
05/30 05:28:17PM searchStage_trainer.py:211 [INFO] Train: Epoch: [5][300/390]	Step 2255	lr 0.02441	Loss 1.1342 (1.0545)	Prec@(1,5) (62.1%, 96.4%)	
05/30 05:28:34PM searchStage_trainer.py:211 [INFO] Train: Epoch: [5][350/390]	Step 2305	lr 0.02441	Loss 1.2262 (1.0517)	Prec@(1,5) (62.4%, 96.4%)	
05/30 05:28:48PM searchStage_trainer.py:211 [INFO] Train: Epoch: [5][390/390]	Step 2345	lr 0.02441	Loss 0.8491 (1.0489)	Prec@(1,5) (62.5%, 96.4%)	
