05/31 03:39:16AM parser.py:28 [INFO] 
05/31 03:39:16AM parser.py:29 [INFO] Parameters:
05/31 03:39:16AM parser.py:31 [INFO] DAG_PATH=results/search_Stage/CIFAR10/SCRATCH_PDARTS_STAGESPEC/EXP-20240531-033916/DAG
05/31 03:39:16AM parser.py:31 [INFO] ALPHA_LR=0.0003
05/31 03:39:16AM parser.py:31 [INFO] ALPHA_WEIGHT_DECAY=0.001
05/31 03:39:16AM parser.py:31 [INFO] BATCH_SIZE=64
05/31 03:39:16AM parser.py:31 [INFO] CHECKPOINT_RESET=False
05/31 03:39:16AM parser.py:31 [INFO] DATA_PATH=../data/
05/31 03:39:16AM parser.py:31 [INFO] DATASET=CIFAR10
05/31 03:39:16AM parser.py:31 [INFO] EPOCHS=50
05/31 03:39:16AM parser.py:31 [INFO] EXP_NAME=EXP-20240531-033916
05/31 03:39:16AM parser.py:31 [INFO] GENOTYPE=Genotype(normal=[[('skip_connect', 0), ('dil_conv_3x3', 1)], [('skip_connect', 0), ('sep_conv_3x3', 1)], [('sep_conv_3x3', 1), ('sep_conv_3x3', 3)], [('sep_conv_3x3', 0), ('dil_conv_5x5', 4)]], normal_concat=range(2, 6), reduce=[[('avg_pool_3x3', 0), ('sep_conv_5x5', 1)], [('sep_conv_3x3', 0), ('dil_conv_5x5', 2)], [('max_pool_3x3', 0), ('dil_conv_3x3', 1)], [('dil_conv_3x3', 1), ('dil_conv_5x5', 3)]], reduce_concat=range(2, 6))
05/31 03:39:16AM parser.py:31 [INFO] GPUS=[1]
05/31 03:39:16AM parser.py:31 [INFO] INIT_CHANNELS=16
05/31 03:39:16AM parser.py:31 [INFO] LAYERS=20
05/31 03:39:16AM parser.py:31 [INFO] LOCAL_RANK=0
05/31 03:39:16AM parser.py:31 [INFO] LOGGER=<Logger H-DAS (INFO)>
05/31 03:39:16AM parser.py:31 [INFO] NAME=SCRATCH_PDARTS_STAGESPEC
05/31 03:39:16AM parser.py:31 [INFO] PATH=results/search_Stage/CIFAR10/SCRATCH_PDARTS_STAGESPEC/EXP-20240531-033916
05/31 03:39:16AM parser.py:31 [INFO] PRINT_FREQ=50
05/31 03:39:16AM parser.py:31 [INFO] RESUME_PATH=None
05/31 03:39:16AM parser.py:31 [INFO] SAVE=EXP
05/31 03:39:16AM parser.py:31 [INFO] SEED=2
05/31 03:39:16AM parser.py:31 [INFO] SHARE_STAGE=False
05/31 03:39:16AM parser.py:31 [INFO] SPEC_CELL=False
05/31 03:39:16AM parser.py:31 [INFO] TRAIN_PORTION=0.5
05/31 03:39:16AM parser.py:31 [INFO] W_GRAD_CLIP=5.0
05/31 03:39:16AM parser.py:31 [INFO] W_LR=0.025
05/31 03:39:16AM parser.py:31 [INFO] W_LR_MIN=0.001
05/31 03:39:16AM parser.py:31 [INFO] W_MOMENTUM=0.9
05/31 03:39:16AM parser.py:31 [INFO] W_WEIGHT_DECAY=0.0003
05/31 03:39:16AM parser.py:31 [INFO] WORKERS=4
05/31 03:39:16AM parser.py:32 [INFO] 
05/31 03:39:18AM searchStage_trainer.py:103 [INFO] --> No loaded checkpoint!
####### ALPHA #######
# Alpha - DAG
tensor([[0.2502, 0.2500, 0.2500, 0.2498],
        [0.2502, 0.2497, 0.2500, 0.2500]], device='cuda:1',
       grad_fn=<SoftmaxBackward0>)
tensor([[0.2499, 0.2497, 0.2503, 0.2501],
        [0.2499, 0.2499, 0.2502, 0.2500],
        [0.2502, 0.2499, 0.2500, 0.2499]], device='cuda:1',
       grad_fn=<SoftmaxBackward0>)
tensor([[0.2502, 0.2498, 0.2503, 0.2498],
        [0.2499, 0.2501, 0.2501, 0.2500],
        [0.2500, 0.2501, 0.2500, 0.2499]], device='cuda:1',
       grad_fn=<SoftmaxBackward0>)
tensor([[0.2499, 0.2501, 0.2501, 0.2499],
        [0.2497, 0.2504, 0.2499, 0.2501],
        [0.2501, 0.2501, 0.2501, 0.2497]], device='cuda:1',
       grad_fn=<SoftmaxBackward0>)
tensor([[0.2498, 0.2501, 0.2499, 0.2502],
        [0.2502, 0.2499, 0.2499, 0.2500],
        [0.2498, 0.2501, 0.2502, 0.2499]], device='cuda:1',
       grad_fn=<SoftmaxBackward0>)
tensor([[0.2500, 0.2502, 0.2496, 0.2502],
        [0.2504, 0.2499, 0.2499, 0.2498],
        [0.2501, 0.2501, 0.2497, 0.2502]], device='cuda:1',
       grad_fn=<SoftmaxBackward0>)
tensor([[0.2495, 0.2500, 0.2501, 0.2503],
        [0.2501, 0.2498, 0.2503, 0.2498]], device='cuda:1',
       grad_fn=<SoftmaxBackward0>)
tensor([[0.2497, 0.2497, 0.2503, 0.2502],
        [0.2497, 0.2501, 0.2500, 0.2502],
        [0.2504, 0.2500, 0.2498, 0.2499]], device='cuda:1',
       grad_fn=<SoftmaxBackward0>)
tensor([[0.2496, 0.2502, 0.2500, 0.2502],
        [0.2500, 0.2503, 0.2497, 0.2499],
        [0.2497, 0.2498, 0.2502, 0.2503]], device='cuda:1',
       grad_fn=<SoftmaxBackward0>)
tensor([[0.2499, 0.2503, 0.2498, 0.2500],
        [0.2497, 0.2501, 0.2501, 0.2501],
        [0.2498, 0.2499, 0.2500, 0.2503]], device='cuda:1',
       grad_fn=<SoftmaxBackward0>)
tensor([[0.2499, 0.2499, 0.2502, 0.2501],
        [0.2503, 0.2500, 0.2499, 0.2498],
        [0.2502, 0.2501, 0.2497, 0.2500]], device='cuda:1',
       grad_fn=<SoftmaxBackward0>)
tensor([[0.2497, 0.2499, 0.2505, 0.2499],
        [0.2497, 0.2500, 0.2501, 0.2501],
        [0.2501, 0.2503, 0.2496, 0.2499]], device='cuda:1',
       grad_fn=<SoftmaxBackward0>)
tensor([[0.2500, 0.2497, 0.2502, 0.2501],
        [0.2497, 0.2500, 0.2502, 0.2501]], device='cuda:1',
       grad_fn=<SoftmaxBackward0>)
tensor([[0.2498, 0.2498, 0.2502, 0.2502],
        [0.2500, 0.2500, 0.2498, 0.2502],
        [0.2496, 0.2503, 0.2503, 0.2499]], device='cuda:1',
       grad_fn=<SoftmaxBackward0>)
tensor([[0.2501, 0.2500, 0.2502, 0.2498],
        [0.2497, 0.2498, 0.2504, 0.2501],
        [0.2501, 0.2500, 0.2499, 0.2500]], device='cuda:1',
       grad_fn=<SoftmaxBackward0>)
tensor([[0.2502, 0.2503, 0.2497, 0.2498],
        [0.2501, 0.2495, 0.2503, 0.2500],
        [0.2499, 0.2502, 0.2501, 0.2499]], device='cuda:1',
       grad_fn=<SoftmaxBackward0>)
tensor([[0.2502, 0.2501, 0.2499, 0.2498],
        [0.2502, 0.2500, 0.2496, 0.2502],
        [0.2498, 0.2502, 0.2500, 0.2499]], device='cuda:1',
       grad_fn=<SoftmaxBackward0>)
tensor([[0.2500, 0.2499, 0.2499, 0.2502],
        [0.2499, 0.2504, 0.2497, 0.2500],
        [0.2497, 0.2500, 0.2501, 0.2502]], device='cuda:1',
       grad_fn=<SoftmaxBackward0>)
#####################
05/31 03:39:49AM searchStage_trainer.py:211 [INFO] Train: Epoch: [0][50/390]	Step 50	lr 0.025	Loss 2.3285 (2.3766)	Prec@(1,5) (13.3%, 58.9%)	
05/31 03:40:17AM searchStage_trainer.py:211 [INFO] Train: Epoch: [0][100/390]	Step 100	lr 0.025	Loss 1.9827 (2.2786)	Prec@(1,5) (17.5%, 66.9%)	
05/31 03:40:45AM searchStage_trainer.py:211 [INFO] Train: Epoch: [0][150/390]	Step 150	lr 0.025	Loss 1.8960 (2.2074)	Prec@(1,5) (19.2%, 70.9%)	
05/31 03:41:13AM searchStage_trainer.py:211 [INFO] Train: Epoch: [0][200/390]	Step 200	lr 0.025	Loss 1.8934 (2.1299)	Prec@(1,5) (21.1%, 74.2%)	
05/31 03:41:41AM searchStage_trainer.py:211 [INFO] Train: Epoch: [0][250/390]	Step 250	lr 0.025	Loss 1.8890 (2.0731)	Prec@(1,5) (23.2%, 76.4%)	
05/31 03:42:08AM searchStage_trainer.py:211 [INFO] Train: Epoch: [0][300/390]	Step 300	lr 0.025	Loss 1.7736 (2.0170)	Prec@(1,5) (25.1%, 78.3%)	
05/31 03:42:36AM searchStage_trainer.py:211 [INFO] Train: Epoch: [0][350/390]	Step 350	lr 0.025	Loss 1.5628 (1.9777)	Prec@(1,5) (26.4%, 79.5%)	
05/31 03:42:59AM searchStage_trainer.py:211 [INFO] Train: Epoch: [0][390/390]	Step 390	lr 0.025	Loss 1.6733 (1.9483)	Prec@(1,5) (27.4%, 80.4%)	
05/31 03:43:00AM searchStage_trainer.py:221 [INFO] Train: [  0/49] Final Prec@1 27.4480%
05/31 03:43:05AM searchStage_trainer.py:249 [INFO] Valid: Epoch: [0][50/391]	Step 391	Loss 1.7181	Prec@(1,5) (36.2%, 87.4%)
05/31 03:43:10AM searchStage_trainer.py:249 [INFO] Valid: Epoch: [0][100/391]	Step 391	Loss 1.7227	Prec@(1,5) (35.8%, 87.5%)
05/31 03:43:14AM searchStage_trainer.py:249 [INFO] Valid: Epoch: [0][150/391]	Step 391	Loss 1.7349	Prec@(1,5) (35.5%, 87.4%)
05/31 03:43:19AM searchStage_trainer.py:249 [INFO] Valid: Epoch: [0][200/391]	Step 391	Loss 1.7251	Prec@(1,5) (35.8%, 87.4%)
05/31 03:43:23AM searchStage_trainer.py:249 [INFO] Valid: Epoch: [0][250/391]	Step 391	Loss 1.7306	Prec@(1,5) (35.6%, 87.4%)
05/31 03:43:28AM searchStage_trainer.py:249 [INFO] Valid: Epoch: [0][300/391]	Step 391	Loss 1.7281	Prec@(1,5) (35.7%, 87.5%)
05/31 03:43:33AM searchStage_trainer.py:249 [INFO] Valid: Epoch: [0][350/391]	Step 391	Loss 1.7248	Prec@(1,5) (35.9%, 87.6%)
05/31 03:43:36AM searchStage_trainer.py:249 [INFO] Valid: Epoch: [0][390/391]	Step 391	Loss 1.7251	Prec@(1,5) (35.9%, 87.7%)
05/31 03:43:37AM searchStage_trainer.py:260 [INFO] Valid: [  0/49] Final Prec@1 35.9080%
05/31 03:43:37AM searchStage_main.py:59 [INFO] DAG = Genotype2(DAG1=[[('skip_connect', 1), ('avg_pool_3x3', 0)], [('avg_pool_3x3', 2), ('skip_connect', 0)], [('avg_pool_3x3', 3), ('avg_pool_3x3', 2)], [('avg_pool_3x3', 3), ('avg_pool_3x3', 2)], [('avg_pool_3x3', 5), ('avg_pool_3x3', 3)], [('avg_pool_3x3', 6), ('avg_pool_3x3', 4)]], DAG1_concat=range(6, 8), DAG2=[[('avg_pool_3x3', 1), ('avg_pool_3x3', 0)], [('avg_pool_3x3', 2), ('avg_pool_3x3', 1)], [('avg_pool_3x3', 3), ('max_pool_3x3', 2)], [('max_pool_3x3', 4), ('avg_pool_3x3', 2)], [('max_pool_3x3', 4), ('avg_pool_3x3', 3)], [('max_pool_3x3', 6), ('skip_connect', 4)]], DAG2_concat=range(6, 8), DAG3=[[('skip_connect', 0), ('skip_connect', 1)], [('skip_connect', 2), ('skip_connect', 0)], [('skip_connect', 2), ('skip_connect', 3)], [('max_pool_3x3', 3), ('avg_pool_3x3', 2)], [('skip_connect', 5), ('max_pool_3x3', 3)], [('avg_pool_3x3', 5), ('skip_connect', 6)]], DAG3_concat=range(6, 8))
05/31 03:43:37AM searchStage_main.py:79 [INFO] Until now, best Prec@1 = 35.9080%
####### ALPHA #######
# Alpha - DAG
tensor([[0.2511, 0.2529, 0.2524, 0.2437],
        [0.2484, 0.2520, 0.2531, 0.2464]], device='cuda:1',
       grad_fn=<SoftmaxBackward0>)
tensor([[0.2495, 0.2521, 0.2539, 0.2445],
        [0.2517, 0.2521, 0.2525, 0.2437],
        [0.2525, 0.2589, 0.2468, 0.2418]], device='cuda:1',
       grad_fn=<SoftmaxBackward0>)
tensor([[0.2516, 0.2527, 0.2495, 0.2462],
        [0.2533, 0.2564, 0.2458, 0.2445],
        [0.2542, 0.2563, 0.2464, 0.2431]], device='cuda:1',
       grad_fn=<SoftmaxBackward0>)
tensor([[0.2523, 0.2554, 0.2484, 0.2439],
        [0.2514, 0.2558, 0.2501, 0.2427],
        [0.2527, 0.2561, 0.2453, 0.2459]], device='cuda:1',
       grad_fn=<SoftmaxBackward0>)
tensor([[0.2523, 0.2543, 0.2461, 0.2473],
        [0.2523, 0.2545, 0.2479, 0.2453],
        [0.2515, 0.2553, 0.2487, 0.2446]], device='cuda:1',
       grad_fn=<SoftmaxBackward0>)
tensor([[0.2527, 0.2544, 0.2463, 0.2466],
        [0.2519, 0.2536, 0.2478, 0.2467],
        [0.2510, 0.2545, 0.2485, 0.2460]], device='cuda:1',
       grad_fn=<SoftmaxBackward0>)
tensor([[0.2491, 0.2504, 0.2503, 0.2503],
        [0.2498, 0.2508, 0.2504, 0.2490]], device='cuda:1',
       grad_fn=<SoftmaxBackward0>)
tensor([[0.2496, 0.2494, 0.2505, 0.2506],
        [0.2504, 0.2513, 0.2494, 0.2489],
        [0.2509, 0.2509, 0.2491, 0.2491]], device='cuda:1',
       grad_fn=<SoftmaxBackward0>)
tensor([[0.2495, 0.2504, 0.2506, 0.2495],
        [0.2507, 0.2506, 0.2496, 0.2492],
        [0.2503, 0.2506, 0.2496, 0.2496]], device='cuda:1',
       grad_fn=<SoftmaxBackward0>)
tensor([[0.2499, 0.2507, 0.2501, 0.2493],
        [0.2502, 0.2505, 0.2498, 0.2495],
        [0.2507, 0.2502, 0.2492, 0.2499]], device='cuda:1',
       grad_fn=<SoftmaxBackward0>)
tensor([[0.2501, 0.2507, 0.2494, 0.2497],
        [0.2506, 0.2505, 0.2505, 0.2484],
        [0.2505, 0.2503, 0.2486, 0.2507]], device='cuda:1',
       grad_fn=<SoftmaxBackward0>)
tensor([[0.2496, 0.2499, 0.2504, 0.2501],
        [0.2498, 0.2504, 0.2503, 0.2495],
        [0.2506, 0.2505, 0.2493, 0.2497]], device='cuda:1',
       grad_fn=<SoftmaxBackward0>)
tensor([[0.2499, 0.2495, 0.2506, 0.2500],
        [0.2496, 0.2500, 0.2502, 0.2502]], device='cuda:1',
       grad_fn=<SoftmaxBackward0>)
tensor([[0.2498, 0.2499, 0.2502, 0.2501],
        [0.2500, 0.2502, 0.2501, 0.2497],
        [0.2496, 0.2500, 0.2500, 0.2504]], device='cuda:1',
       grad_fn=<SoftmaxBackward0>)
tensor([[0.2501, 0.2493, 0.2502, 0.2503],
        [0.2495, 0.2497, 0.2510, 0.2497],
        [0.2499, 0.2501, 0.2505, 0.2496]], device='cuda:1',
       grad_fn=<SoftmaxBackward0>)
tensor([[0.2503, 0.2504, 0.2498, 0.2495],
        [0.2504, 0.2491, 0.2503, 0.2502],
        [0.2500, 0.2501, 0.2500, 0.2499]], device='cuda:1',
       grad_fn=<SoftmaxBackward0>)
tensor([[0.2507, 0.2495, 0.2500, 0.2499],
        [0.2500, 0.2496, 0.2501, 0.2503],
        [0.2499, 0.2501, 0.2505, 0.2496]], device='cuda:1',
       grad_fn=<SoftmaxBackward0>)
tensor([[0.2496, 0.2495, 0.2491, 0.2517],
        [0.2496, 0.2509, 0.2503, 0.2493],
        [0.2499, 0.2500, 0.2509, 0.2493]], device='cuda:1',
       grad_fn=<SoftmaxBackward0>)
#####################
05/31 03:44:06午前 searchStage_trainer.py:211 [INFO] Train: Epoch: [1][50/390]	Step 441	lr 0.02498	Loss 1.6863 (1.6617)	Prec@(1,5) (37.6%, 89.6%)	
05/31 03:44:35午前 searchStage_trainer.py:211 [INFO] Train: Epoch: [1][100/390]	Step 491	lr 0.02498	Loss 1.4649 (1.6314)	Prec@(1,5) (39.0%, 90.1%)	
05/31 03:45:03午前 searchStage_trainer.py:211 [INFO] Train: Epoch: [1][150/390]	Step 541	lr 0.02498	Loss 1.5117 (1.6225)	Prec@(1,5) (39.3%, 89.9%)	
05/31 03:45:31午前 searchStage_trainer.py:211 [INFO] Train: Epoch: [1][200/390]	Step 591	lr 0.02498	Loss 1.4764 (1.6137)	Prec@(1,5) (39.7%, 90.2%)	
05/31 03:45:59午前 searchStage_trainer.py:211 [INFO] Train: Epoch: [1][250/390]	Step 641	lr 0.02498	Loss 1.2951 (1.5922)	Prec@(1,5) (40.4%, 90.4%)	
05/31 03:46:26午前 searchStage_trainer.py:211 [INFO] Train: Epoch: [1][300/390]	Step 691	lr 0.02498	Loss 1.4273 (1.5858)	Prec@(1,5) (40.9%, 90.5%)	
05/31 03:46:54午前 searchStage_trainer.py:211 [INFO] Train: Epoch: [1][350/390]	Step 741	lr 0.02498	Loss 1.4458 (1.5710)	Prec@(1,5) (41.6%, 90.7%)	
05/31 03:47:16午前 searchStage_trainer.py:211 [INFO] Train: Epoch: [1][390/390]	Step 781	lr 0.02498	Loss 1.4083 (1.5654)	Prec@(1,5) (41.9%, 90.7%)	
05/31 03:47:17午前 searchStage_trainer.py:221 [INFO] Train: [  1/49] Final Prec@1 41.9320%
05/31 03:47:21午前 searchStage_trainer.py:249 [INFO] Valid: Epoch: [1][50/391]	Step 782	Loss 1.5163	Prec@(1,5) (43.5%, 91.7%)
05/31 03:47:26午前 searchStage_trainer.py:249 [INFO] Valid: Epoch: [1][100/391]	Step 782	Loss 1.5319	Prec@(1,5) (42.8%, 91.6%)
05/31 03:47:31午前 searchStage_trainer.py:249 [INFO] Valid: Epoch: [1][150/391]	Step 782	Loss 1.5340	Prec@(1,5) (42.9%, 91.7%)
05/31 03:47:35午前 searchStage_trainer.py:249 [INFO] Valid: Epoch: [1][200/391]	Step 782	Loss 1.5315	Prec@(1,5) (43.3%, 91.6%)
05/31 03:47:40午前 searchStage_trainer.py:249 [INFO] Valid: Epoch: [1][250/391]	Step 782	Loss 1.5356	Prec@(1,5) (43.1%, 91.5%)
05/31 03:47:44午前 searchStage_trainer.py:249 [INFO] Valid: Epoch: [1][300/391]	Step 782	Loss 1.5342	Prec@(1,5) (43.1%, 91.5%)
05/31 03:47:49午前 searchStage_trainer.py:249 [INFO] Valid: Epoch: [1][350/391]	Step 782	Loss 1.5348	Prec@(1,5) (43.1%, 91.4%)
05/31 03:47:53午前 searchStage_trainer.py:249 [INFO] Valid: Epoch: [1][390/391]	Step 782	Loss 1.5340	Prec@(1,5) (43.2%, 91.5%)
05/31 03:47:53午前 searchStage_trainer.py:260 [INFO] Valid: [  1/49] Final Prec@1 43.1720%
05/31 03:47:53午前 searchStage_main.py:59 [INFO] DAG = Genotype2(DAG1=[[('avg_pool_3x3', 0), ('avg_pool_3x3', 1)], [('avg_pool_3x3', 2), ('avg_pool_3x3', 0)], [('avg_pool_3x3', 3), ('avg_pool_3x3', 2)], [('avg_pool_3x3', 3), ('avg_pool_3x3', 2)], [('avg_pool_3x3', 5), ('avg_pool_3x3', 4)], [('avg_pool_3x3', 6), ('avg_pool_3x3', 5)]], DAG1_concat=range(6, 8), DAG2=[[('avg_pool_3x3', 0), ('avg_pool_3x3', 1)], [('avg_pool_3x3', 2), ('avg_pool_3x3', 1)], [('avg_pool_3x3', 3), ('max_pool_3x3', 2)], [('max_pool_3x3', 4), ('avg_pool_3x3', 3)], [('max_pool_3x3', 5), ('max_pool_3x3', 4)], [('avg_pool_3x3', 5), ('avg_pool_3x3', 6)]], DAG2_concat=range(6, 8), DAG3=[[('skip_connect', 0), ('skip_connect', 1)], [('avg_pool_3x3', 2), ('skip_connect', 0)], [('skip_connect', 2), ('skip_connect', 3)], [('max_pool_3x3', 3), ('skip_connect', 4)], [('skip_connect', 5), ('skip_connect', 4)], [('skip_connect', 6), ('avg_pool_3x3', 5)]], DAG3_concat=range(6, 8))
05/31 03:47:53午前 searchStage_main.py:79 [INFO] Until now, best Prec@1 = 43.1720%
####### ALPHA #######
# Alpha - DAG
tensor([[0.2517, 0.2569, 0.2518, 0.2395],
        [0.2497, 0.2566, 0.2538, 0.2400]], device='cuda:1',
       grad_fn=<SoftmaxBackward0>)
tensor([[0.2509, 0.2574, 0.2570, 0.2347],
        [0.2515, 0.2571, 0.2527, 0.2388],
        [0.2559, 0.2696, 0.2405, 0.2341]], device='cuda:1',
       grad_fn=<SoftmaxBackward0>)
tensor([[0.2525, 0.2558, 0.2514, 0.2402],
        [0.2570, 0.2632, 0.2421, 0.2377],
        [0.2581, 0.2631, 0.2419, 0.2369]], device='cuda:1',
       grad_fn=<SoftmaxBackward0>)
tensor([[0.2552, 0.2614, 0.2482, 0.2352],
        [0.2531, 0.2617, 0.2486, 0.2366],
        [0.2556, 0.2616, 0.2411, 0.2417]], device='cuda:1',
       grad_fn=<SoftmaxBackward0>)
tensor([[0.2548, 0.2586, 0.2426, 0.2441],
        [0.2560, 0.2599, 0.2436, 0.2404],
        [0.2528, 0.2612, 0.2471, 0.2388]], device='cuda:1',
       grad_fn=<SoftmaxBackward0>)
tensor([[0.2556, 0.2590, 0.2425, 0.2429],
        [0.2541, 0.2582, 0.2460, 0.2417],
        [0.2535, 0.2593, 0.2451, 0.2421]], device='cuda:1',
       grad_fn=<SoftmaxBackward0>)
tensor([[0.2494, 0.2510, 0.2501, 0.2495],
        [0.2503, 0.2503, 0.2501, 0.2493]], device='cuda:1',
       grad_fn=<SoftmaxBackward0>)
tensor([[0.2494, 0.2495, 0.2511, 0.2499],
        [0.2505, 0.2525, 0.2492, 0.2479],
        [0.2508, 0.2518, 0.2484, 0.2490]], device='cuda:1',
       grad_fn=<SoftmaxBackward0>)
tensor([[0.2501, 0.2505, 0.2511, 0.2483],
        [0.2510, 0.2505, 0.2483, 0.2502],
        [0.2503, 0.2512, 0.2504, 0.2480]], device='cuda:1',
       grad_fn=<SoftmaxBackward0>)
tensor([[0.2503, 0.2514, 0.2500, 0.2483],
        [0.2502, 0.2510, 0.2491, 0.2497],
        [0.2507, 0.2505, 0.2494, 0.2494]], device='cuda:1',
       grad_fn=<SoftmaxBackward0>)
tensor([[0.2507, 0.2510, 0.2487, 0.2496],
        [0.2510, 0.2506, 0.2503, 0.2481],
        [0.2509, 0.2506, 0.2486, 0.2500]], device='cuda:1',
       grad_fn=<SoftmaxBackward0>)
tensor([[0.2498, 0.2499, 0.2496, 0.2506],
        [0.2500, 0.2508, 0.2508, 0.2483],
        [0.2506, 0.2507, 0.2492, 0.2496]], device='cuda:1',
       grad_fn=<SoftmaxBackward0>)
tensor([[0.2499, 0.2495, 0.2507, 0.2499],
        [0.2495, 0.2497, 0.2505, 0.2502]], device='cuda:1',
       grad_fn=<SoftmaxBackward0>)
tensor([[0.2494, 0.2500, 0.2506, 0.2501],
        [0.2499, 0.2505, 0.2504, 0.2492],
        [0.2495, 0.2499, 0.2498, 0.2508]], device='cuda:1',
       grad_fn=<SoftmaxBackward0>)
tensor([[0.2500, 0.2489, 0.2505, 0.2507],
        [0.2494, 0.2497, 0.2515, 0.2495],
        [0.2497, 0.2501, 0.2507, 0.2495]], device='cuda:1',
       grad_fn=<SoftmaxBackward0>)
tensor([[0.2503, 0.2506, 0.2499, 0.2492],
        [0.2506, 0.2488, 0.2501, 0.2505],
        [0.2501, 0.2500, 0.2502, 0.2498]], device='cuda:1',
       grad_fn=<SoftmaxBackward0>)
tensor([[0.2511, 0.2488, 0.2499, 0.2502],
        [0.2499, 0.2494, 0.2506, 0.2501],
        [0.2501, 0.2499, 0.2507, 0.2493]], device='cuda:1',
       grad_fn=<SoftmaxBackward0>)
tensor([[0.2491, 0.2493, 0.2486, 0.2530],
        [0.2492, 0.2512, 0.2509, 0.2487],
        [0.2500, 0.2499, 0.2516, 0.2485]], device='cuda:1',
       grad_fn=<SoftmaxBackward0>)
#####################
05/31 03:48:22午前 searchStage_trainer.py:211 [INFO] Train: Epoch: [2][50/390]	Step 832	lr 0.02491	Loss 1.4281 (1.3974)	Prec@(1,5) (48.3%, 93.4%)	
05/31 03:48:50午前 searchStage_trainer.py:211 [INFO] Train: Epoch: [2][100/390]	Step 882	lr 0.02491	Loss 1.4336 (1.4113)	Prec@(1,5) (48.2%, 93.1%)	
05/31 03:49:18午前 searchStage_trainer.py:211 [INFO] Train: Epoch: [2][150/390]	Step 932	lr 0.02491	Loss 1.3990 (1.3987)	Prec@(1,5) (48.8%, 93.1%)	
05/31 03:49:46午前 searchStage_trainer.py:211 [INFO] Train: Epoch: [2][200/390]	Step 982	lr 0.02491	Loss 1.3277 (1.3959)	Prec@(1,5) (49.0%, 93.1%)	
05/31 03:50:14午前 searchStage_trainer.py:211 [INFO] Train: Epoch: [2][250/390]	Step 1032	lr 0.02491	Loss 1.1992 (1.3890)	Prec@(1,5) (49.2%, 93.2%)	
05/31 03:50:41午前 searchStage_trainer.py:211 [INFO] Train: Epoch: [2][300/390]	Step 1082	lr 0.02491	Loss 1.3035 (1.3820)	Prec@(1,5) (49.5%, 93.4%)	
05/31 03:51:09午前 searchStage_trainer.py:211 [INFO] Train: Epoch: [2][350/390]	Step 1132	lr 0.02491	Loss 1.6788 (1.3747)	Prec@(1,5) (49.8%, 93.4%)	
05/31 03:51:32午前 searchStage_trainer.py:211 [INFO] Train: Epoch: [2][390/390]	Step 1172	lr 0.02491	Loss 1.2641 (1.3688)	Prec@(1,5) (50.1%, 93.5%)	
05/31 03:51:32午前 searchStage_trainer.py:221 [INFO] Train: [  2/49] Final Prec@1 50.1040%
05/31 03:51:37午前 searchStage_trainer.py:249 [INFO] Valid: Epoch: [2][50/391]	Step 1173	Loss 1.3226	Prec@(1,5) (52.5%, 93.5%)
05/31 03:51:42午前 searchStage_trainer.py:249 [INFO] Valid: Epoch: [2][100/391]	Step 1173	Loss 1.3403	Prec@(1,5) (51.1%, 93.4%)
05/31 03:51:46午前 searchStage_trainer.py:249 [INFO] Valid: Epoch: [2][150/391]	Step 1173	Loss 1.3411	Prec@(1,5) (51.3%, 93.4%)
05/31 03:51:51午前 searchStage_trainer.py:249 [INFO] Valid: Epoch: [2][200/391]	Step 1173	Loss 1.3477	Prec@(1,5) (51.2%, 93.3%)
05/31 03:51:55午前 searchStage_trainer.py:249 [INFO] Valid: Epoch: [2][250/391]	Step 1173	Loss 1.3497	Prec@(1,5) (51.1%, 93.2%)
05/31 03:52:00午前 searchStage_trainer.py:249 [INFO] Valid: Epoch: [2][300/391]	Step 1173	Loss 1.3524	Prec@(1,5) (51.0%, 93.3%)
05/31 03:52:05午前 searchStage_trainer.py:249 [INFO] Valid: Epoch: [2][350/391]	Step 1173	Loss 1.3536	Prec@(1,5) (51.0%, 93.3%)
05/31 03:52:08午前 searchStage_trainer.py:249 [INFO] Valid: Epoch: [2][390/391]	Step 1173	Loss 1.3518	Prec@(1,5) (51.0%, 93.3%)
05/31 03:52:08午前 searchStage_trainer.py:260 [INFO] Valid: [  2/49] Final Prec@1 51.0400%
05/31 03:52:08午前 searchStage_main.py:59 [INFO] DAG = Genotype2(DAG1=[[('avg_pool_3x3', 1), ('avg_pool_3x3', 0)], [('avg_pool_3x3', 2), ('avg_pool_3x3', 1)], [('avg_pool_3x3', 3), ('avg_pool_3x3', 2)], [('avg_pool_3x3', 4), ('avg_pool_3x3', 3)], [('avg_pool_3x3', 5), ('avg_pool_3x3', 4)], [('avg_pool_3x3', 6), ('avg_pool_3x3', 5)]], DAG1_concat=range(6, 8), DAG2=[[('avg_pool_3x3', 0), ('skip_connect', 1)], [('avg_pool_3x3', 2), ('avg_pool_3x3', 1)], [('avg_pool_3x3', 3), ('max_pool_3x3', 2)], [('max_pool_3x3', 4), ('avg_pool_3x3', 3)], [('max_pool_3x3', 5), ('max_pool_3x3', 4)], [('max_pool_3x3', 6), ('avg_pool_3x3', 5)]], DAG2_concat=range(6, 8), DAG3=[[('skip_connect', 0), ('skip_connect', 1)], [('avg_pool_3x3', 2), ('skip_connect', 0)], [('skip_connect', 3), ('skip_connect', 2)], [('skip_connect', 4), ('max_pool_3x3', 3)], [('skip_connect', 5), ('skip_connect', 4)], [('skip_connect', 6), ('avg_pool_3x3', 5)]], DAG3_concat=range(6, 8))
05/31 03:52:09午前 searchStage_main.py:79 [INFO] Until now, best Prec@1 = 51.0400%
####### ALPHA #######
# Alpha - DAG
tensor([[0.2546, 0.2629, 0.2504, 0.2321],
        [0.2477, 0.2634, 0.2544, 0.2346]], device='cuda:1',
       grad_fn=<SoftmaxBackward0>)
tensor([[0.2518, 0.2596, 0.2589, 0.2298],
        [0.2551, 0.2631, 0.2529, 0.2288],
        [0.2589, 0.2784, 0.2364, 0.2264]], device='cuda:1',
       grad_fn=<SoftmaxBackward0>)
tensor([[0.2548, 0.2589, 0.2521, 0.2342],
        [0.2601, 0.2709, 0.2394, 0.2296],
        [0.2611, 0.2697, 0.2381, 0.2311]], device='cuda:1',
       grad_fn=<SoftmaxBackward0>)
tensor([[0.2583, 0.2674, 0.2461, 0.2282],
        [0.2550, 0.2679, 0.2447, 0.2325],
        [0.2588, 0.2684, 0.2385, 0.2343]], device='cuda:1',
       grad_fn=<SoftmaxBackward0>)
tensor([[0.2546, 0.2648, 0.2412, 0.2394],
        [0.2598, 0.2649, 0.2396, 0.2357],
        [0.2548, 0.2672, 0.2445, 0.2335]], device='cuda:1',
       grad_fn=<SoftmaxBackward0>)
tensor([[0.2570, 0.2646, 0.2402, 0.2383],
        [0.2549, 0.2630, 0.2451, 0.2370],
        [0.2561, 0.2640, 0.2413, 0.2386]], device='cuda:1',
       grad_fn=<SoftmaxBackward0>)
tensor([[0.2486, 0.2514, 0.2509, 0.2491],
        [0.2498, 0.2502, 0.2507, 0.2493]], device='cuda:1',
       grad_fn=<SoftmaxBackward0>)
tensor([[0.2495, 0.2495, 0.2512, 0.2498],
        [0.2510, 0.2536, 0.2493, 0.2461],
        [0.2510, 0.2520, 0.2477, 0.2493]], device='cuda:1',
       grad_fn=<SoftmaxBackward0>)
tensor([[0.2506, 0.2501, 0.2511, 0.2482],
        [0.2517, 0.2501, 0.2473, 0.2509],
        [0.2508, 0.2519, 0.2510, 0.2463]], device='cuda:1',
       grad_fn=<SoftmaxBackward0>)
tensor([[0.2506, 0.2517, 0.2505, 0.2471],
        [0.2503, 0.2512, 0.2483, 0.2502],
        [0.2510, 0.2507, 0.2493, 0.2490]], device='cuda:1',
       grad_fn=<SoftmaxBackward0>)
tensor([[0.2510, 0.2516, 0.2483, 0.2491],
        [0.2512, 0.2508, 0.2507, 0.2472],
        [0.2509, 0.2507, 0.2478, 0.2505]], device='cuda:1',
       grad_fn=<SoftmaxBackward0>)
tensor([[0.2496, 0.2498, 0.2495, 0.2510],
        [0.2504, 0.2512, 0.2509, 0.2475],
        [0.2508, 0.2508, 0.2491, 0.2493]], device='cuda:1',
       grad_fn=<SoftmaxBackward0>)
tensor([[0.2498, 0.2495, 0.2509, 0.2498],
        [0.2494, 0.2496, 0.2506, 0.2504]], device='cuda:1',
       grad_fn=<SoftmaxBackward0>)
tensor([[0.2492, 0.2499, 0.2507, 0.2501],
        [0.2498, 0.2508, 0.2508, 0.2486],
        [0.2495, 0.2497, 0.2495, 0.2512]], device='cuda:1',
       grad_fn=<SoftmaxBackward0>)
tensor([[0.2499, 0.2485, 0.2506, 0.2509],
        [0.2492, 0.2496, 0.2518, 0.2493],
        [0.2496, 0.2501, 0.2510, 0.2494]], device='cuda:1',
       grad_fn=<SoftmaxBackward0>)
tensor([[0.2503, 0.2508, 0.2502, 0.2488],
        [0.2508, 0.2484, 0.2499, 0.2509],
        [0.2501, 0.2499, 0.2503, 0.2497]], device='cuda:1',
       grad_fn=<SoftmaxBackward0>)
tensor([[0.2515, 0.2483, 0.2500, 0.2502],
        [0.2498, 0.2492, 0.2510, 0.2500],
        [0.2502, 0.2498, 0.2508, 0.2492]], device='cuda:1',
       grad_fn=<SoftmaxBackward0>)
tensor([[0.2487, 0.2491, 0.2481, 0.2540],
        [0.2489, 0.2514, 0.2514, 0.2484],
        [0.2500, 0.2499, 0.2524, 0.2477]], device='cuda:1',
       grad_fn=<SoftmaxBackward0>)
#####################
05/31 03:52:38午前 searchStage_trainer.py:211 [INFO] Train: Epoch: [3][50/390]	Step 1223	lr 0.02479	Loss 1.0700 (1.2558)	Prec@(1,5) (53.6%, 94.5%)	
05/31 03:53:06午前 searchStage_trainer.py:211 [INFO] Train: Epoch: [3][100/390]	Step 1273	lr 0.02479	Loss 1.1395 (1.2435)	Prec@(1,5) (54.6%, 94.7%)	
05/31 03:53:34午前 searchStage_trainer.py:211 [INFO] Train: Epoch: [3][150/390]	Step 1323	lr 0.02479	Loss 1.3020 (1.2428)	Prec@(1,5) (54.6%, 94.6%)	
05/31 03:54:02午前 searchStage_trainer.py:211 [INFO] Train: Epoch: [3][200/390]	Step 1373	lr 0.02479	Loss 1.3250 (1.2435)	Prec@(1,5) (54.7%, 94.7%)	
05/31 03:54:30午前 searchStage_trainer.py:211 [INFO] Train: Epoch: [3][250/390]	Step 1423	lr 0.02479	Loss 1.2718 (1.2329)	Prec@(1,5) (55.2%, 94.8%)	
05/31 03:54:57午前 searchStage_trainer.py:211 [INFO] Train: Epoch: [3][300/390]	Step 1473	lr 0.02479	Loss 1.0045 (1.2204)	Prec@(1,5) (55.8%, 94.9%)	
05/31 03:55:25午前 searchStage_trainer.py:211 [INFO] Train: Epoch: [3][350/390]	Step 1523	lr 0.02479	Loss 1.6084 (1.2208)	Prec@(1,5) (55.8%, 94.9%)	
05/31 03:55:48午前 searchStage_trainer.py:211 [INFO] Train: Epoch: [3][390/390]	Step 1563	lr 0.02479	Loss 0.9314 (1.2119)	Prec@(1,5) (56.1%, 94.9%)	
05/31 03:55:48午前 searchStage_trainer.py:221 [INFO] Train: [  3/49] Final Prec@1 56.1160%
05/31 03:55:53午前 searchStage_trainer.py:249 [INFO] Valid: Epoch: [3][50/391]	Step 1564	Loss 1.1999	Prec@(1,5) (57.2%, 94.5%)
05/31 03:55:57午前 searchStage_trainer.py:249 [INFO] Valid: Epoch: [3][100/391]	Step 1564	Loss 1.1946	Prec@(1,5) (57.2%, 94.7%)
05/31 03:56:02午前 searchStage_trainer.py:249 [INFO] Valid: Epoch: [3][150/391]	Step 1564	Loss 1.1924	Prec@(1,5) (57.6%, 94.9%)
05/31 03:56:07午前 searchStage_trainer.py:249 [INFO] Valid: Epoch: [3][200/391]	Step 1564	Loss 1.1953	Prec@(1,5) (57.4%, 94.8%)
05/31 03:56:11午前 searchStage_trainer.py:249 [INFO] Valid: Epoch: [3][250/391]	Step 1564	Loss 1.1924	Prec@(1,5) (57.4%, 94.8%)
05/31 03:56:16午前 searchStage_trainer.py:249 [INFO] Valid: Epoch: [3][300/391]	Step 1564	Loss 1.1914	Prec@(1,5) (57.5%, 94.9%)
05/31 03:56:20午前 searchStage_trainer.py:249 [INFO] Valid: Epoch: [3][350/391]	Step 1564	Loss 1.1932	Prec@(1,5) (57.5%, 94.7%)
05/31 03:56:24午前 searchStage_trainer.py:249 [INFO] Valid: Epoch: [3][390/391]	Step 1564	Loss 1.1917	Prec@(1,5) (57.6%, 94.7%)
05/31 03:56:24午前 searchStage_trainer.py:260 [INFO] Valid: [  3/49] Final Prec@1 57.5480%
05/31 03:56:24午前 searchStage_main.py:59 [INFO] DAG = Genotype2(DAG1=[[('avg_pool_3x3', 1), ('avg_pool_3x3', 0)], [('avg_pool_3x3', 2), ('avg_pool_3x3', 1)], [('avg_pool_3x3', 3), ('avg_pool_3x3', 2)], [('avg_pool_3x3', 4), ('avg_pool_3x3', 3)], [('avg_pool_3x3', 5), ('avg_pool_3x3', 4)], [('avg_pool_3x3', 6), ('avg_pool_3x3', 5)]], DAG1_concat=range(6, 8), DAG2=[[('avg_pool_3x3', 0), ('avg_pool_3x3', 1)], [('avg_pool_3x3', 2), ('avg_pool_3x3', 1)], [('avg_pool_3x3', 3), ('max_pool_3x3', 2)], [('max_pool_3x3', 4), ('avg_pool_3x3', 3)], [('max_pool_3x3', 5), ('max_pool_3x3', 4)], [('max_pool_3x3', 6), ('avg_pool_3x3', 5)]], DAG2_concat=range(6, 8), DAG3=[[('skip_connect', 0), ('skip_connect', 1)], [('avg_pool_3x3', 2), ('skip_connect', 0)], [('skip_connect', 3), ('skip_connect', 2)], [('skip_connect', 4), ('max_pool_3x3', 3)], [('skip_connect', 5), ('skip_connect', 4)], [('skip_connect', 6), ('skip_connect', 5)]], DAG3_concat=range(6, 8))
05/31 03:56:25午前 searchStage_main.py:79 [INFO] Until now, best Prec@1 = 57.5480%
####### ALPHA #######
# Alpha - DAG
tensor([[0.2550, 0.2686, 0.2487, 0.2278],
        [0.2500, 0.2700, 0.2553, 0.2247]], device='cuda:1',
       grad_fn=<SoftmaxBackward0>)
tensor([[0.2529, 0.2637, 0.2605, 0.2229],
        [0.2548, 0.2680, 0.2555, 0.2217],
        [0.2622, 0.2867, 0.2329, 0.2182]], device='cuda:1',
       grad_fn=<SoftmaxBackward0>)
tensor([[0.2557, 0.2614, 0.2532, 0.2297],
        [0.2623, 0.2765, 0.2362, 0.2250],
        [0.2641, 0.2764, 0.2372, 0.2223]], device='cuda:1',
       grad_fn=<SoftmaxBackward0>)
tensor([[0.2606, 0.2723, 0.2437, 0.2234],
        [0.2575, 0.2736, 0.2427, 0.2262],
        [0.2628, 0.2725, 0.2360, 0.2287]], device='cuda:1',
       grad_fn=<SoftmaxBackward0>)
tensor([[0.2570, 0.2692, 0.2401, 0.2337],
        [0.2611, 0.2691, 0.2386, 0.2313],
        [0.2569, 0.2713, 0.2420, 0.2299]], device='cuda:1',
       grad_fn=<SoftmaxBackward0>)
tensor([[0.2580, 0.2685, 0.2380, 0.2355],
        [0.2573, 0.2680, 0.2434, 0.2312],
        [0.2578, 0.2686, 0.2386, 0.2350]], device='cuda:1',
       grad_fn=<SoftmaxBackward0>)
tensor([[0.2492, 0.2513, 0.2509, 0.2486],
        [0.2503, 0.2503, 0.2500, 0.2494]], device='cuda:1',
       grad_fn=<SoftmaxBackward0>)
tensor([[0.2492, 0.2497, 0.2514, 0.2497],
        [0.2509, 0.2538, 0.2500, 0.2453],
        [0.2513, 0.2523, 0.2472, 0.2492]], device='cuda:1',
       grad_fn=<SoftmaxBackward0>)
tensor([[0.2504, 0.2504, 0.2513, 0.2479],
        [0.2517, 0.2504, 0.2475, 0.2504],
        [0.2506, 0.2522, 0.2506, 0.2465]], device='cuda:1',
       grad_fn=<SoftmaxBackward0>)
tensor([[0.2506, 0.2520, 0.2507, 0.2467],
        [0.2505, 0.2514, 0.2482, 0.2499],
        [0.2510, 0.2509, 0.2491, 0.2490]], device='cuda:1',
       grad_fn=<SoftmaxBackward0>)
tensor([[0.2510, 0.2520, 0.2484, 0.2486],
        [0.2512, 0.2509, 0.2505, 0.2474],
        [0.2514, 0.2507, 0.2477, 0.2502]], device='cuda:1',
       grad_fn=<SoftmaxBackward0>)
tensor([[0.2496, 0.2497, 0.2490, 0.2517],
        [0.2505, 0.2516, 0.2513, 0.2466],
        [0.2511, 0.2509, 0.2489, 0.2491]], device='cuda:1',
       grad_fn=<SoftmaxBackward0>)
tensor([[0.2497, 0.2496, 0.2512, 0.2496],
        [0.2492, 0.2495, 0.2508, 0.2505]], device='cuda:1',
       grad_fn=<SoftmaxBackward0>)
tensor([[0.2490, 0.2498, 0.2509, 0.2502],
        [0.2497, 0.2511, 0.2511, 0.2480],
        [0.2495, 0.2495, 0.2495, 0.2515]], device='cuda:1',
       grad_fn=<SoftmaxBackward0>)
tensor([[0.2500, 0.2481, 0.2506, 0.2513],
        [0.2491, 0.2496, 0.2522, 0.2491],
        [0.2495, 0.2500, 0.2512, 0.2493]], device='cuda:1',
       grad_fn=<SoftmaxBackward0>)
tensor([[0.2503, 0.2509, 0.2503, 0.2485],
        [0.2509, 0.2482, 0.2498, 0.2511],
        [0.2501, 0.2498, 0.2505, 0.2496]], device='cuda:1',
       grad_fn=<SoftmaxBackward0>)
tensor([[0.2518, 0.2478, 0.2499, 0.2505],
        [0.2497, 0.2490, 0.2515, 0.2497],
        [0.2502, 0.2498, 0.2509, 0.2491]], device='cuda:1',
       grad_fn=<SoftmaxBackward0>)
tensor([[0.2484, 0.2489, 0.2476, 0.2551],
        [0.2485, 0.2516, 0.2519, 0.2480],
        [0.2500, 0.2499, 0.2530, 0.2471]], device='cuda:1',
       grad_fn=<SoftmaxBackward0>)
#####################
05/31 03:56:54午前 searchStage_trainer.py:211 [INFO] Train: Epoch: [4][50/390]	Step 1614	lr 0.02462	Loss 1.1000 (1.1400)	Prec@(1,5) (59.9%, 95.9%)	
05/31 03:57:22午前 searchStage_trainer.py:211 [INFO] Train: Epoch: [4][100/390]	Step 1664	lr 0.02462	Loss 1.3484 (1.1303)	Prec@(1,5) (60.1%, 96.0%)	
05/31 03:57:50午前 searchStage_trainer.py:211 [INFO] Train: Epoch: [4][150/390]	Step 1714	lr 0.02462	Loss 1.0974 (1.1167)	Prec@(1,5) (61.0%, 95.9%)	
05/31 03:58:18午前 searchStage_trainer.py:211 [INFO] Train: Epoch: [4][200/390]	Step 1764	lr 0.02462	Loss 1.0884 (1.1052)	Prec@(1,5) (61.3%, 96.0%)	
05/31 03:58:46午前 searchStage_trainer.py:211 [INFO] Train: Epoch: [4][250/390]	Step 1814	lr 0.02462	Loss 0.8311 (1.0932)	Prec@(1,5) (61.6%, 96.1%)	
05/31 03:59:13午前 searchStage_trainer.py:211 [INFO] Train: Epoch: [4][300/390]	Step 1864	lr 0.02462	Loss 1.2668 (1.0914)	Prec@(1,5) (61.7%, 96.0%)	
05/31 03:59:41午前 searchStage_trainer.py:211 [INFO] Train: Epoch: [4][350/390]	Step 1914	lr 0.02462	Loss 0.9172 (1.0897)	Prec@(1,5) (61.7%, 96.1%)	
05/31 04:00:03午前 searchStage_trainer.py:211 [INFO] Train: Epoch: [4][390/390]	Step 1954	lr 0.02462	Loss 1.1728 (1.0843)	Prec@(1,5) (61.8%, 96.1%)	
05/31 04:00:04午前 searchStage_trainer.py:221 [INFO] Train: [  4/49] Final Prec@1 61.7640%
05/31 04:00:09午前 searchStage_trainer.py:249 [INFO] Valid: Epoch: [4][50/391]	Step 1955	Loss 1.1721	Prec@(1,5) (58.9%, 95.1%)
05/31 04:00:13午前 searchStage_trainer.py:249 [INFO] Valid: Epoch: [4][100/391]	Step 1955	Loss 1.1451	Prec@(1,5) (59.1%, 95.4%)
05/31 04:00:18午前 searchStage_trainer.py:249 [INFO] Valid: Epoch: [4][150/391]	Step 1955	Loss 1.1521	Prec@(1,5) (59.1%, 95.2%)
05/31 04:00:23午前 searchStage_trainer.py:249 [INFO] Valid: Epoch: [4][200/391]	Step 1955	Loss 1.1435	Prec@(1,5) (59.3%, 95.4%)
05/31 04:00:27午前 searchStage_trainer.py:249 [INFO] Valid: Epoch: [4][250/391]	Step 1955	Loss 1.1475	Prec@(1,5) (59.3%, 95.5%)
05/31 04:00:32午前 searchStage_trainer.py:249 [INFO] Valid: Epoch: [4][300/391]	Step 1955	Loss 1.1485	Prec@(1,5) (59.5%, 95.5%)
05/31 04:00:36午前 searchStage_trainer.py:249 [INFO] Valid: Epoch: [4][350/391]	Step 1955	Loss 1.1455	Prec@(1,5) (59.5%, 95.5%)
05/31 04:00:40午前 searchStage_trainer.py:249 [INFO] Valid: Epoch: [4][390/391]	Step 1955	Loss 1.1439	Prec@(1,5) (59.5%, 95.6%)
05/31 04:00:40午前 searchStage_trainer.py:260 [INFO] Valid: [  4/49] Final Prec@1 59.5160%
05/31 04:00:40午前 searchStage_main.py:59 [INFO] DAG = Genotype2(DAG1=[[('avg_pool_3x3', 1), ('avg_pool_3x3', 0)], [('avg_pool_3x3', 2), ('avg_pool_3x3', 1)], [('avg_pool_3x3', 3), ('avg_pool_3x3', 2)], [('avg_pool_3x3', 4), ('avg_pool_3x3', 3)], [('avg_pool_3x3', 5), ('avg_pool_3x3', 4)], [('avg_pool_3x3', 6), ('avg_pool_3x3', 5)]], DAG1_concat=range(6, 8), DAG2=[[('avg_pool_3x3', 0), ('avg_pool_3x3', 1)], [('avg_pool_3x3', 2), ('avg_pool_3x3', 1)], [('avg_pool_3x3', 3), ('max_pool_3x3', 2)], [('avg_pool_3x3', 4), ('avg_pool_3x3', 3)], [('max_pool_3x3', 5), ('max_pool_3x3', 4)], [('avg_pool_3x3', 6), ('avg_pool_3x3', 5)]], DAG2_concat=range(6, 8), DAG3=[[('skip_connect', 0), ('skip_connect', 1)], [('avg_pool_3x3', 2), ('skip_connect', 1)], [('skip_connect', 3), ('skip_connect', 2)], [('skip_connect', 4), ('max_pool_3x3', 3)], [('skip_connect', 5), ('skip_connect', 4)], [('skip_connect', 6), ('skip_connect', 5)]], DAG3_concat=range(6, 8))
05/31 04:00:41午前 searchStage_main.py:79 [INFO] Until now, best Prec@1 = 59.5160%
####### ALPHA #######
# Alpha - DAG
tensor([[0.2557, 0.2737, 0.2504, 0.2202],
        [0.2509, 0.2768, 0.2548, 0.2175]], device='cuda:1',
       grad_fn=<SoftmaxBackward0>)
tensor([[0.2527, 0.2689, 0.2612, 0.2173],
        [0.2567, 0.2721, 0.2576, 0.2136],
        [0.2662, 0.2931, 0.2295, 0.2112]], device='cuda:1',
       grad_fn=<SoftmaxBackward0>)
tensor([[0.2557, 0.2646, 0.2545, 0.2252],
        [0.2639, 0.2811, 0.2344, 0.2206],
        [0.2646, 0.2815, 0.2376, 0.2163]], device='cuda:1',
       grad_fn=<SoftmaxBackward0>)
tensor([[0.2624, 0.2766, 0.2430, 0.2180],
        [0.2597, 0.2776, 0.2419, 0.2208],
        [0.2653, 0.2757, 0.2332, 0.2258]], device='cuda:1',
       grad_fn=<SoftmaxBackward0>)
tensor([[0.2581, 0.2730, 0.2405, 0.2283],
        [0.2621, 0.2724, 0.2370, 0.2285],
        [0.2583, 0.2748, 0.2407, 0.2263]], device='cuda:1',
       grad_fn=<SoftmaxBackward0>)
tensor([[0.2581, 0.2724, 0.2365, 0.2330],
        [0.2580, 0.2711, 0.2429, 0.2280],
        [0.2588, 0.2730, 0.2382, 0.2300]], device='cuda:1',
       grad_fn=<SoftmaxBackward0>)
tensor([[0.2487, 0.2519, 0.2513, 0.2481],
        [0.2498, 0.2503, 0.2502, 0.2497]], device='cuda:1',
       grad_fn=<SoftmaxBackward0>)
tensor([[0.2489, 0.2503, 0.2517, 0.2491],
        [0.2508, 0.2541, 0.2503, 0.2447],
        [0.2512, 0.2523, 0.2470, 0.2495]], device='cuda:1',
       grad_fn=<SoftmaxBackward0>)
tensor([[0.2506, 0.2502, 0.2513, 0.2479],
        [0.2519, 0.2505, 0.2476, 0.2500],
        [0.2504, 0.2523, 0.2507, 0.2466]], device='cuda:1',
       grad_fn=<SoftmaxBackward0>)
tensor([[0.2505, 0.2523, 0.2509, 0.2463],
        [0.2507, 0.2514, 0.2479, 0.2500],
        [0.2509, 0.2510, 0.2490, 0.2490]], device='cuda:1',
       grad_fn=<SoftmaxBackward0>)
tensor([[0.2510, 0.2522, 0.2482, 0.2485],
        [0.2514, 0.2510, 0.2503, 0.2473],
        [0.2514, 0.2508, 0.2479, 0.2500]], device='cuda:1',
       grad_fn=<SoftmaxBackward0>)
tensor([[0.2495, 0.2496, 0.2490, 0.2519],
        [0.2505, 0.2518, 0.2514, 0.2463],
        [0.2511, 0.2511, 0.2489, 0.2489]], device='cuda:1',
       grad_fn=<SoftmaxBackward0>)
tensor([[0.2494, 0.2497, 0.2513, 0.2496],
        [0.2490, 0.2494, 0.2510, 0.2506]], device='cuda:1',
       grad_fn=<SoftmaxBackward0>)
tensor([[0.2489, 0.2498, 0.2511, 0.2503],
        [0.2496, 0.2513, 0.2516, 0.2475],
        [0.2495, 0.2495, 0.2494, 0.2517]], device='cuda:1',
       grad_fn=<SoftmaxBackward0>)
tensor([[0.2500, 0.2478, 0.2507, 0.2515],
        [0.2490, 0.2496, 0.2524, 0.2489],
        [0.2494, 0.2500, 0.2513, 0.2493]], device='cuda:1',
       grad_fn=<SoftmaxBackward0>)
tensor([[0.2503, 0.2510, 0.2505, 0.2483],
        [0.2510, 0.2480, 0.2497, 0.2513],
        [0.2502, 0.2497, 0.2505, 0.2496]], device='cuda:1',
       grad_fn=<SoftmaxBackward0>)
tensor([[0.2520, 0.2475, 0.2498, 0.2507],
        [0.2497, 0.2490, 0.2518, 0.2496],
        [0.2503, 0.2497, 0.2510, 0.2490]], device='cuda:1',
       grad_fn=<SoftmaxBackward0>)
tensor([[0.2481, 0.2488, 0.2473, 0.2558],
        [0.2482, 0.2518, 0.2523, 0.2477],
        [0.2500, 0.2499, 0.2534, 0.2467]], device='cuda:1',
       grad_fn=<SoftmaxBackward0>)
#####################
05/31 04:01:09午前 searchStage_trainer.py:211 [INFO] Train: Epoch: [5][50/390]	Step 2005	lr 0.02441	Loss 1.1045 (1.0061)	Prec@(1,5) (64.1%, 96.8%)	
05/31 04:01:37午前 searchStage_trainer.py:211 [INFO] Train: Epoch: [5][100/390]	Step 2055	lr 0.02441	Loss 0.9137 (1.0151)	Prec@(1,5) (63.6%, 96.9%)	
05/31 04:02:06午前 searchStage_trainer.py:211 [INFO] Train: Epoch: [5][150/390]	Step 2105	lr 0.02441	Loss 1.0350 (1.0091)	Prec@(1,5) (64.5%, 96.6%)	
05/31 04:02:34午前 searchStage_trainer.py:211 [INFO] Train: Epoch: [5][200/390]	Step 2155	lr 0.02441	Loss 0.8357 (1.0002)	Prec@(1,5) (65.1%, 96.6%)	
05/31 04:03:02午前 searchStage_trainer.py:211 [INFO] Train: Epoch: [5][250/390]	Step 2205	lr 0.02441	Loss 0.8912 (0.9986)	Prec@(1,5) (65.3%, 96.6%)	
05/31 04:03:29午前 searchStage_trainer.py:211 [INFO] Train: Epoch: [5][300/390]	Step 2255	lr 0.02441	Loss 0.7029 (0.9915)	Prec@(1,5) (65.4%, 96.7%)	
05/31 04:03:57午前 searchStage_trainer.py:211 [INFO] Train: Epoch: [5][350/390]	Step 2305	lr 0.02441	Loss 1.1241 (0.9836)	Prec@(1,5) (65.6%, 96.8%)	
05/31 04:04:19午前 searchStage_trainer.py:211 [INFO] Train: Epoch: [5][390/390]	Step 2345	lr 0.02441	Loss 0.9798 (0.9751)	Prec@(1,5) (65.9%, 96.8%)	
05/31 04:04:20午前 searchStage_trainer.py:221 [INFO] Train: [  5/49] Final Prec@1 65.8480%
05/31 04:04:24午前 searchStage_trainer.py:249 [INFO] Valid: Epoch: [5][50/391]	Step 2346	Loss 1.0022	Prec@(1,5) (65.7%, 96.1%)
05/31 04:04:29午前 searchStage_trainer.py:249 [INFO] Valid: Epoch: [5][100/391]	Step 2346	Loss 1.0089	Prec@(1,5) (64.6%, 96.1%)
05/31 04:04:34午前 searchStage_trainer.py:249 [INFO] Valid: Epoch: [5][150/391]	Step 2346	Loss 1.0118	Prec@(1,5) (64.2%, 96.1%)
05/31 04:04:38午前 searchStage_trainer.py:249 [INFO] Valid: Epoch: [5][200/391]	Step 2346	Loss 1.0240	Prec@(1,5) (64.0%, 96.0%)
