05/30 10:20:32PM parser.py:28 [INFO] 
05/30 10:20:32PM parser.py:29 [INFO] Parameters:
05/30 10:20:32PM parser.py:31 [INFO] DAG_PATH=results/search_Stage/CIFAR10/SCRATCH_PCDARTS_STAGESPEC/EXP-20240530-222032/DAG
05/30 10:20:32PM parser.py:31 [INFO] ALPHA_LR=0.0003
05/30 10:20:32PM parser.py:31 [INFO] ALPHA_WEIGHT_DECAY=0.001
05/30 10:20:32PM parser.py:31 [INFO] BATCH_SIZE=64
05/30 10:20:32PM parser.py:31 [INFO] CHECKPOINT_RESET=False
05/30 10:20:32PM parser.py:31 [INFO] DATA_PATH=../data/
05/30 10:20:32PM parser.py:31 [INFO] DATASET=CIFAR10
05/30 10:20:32PM parser.py:31 [INFO] EPOCHS=50
05/30 10:20:32PM parser.py:31 [INFO] EXP_NAME=EXP-20240530-222032
05/30 10:20:32PM parser.py:31 [INFO] GENOTYPE=Genotype(normal=[[('sep_conv_3x3', 0), ('skip_connect', 1)], [('skip_connect', 1), ('dil_conv_3x3', 2)], [('sep_conv_3x3', 1), ('dil_conv_3x3', 3)], [('sep_conv_3x3', 1), ('sep_conv_5x5', 4)]], normal_concat=range(2, 6), reduce=[[('sep_conv_3x3', 0), ('sep_conv_3x3', 1)], [('none', 1), ('avg_pool_3x3', 2)], [('skip_connect', 2), ('sep_conv_5x5', 3)], [('none', 3), ('avg_pool_3x3', 4)]], reduce_concat=range(2, 6))
05/30 10:20:32PM parser.py:31 [INFO] GPUS=[0]
05/30 10:20:32PM parser.py:31 [INFO] INIT_CHANNELS=16
05/30 10:20:32PM parser.py:31 [INFO] LAYERS=20
05/30 10:20:32PM parser.py:31 [INFO] LOCAL_RANK=0
05/30 10:20:32PM parser.py:31 [INFO] LOGGER=<Logger H-DAS (INFO)>
05/30 10:20:32PM parser.py:31 [INFO] NAME=SCRATCH_PCDARTS_STAGESPEC
05/30 10:20:32PM parser.py:31 [INFO] PATH=results/search_Stage/CIFAR10/SCRATCH_PCDARTS_STAGESPEC/EXP-20240530-222032
05/30 10:20:32PM parser.py:31 [INFO] PRINT_FREQ=50
05/30 10:20:32PM parser.py:31 [INFO] RESUME_PATH=None
05/30 10:20:32PM parser.py:31 [INFO] SAVE=EXP
05/30 10:20:32PM parser.py:31 [INFO] SEED=2
05/30 10:20:32PM parser.py:31 [INFO] SHARE_STAGE=False
05/30 10:20:32PM parser.py:31 [INFO] SPEC_CELL=False
05/30 10:20:32PM parser.py:31 [INFO] TRAIN_PORTION=0.5
05/30 10:20:32PM parser.py:31 [INFO] W_GRAD_CLIP=5.0
05/30 10:20:32PM parser.py:31 [INFO] W_LR=0.025
05/30 10:20:32PM parser.py:31 [INFO] W_LR_MIN=0.001
05/30 10:20:32PM parser.py:31 [INFO] W_MOMENTUM=0.9
05/30 10:20:32PM parser.py:31 [INFO] W_WEIGHT_DECAY=0.0003
05/30 10:20:32PM parser.py:31 [INFO] WORKERS=4
05/30 10:20:32PM parser.py:32 [INFO] 
05/30 10:20:34PM searchStage_trainer.py:103 [INFO] --> No loaded checkpoint!
####### ALPHA #######
# Alpha - DAG
tensor([[0.2502, 0.2500, 0.2500, 0.2498],
        [0.2502, 0.2497, 0.2500, 0.2500]], device='cuda:0',
       grad_fn=<SoftmaxBackward0>)
tensor([[0.2499, 0.2497, 0.2503, 0.2501],
        [0.2499, 0.2499, 0.2502, 0.2500],
        [0.2502, 0.2499, 0.2500, 0.2499]], device='cuda:0',
       grad_fn=<SoftmaxBackward0>)
tensor([[0.2502, 0.2498, 0.2503, 0.2498],
        [0.2499, 0.2501, 0.2501, 0.2500],
        [0.2500, 0.2501, 0.2500, 0.2499]], device='cuda:0',
       grad_fn=<SoftmaxBackward0>)
tensor([[0.2499, 0.2501, 0.2501, 0.2499],
        [0.2497, 0.2504, 0.2499, 0.2501],
        [0.2501, 0.2501, 0.2501, 0.2497]], device='cuda:0',
       grad_fn=<SoftmaxBackward0>)
tensor([[0.2498, 0.2501, 0.2499, 0.2502],
        [0.2502, 0.2499, 0.2499, 0.2500],
        [0.2498, 0.2501, 0.2502, 0.2499]], device='cuda:0',
       grad_fn=<SoftmaxBackward0>)
tensor([[0.2500, 0.2502, 0.2496, 0.2502],
        [0.2504, 0.2499, 0.2499, 0.2498],
        [0.2501, 0.2501, 0.2497, 0.2502]], device='cuda:0',
       grad_fn=<SoftmaxBackward0>)
tensor([[0.2495, 0.2500, 0.2501, 0.2503],
        [0.2501, 0.2498, 0.2503, 0.2498]], device='cuda:0',
       grad_fn=<SoftmaxBackward0>)
tensor([[0.2497, 0.2497, 0.2503, 0.2502],
        [0.2497, 0.2501, 0.2500, 0.2502],
        [0.2504, 0.2500, 0.2498, 0.2499]], device='cuda:0',
       grad_fn=<SoftmaxBackward0>)
tensor([[0.2496, 0.2502, 0.2500, 0.2502],
        [0.2500, 0.2503, 0.2497, 0.2499],
        [0.2497, 0.2498, 0.2502, 0.2503]], device='cuda:0',
       grad_fn=<SoftmaxBackward0>)
tensor([[0.2499, 0.2503, 0.2498, 0.2500],
        [0.2497, 0.2501, 0.2501, 0.2501],
        [0.2498, 0.2499, 0.2500, 0.2503]], device='cuda:0',
       grad_fn=<SoftmaxBackward0>)
tensor([[0.2499, 0.2499, 0.2502, 0.2501],
        [0.2503, 0.2500, 0.2499, 0.2498],
        [0.2502, 0.2501, 0.2497, 0.2500]], device='cuda:0',
       grad_fn=<SoftmaxBackward0>)
tensor([[0.2497, 0.2499, 0.2505, 0.2499],
        [0.2497, 0.2500, 0.2501, 0.2501],
        [0.2501, 0.2503, 0.2496, 0.2499]], device='cuda:0',
       grad_fn=<SoftmaxBackward0>)
tensor([[0.2500, 0.2497, 0.2502, 0.2501],
        [0.2497, 0.2500, 0.2502, 0.2501]], device='cuda:0',
       grad_fn=<SoftmaxBackward0>)
tensor([[0.2498, 0.2498, 0.2502, 0.2502],
        [0.2500, 0.2500, 0.2498, 0.2502],
        [0.2496, 0.2503, 0.2503, 0.2499]], device='cuda:0',
       grad_fn=<SoftmaxBackward0>)
tensor([[0.2501, 0.2500, 0.2502, 0.2498],
        [0.2497, 0.2498, 0.2504, 0.2501],
        [0.2501, 0.2500, 0.2499, 0.2500]], device='cuda:0',
       grad_fn=<SoftmaxBackward0>)
tensor([[0.2502, 0.2503, 0.2497, 0.2498],
        [0.2501, 0.2495, 0.2503, 0.2500],
        [0.2499, 0.2502, 0.2501, 0.2499]], device='cuda:0',
       grad_fn=<SoftmaxBackward0>)
tensor([[0.2502, 0.2501, 0.2499, 0.2498],
        [0.2502, 0.2500, 0.2496, 0.2502],
        [0.2498, 0.2502, 0.2500, 0.2499]], device='cuda:0',
       grad_fn=<SoftmaxBackward0>)
tensor([[0.2500, 0.2499, 0.2499, 0.2502],
        [0.2499, 0.2504, 0.2497, 0.2500],
        [0.2497, 0.2500, 0.2501, 0.2502]], device='cuda:0',
       grad_fn=<SoftmaxBackward0>)
#####################
05/30 10:20:51PM searchStage_trainer.py:211 [INFO] Train: Epoch: [0][50/390]	Step 50	lr 0.025	Loss 2.4044 (2.3337)	Prec@(1,5) (13.7%, 58.3%)	
05/30 10:21:07PM searchStage_trainer.py:211 [INFO] Train: Epoch: [0][100/390]	Step 100	lr 0.025	Loss 2.0471 (2.2780)	Prec@(1,5) (16.3%, 65.6%)	
05/30 10:21:22PM searchStage_trainer.py:211 [INFO] Train: Epoch: [0][150/390]	Step 150	lr 0.025	Loss 1.9034 (2.1770)	Prec@(1,5) (19.5%, 70.7%)	
05/30 10:21:38PM searchStage_trainer.py:211 [INFO] Train: Epoch: [0][200/390]	Step 200	lr 0.025	Loss 1.7605 (2.0993)	Prec@(1,5) (21.8%, 74.1%)	
05/30 10:21:54PM searchStage_trainer.py:211 [INFO] Train: Epoch: [0][250/390]	Step 250	lr 0.025	Loss 1.7793 (2.0478)	Prec@(1,5) (23.2%, 76.3%)	
05/30 10:22:09PM searchStage_trainer.py:211 [INFO] Train: Epoch: [0][300/390]	Step 300	lr 0.025	Loss 1.6854 (2.0015)	Prec@(1,5) (24.9%, 78.0%)	
05/30 10:22:25PM searchStage_trainer.py:211 [INFO] Train: Epoch: [0][350/390]	Step 350	lr 0.025	Loss 1.5453 (1.9625)	Prec@(1,5) (26.1%, 79.3%)	
05/30 10:22:37PM searchStage_trainer.py:211 [INFO] Train: Epoch: [0][390/390]	Step 390	lr 0.025	Loss 1.7947 (1.9371)	Prec@(1,5) (27.0%, 80.2%)	
05/30 10:22:38PM searchStage_trainer.py:221 [INFO] Train: [  0/49] Final Prec@1 26.9880%
05/30 10:22:40PM searchStage_trainer.py:249 [INFO] Valid: Epoch: [0][50/391]	Step 391	Loss 1.9619	Prec@(1,5) (29.6%, 84.5%)
05/30 10:22:43PM searchStage_trainer.py:249 [INFO] Valid: Epoch: [0][100/391]	Step 391	Loss 1.9660	Prec@(1,5) (30.2%, 84.9%)
05/30 10:22:45PM searchStage_trainer.py:249 [INFO] Valid: Epoch: [0][150/391]	Step 391	Loss 1.9765	Prec@(1,5) (30.1%, 85.0%)
05/30 10:22:47PM searchStage_trainer.py:249 [INFO] Valid: Epoch: [0][200/391]	Step 391	Loss 1.9731	Prec@(1,5) (30.0%, 85.0%)
05/30 10:22:49PM searchStage_trainer.py:249 [INFO] Valid: Epoch: [0][250/391]	Step 391	Loss 1.9822	Prec@(1,5) (29.9%, 84.8%)
05/30 10:22:52PM searchStage_trainer.py:249 [INFO] Valid: Epoch: [0][300/391]	Step 391	Loss 1.9847	Prec@(1,5) (29.9%, 84.7%)
05/30 10:22:54PM searchStage_trainer.py:249 [INFO] Valid: Epoch: [0][350/391]	Step 391	Loss 1.9839	Prec@(1,5) (29.8%, 84.8%)
05/30 10:22:56PM searchStage_trainer.py:249 [INFO] Valid: Epoch: [0][390/391]	Step 391	Loss 1.9800	Prec@(1,5) (29.9%, 84.9%)
05/30 10:22:56PM searchStage_trainer.py:260 [INFO] Valid: [  0/49] Final Prec@1 29.8480%
05/30 10:22:56PM searchStage_main.py:59 [INFO] DAG = Genotype2(DAG1=[[('avg_pool_3x3', 1), ('max_pool_3x3', 0)], [('avg_pool_3x3', 2), ('avg_pool_3x3', 0)], [('avg_pool_3x3', 2), ('avg_pool_3x3', 3)], [('avg_pool_3x3', 4), ('avg_pool_3x3', 2)], [('avg_pool_3x3', 4), ('avg_pool_3x3', 5)], [('avg_pool_3x3', 4), ('avg_pool_3x3', 5)]], DAG1_concat=range(6, 8), DAG2=[[('avg_pool_3x3', 1), ('skip_connect', 0)], [('max_pool_3x3', 2), ('skip_connect', 1)], [('max_pool_3x3', 2), ('max_pool_3x3', 3)], [('avg_pool_3x3', 4), ('avg_pool_3x3', 3)], [('max_pool_3x3', 3), ('max_pool_3x3', 4)], [('avg_pool_3x3', 6), ('avg_pool_3x3', 5)]], DAG2_concat=range(6, 8), DAG3=[[('max_pool_3x3', 0), ('skip_connect', 1)], [('skip_connect', 2), ('skip_connect', 0)], [('skip_connect', 3), ('skip_connect', 2)], [('skip_connect', 3), ('avg_pool_3x3', 2)], [('skip_connect', 5), ('skip_connect', 3)], [('skip_connect', 4), ('skip_connect', 5)]], DAG3_concat=range(6, 8))
05/30 10:22:56PM searchStage_main.py:79 [INFO] Until now, best Prec@1 = 29.8480%
####### ALPHA #######
# Alpha - DAG
tensor([[0.2522, 0.2516, 0.2510, 0.2452],
        [0.2520, 0.2528, 0.2506, 0.2446]], device='cuda:0',
       grad_fn=<SoftmaxBackward0>)
tensor([[0.2473, 0.2549, 0.2529, 0.2449],
        [0.2521, 0.2521, 0.2532, 0.2427],
        [0.2558, 0.2565, 0.2429, 0.2448]], device='cuda:0',
       grad_fn=<SoftmaxBackward0>)
tensor([[0.2479, 0.2524, 0.2532, 0.2465],
        [0.2525, 0.2598, 0.2460, 0.2417],
        [0.2522, 0.2594, 0.2460, 0.2423]], device='cuda:0',
       grad_fn=<SoftmaxBackward0>)
tensor([[0.2515, 0.2578, 0.2443, 0.2464],
        [0.2530, 0.2576, 0.2481, 0.2412],
        [0.2525, 0.2587, 0.2469, 0.2419]], device='cuda:0',
       grad_fn=<SoftmaxBackward0>)
tensor([[0.2532, 0.2573, 0.2465, 0.2430],
        [0.2526, 0.2574, 0.2459, 0.2441],
        [0.2527, 0.2573, 0.2460, 0.2441]], device='cuda:0',
       grad_fn=<SoftmaxBackward0>)
tensor([[0.2491, 0.2573, 0.2491, 0.2445],
        [0.2499, 0.2582, 0.2480, 0.2438],
        [0.2523, 0.2547, 0.2462, 0.2468]], device='cuda:0',
       grad_fn=<SoftmaxBackward0>)
tensor([[0.2490, 0.2493, 0.2509, 0.2508],
        [0.2502, 0.2509, 0.2505, 0.2484]], device='cuda:0',
       grad_fn=<SoftmaxBackward0>)
tensor([[0.2506, 0.2503, 0.2510, 0.2481],
        [0.2503, 0.2496, 0.2508, 0.2492],
        [0.2520, 0.2509, 0.2479, 0.2491]], device='cuda:0',
       grad_fn=<SoftmaxBackward0>)
tensor([[0.2504, 0.2502, 0.2506, 0.2487],
        [0.2511, 0.2509, 0.2487, 0.2492],
        [0.2509, 0.2506, 0.2492, 0.2493]], device='cuda:0',
       grad_fn=<SoftmaxBackward0>)
tensor([[0.2506, 0.2507, 0.2497, 0.2491],
        [0.2500, 0.2506, 0.2496, 0.2497],
        [0.2504, 0.2507, 0.2493, 0.2496]], device='cuda:0',
       grad_fn=<SoftmaxBackward0>)
tensor([[0.2509, 0.2506, 0.2491, 0.2495],
        [0.2508, 0.2507, 0.2498, 0.2487],
        [0.2506, 0.2508, 0.2487, 0.2499]], device='cuda:0',
       grad_fn=<SoftmaxBackward0>)
tensor([[0.2500, 0.2503, 0.2502, 0.2496],
        [0.2497, 0.2503, 0.2500, 0.2500],
        [0.2503, 0.2506, 0.2497, 0.2495]], device='cuda:0',
       grad_fn=<SoftmaxBackward0>)
tensor([[0.2502, 0.2494, 0.2501, 0.2503],
        [0.2501, 0.2499, 0.2502, 0.2499]], device='cuda:0',
       grad_fn=<SoftmaxBackward0>)
tensor([[0.2498, 0.2495, 0.2501, 0.2505],
        [0.2501, 0.2498, 0.2497, 0.2504],
        [0.2497, 0.2504, 0.2507, 0.2493]], device='cuda:0',
       grad_fn=<SoftmaxBackward0>)
tensor([[0.2496, 0.2510, 0.2507, 0.2486],
        [0.2498, 0.2494, 0.2500, 0.2508],
        [0.2498, 0.2500, 0.2500, 0.2501]], device='cuda:0',
       grad_fn=<SoftmaxBackward0>)
tensor([[0.2494, 0.2506, 0.2506, 0.2493],
        [0.2502, 0.2493, 0.2509, 0.2496],
        [0.2499, 0.2498, 0.2496, 0.2507]], device='cuda:0',
       grad_fn=<SoftmaxBackward0>)
tensor([[0.2492, 0.2499, 0.2510, 0.2500],
        [0.2494, 0.2502, 0.2501, 0.2502],
        [0.2483, 0.2505, 0.2514, 0.2498]], device='cuda:0',
       grad_fn=<SoftmaxBackward0>)
tensor([[0.2500, 0.2505, 0.2512, 0.2483],
        [0.2494, 0.2505, 0.2510, 0.2490],
        [0.2495, 0.2488, 0.2489, 0.2528]], device='cuda:0',
       grad_fn=<SoftmaxBackward0>)
#####################
05/30 10:23:14午後 searchStage_trainer.py:211 [INFO] Train: Epoch: [1][50/390]	Step 441	lr 0.02498	Loss 1.7691 (1.6807)	Prec@(1,5) (36.6%, 88.5%)	
05/30 10:23:30午後 searchStage_trainer.py:211 [INFO] Train: Epoch: [1][100/390]	Step 491	lr 0.02498	Loss 1.7825 (1.6593)	Prec@(1,5) (37.9%, 88.8%)	
05/30 10:23:46午後 searchStage_trainer.py:211 [INFO] Train: Epoch: [1][150/390]	Step 541	lr 0.02498	Loss 1.7900 (1.6543)	Prec@(1,5) (37.8%, 89.1%)	
05/30 10:24:02午後 searchStage_trainer.py:211 [INFO] Train: Epoch: [1][200/390]	Step 591	lr 0.02498	Loss 1.5130 (1.6408)	Prec@(1,5) (38.4%, 89.2%)	
05/30 10:24:18午後 searchStage_trainer.py:211 [INFO] Train: Epoch: [1][250/390]	Step 641	lr 0.02498	Loss 1.4486 (1.6308)	Prec@(1,5) (39.0%, 89.3%)	
05/30 10:24:34午後 searchStage_trainer.py:211 [INFO] Train: Epoch: [1][300/390]	Step 691	lr 0.02498	Loss 1.7445 (1.6177)	Prec@(1,5) (39.7%, 89.6%)	
05/30 10:24:50午後 searchStage_trainer.py:211 [INFO] Train: Epoch: [1][350/390]	Step 741	lr 0.02498	Loss 1.2675 (1.6100)	Prec@(1,5) (40.0%, 89.7%)	
05/30 10:25:03午後 searchStage_trainer.py:211 [INFO] Train: Epoch: [1][390/390]	Step 781	lr 0.02498	Loss 1.4607 (1.5990)	Prec@(1,5) (40.4%, 89.9%)	
05/30 10:25:04午後 searchStage_trainer.py:221 [INFO] Train: [  1/49] Final Prec@1 40.3960%
05/30 10:25:06午後 searchStage_trainer.py:249 [INFO] Valid: Epoch: [1][50/391]	Step 782	Loss 1.5241	Prec@(1,5) (41.9%, 91.6%)
05/30 10:25:08午後 searchStage_trainer.py:249 [INFO] Valid: Epoch: [1][100/391]	Step 782	Loss 1.5359	Prec@(1,5) (41.5%, 91.2%)
05/30 10:25:11午後 searchStage_trainer.py:249 [INFO] Valid: Epoch: [1][150/391]	Step 782	Loss 1.5395	Prec@(1,5) (41.2%, 91.0%)
05/30 10:25:13午後 searchStage_trainer.py:249 [INFO] Valid: Epoch: [1][200/391]	Step 782	Loss 1.5356	Prec@(1,5) (41.6%, 91.1%)
05/30 10:25:15午後 searchStage_trainer.py:249 [INFO] Valid: Epoch: [1][250/391]	Step 782	Loss 1.5375	Prec@(1,5) (41.6%, 91.1%)
05/30 10:25:17午後 searchStage_trainer.py:249 [INFO] Valid: Epoch: [1][300/391]	Step 782	Loss 1.5395	Prec@(1,5) (41.4%, 91.1%)
05/30 10:25:19午後 searchStage_trainer.py:249 [INFO] Valid: Epoch: [1][350/391]	Step 782	Loss 1.5433	Prec@(1,5) (41.2%, 91.0%)
05/30 10:25:21午後 searchStage_trainer.py:249 [INFO] Valid: Epoch: [1][390/391]	Step 782	Loss 1.5429	Prec@(1,5) (41.2%, 91.1%)
05/30 10:25:21午後 searchStage_trainer.py:260 [INFO] Valid: [  1/49] Final Prec@1 41.1960%
05/30 10:25:21午後 searchStage_main.py:59 [INFO] DAG = Genotype2(DAG1=[[('avg_pool_3x3', 1), ('avg_pool_3x3', 0)], [('avg_pool_3x3', 2), ('avg_pool_3x3', 0)], [('avg_pool_3x3', 2), ('avg_pool_3x3', 3)], [('avg_pool_3x3', 4), ('avg_pool_3x3', 2)], [('avg_pool_3x3', 4), ('avg_pool_3x3', 5)], [('avg_pool_3x3', 4), ('avg_pool_3x3', 5)]], DAG1_concat=range(6, 8), DAG2=[[('avg_pool_3x3', 1), ('skip_connect', 0)], [('avg_pool_3x3', 2), ('skip_connect', 0)], [('max_pool_3x3', 3), ('avg_pool_3x3', 2)], [('avg_pool_3x3', 4), ('avg_pool_3x3', 3)], [('avg_pool_3x3', 5), ('max_pool_3x3', 4)], [('avg_pool_3x3', 6), ('avg_pool_3x3', 5)]], DAG2_concat=range(6, 8), DAG3=[[('skip_connect', 0), ('max_pool_3x3', 1)], [('skip_connect', 2), ('skip_connect', 0)], [('skip_connect', 3), ('skip_connect', 2)], [('skip_connect', 3), ('skip_connect', 2)], [('skip_connect', 5), ('skip_connect', 3)], [('skip_connect', 5), ('skip_connect', 4)]], DAG3_concat=range(6, 8))
05/30 10:25:22午後 searchStage_main.py:79 [INFO] Until now, best Prec@1 = 41.1960%
####### ALPHA #######
# Alpha - DAG
tensor([[0.2490, 0.2564, 0.2507, 0.2439],
        [0.2510, 0.2610, 0.2536, 0.2344]], device='cuda:0',
       grad_fn=<SoftmaxBackward0>)
tensor([[0.2465, 0.2581, 0.2523, 0.2432],
        [0.2521, 0.2547, 0.2560, 0.2372],
        [0.2600, 0.2674, 0.2394, 0.2332]], device='cuda:0',
       grad_fn=<SoftmaxBackward0>)
tensor([[0.2484, 0.2555, 0.2556, 0.2404],
        [0.2559, 0.2700, 0.2421, 0.2320],
        [0.2546, 0.2695, 0.2417, 0.2342]], device='cuda:0',
       grad_fn=<SoftmaxBackward0>)
tensor([[0.2520, 0.2659, 0.2425, 0.2396],
        [0.2559, 0.2654, 0.2446, 0.2341],
        [0.2557, 0.2681, 0.2427, 0.2336]], device='cuda:0',
       grad_fn=<SoftmaxBackward0>)
tensor([[0.2568, 0.2652, 0.2406, 0.2374],
        [0.2573, 0.2665, 0.2406, 0.2356],
        [0.2580, 0.2650, 0.2413, 0.2356]], device='cuda:0',
       grad_fn=<SoftmaxBackward0>)
tensor([[0.2514, 0.2641, 0.2449, 0.2396],
        [0.2539, 0.2651, 0.2432, 0.2378],
        [0.2555, 0.2621, 0.2418, 0.2405]], device='cuda:0',
       grad_fn=<SoftmaxBackward0>)
tensor([[0.2478, 0.2493, 0.2517, 0.2513],
        [0.2506, 0.2516, 0.2509, 0.2470]], device='cuda:0',
       grad_fn=<SoftmaxBackward0>)
tensor([[0.2506, 0.2509, 0.2518, 0.2468],
        [0.2498, 0.2498, 0.2513, 0.2490],
        [0.2519, 0.2523, 0.2481, 0.2477]], device='cuda:0',
       grad_fn=<SoftmaxBackward0>)
tensor([[0.2509, 0.2508, 0.2502, 0.2482],
        [0.2511, 0.2514, 0.2486, 0.2489],
        [0.2516, 0.2512, 0.2492, 0.2480]], device='cuda:0',
       grad_fn=<SoftmaxBackward0>)
tensor([[0.2506, 0.2510, 0.2489, 0.2495],
        [0.2505, 0.2512, 0.2494, 0.2489],
        [0.2510, 0.2512, 0.2496, 0.2483]], device='cuda:0',
       grad_fn=<SoftmaxBackward0>)
tensor([[0.2514, 0.2506, 0.2493, 0.2488],
        [0.2513, 0.2508, 0.2488, 0.2491],
        [0.2509, 0.2516, 0.2489, 0.2485]], device='cuda:0',
       grad_fn=<SoftmaxBackward0>)
tensor([[0.2504, 0.2505, 0.2491, 0.2500],
        [0.2499, 0.2505, 0.2498, 0.2498],
        [0.2505, 0.2511, 0.2502, 0.2482]], device='cuda:0',
       grad_fn=<SoftmaxBackward0>)
tensor([[0.2500, 0.2494, 0.2503, 0.2502],
        [0.2502, 0.2497, 0.2502, 0.2499]], device='cuda:0',
       grad_fn=<SoftmaxBackward0>)
tensor([[0.2498, 0.2494, 0.2501, 0.2506],
        [0.2501, 0.2493, 0.2497, 0.2509],
        [0.2499, 0.2503, 0.2510, 0.2487]], device='cuda:0',
       grad_fn=<SoftmaxBackward0>)
tensor([[0.2494, 0.2516, 0.2512, 0.2478],
        [0.2497, 0.2494, 0.2499, 0.2510],
        [0.2494, 0.2500, 0.2501, 0.2506]], device='cuda:0',
       grad_fn=<SoftmaxBackward0>)
tensor([[0.2489, 0.2509, 0.2513, 0.2489],
        [0.2502, 0.2491, 0.2513, 0.2494],
        [0.2499, 0.2496, 0.2493, 0.2512]], device='cuda:0',
       grad_fn=<SoftmaxBackward0>)
tensor([[0.2484, 0.2496, 0.2519, 0.2501],
        [0.2489, 0.2502, 0.2503, 0.2507],
        [0.2472, 0.2510, 0.2525, 0.2493]], device='cuda:0',
       grad_fn=<SoftmaxBackward0>)
tensor([[0.2498, 0.2512, 0.2524, 0.2466],
        [0.2489, 0.2507, 0.2521, 0.2484],
        [0.2491, 0.2479, 0.2480, 0.2549]], device='cuda:0',
       grad_fn=<SoftmaxBackward0>)
#####################
05/30 10:25:39午後 searchStage_trainer.py:211 [INFO] Train: Epoch: [2][50/390]	Step 832	lr 0.02491	Loss 1.4998 (1.4623)	Prec@(1,5) (46.2%, 91.8%)	
05/30 10:25:55午後 searchStage_trainer.py:211 [INFO] Train: Epoch: [2][100/390]	Step 882	lr 0.02491	Loss 1.1931 (1.4811)	Prec@(1,5) (45.0%, 91.5%)	
05/30 10:26:11午後 searchStage_trainer.py:211 [INFO] Train: Epoch: [2][150/390]	Step 932	lr 0.02491	Loss 1.6955 (1.4814)	Prec@(1,5) (45.2%, 91.5%)	
05/30 10:26:27午後 searchStage_trainer.py:211 [INFO] Train: Epoch: [2][200/390]	Step 982	lr 0.02491	Loss 1.4139 (1.4738)	Prec@(1,5) (45.4%, 91.7%)	
05/30 10:26:43午後 searchStage_trainer.py:211 [INFO] Train: Epoch: [2][250/390]	Step 1032	lr 0.02491	Loss 1.0759 (1.4572)	Prec@(1,5) (46.2%, 91.9%)	
05/30 10:26:59午後 searchStage_trainer.py:211 [INFO] Train: Epoch: [2][300/390]	Step 1082	lr 0.02491	Loss 1.2876 (1.4494)	Prec@(1,5) (46.6%, 92.0%)	
05/30 10:27:16午後 searchStage_trainer.py:211 [INFO] Train: Epoch: [2][350/390]	Step 1132	lr 0.02491	Loss 1.3572 (1.4447)	Prec@(1,5) (46.9%, 92.2%)	
05/30 10:27:29午後 searchStage_trainer.py:211 [INFO] Train: Epoch: [2][390/390]	Step 1172	lr 0.02491	Loss 1.5862 (1.4358)	Prec@(1,5) (47.2%, 92.3%)	
05/30 10:27:29午後 searchStage_trainer.py:221 [INFO] Train: [  2/49] Final Prec@1 47.2280%
05/30 10:27:31午後 searchStage_trainer.py:249 [INFO] Valid: Epoch: [2][50/391]	Step 1173	Loss 1.5457	Prec@(1,5) (43.9%, 92.2%)
05/30 10:27:34午後 searchStage_trainer.py:249 [INFO] Valid: Epoch: [2][100/391]	Step 1173	Loss 1.5101	Prec@(1,5) (45.4%, 92.5%)
05/30 10:27:36午後 searchStage_trainer.py:249 [INFO] Valid: Epoch: [2][150/391]	Step 1173	Loss 1.5042	Prec@(1,5) (45.8%, 92.5%)
05/30 10:27:38午後 searchStage_trainer.py:249 [INFO] Valid: Epoch: [2][200/391]	Step 1173	Loss 1.5110	Prec@(1,5) (45.7%, 92.2%)
05/30 10:27:40午後 searchStage_trainer.py:249 [INFO] Valid: Epoch: [2][250/391]	Step 1173	Loss 1.5194	Prec@(1,5) (45.3%, 92.2%)
05/30 10:27:42午後 searchStage_trainer.py:249 [INFO] Valid: Epoch: [2][300/391]	Step 1173	Loss 1.5152	Prec@(1,5) (45.5%, 92.2%)
05/30 10:27:45午後 searchStage_trainer.py:249 [INFO] Valid: Epoch: [2][350/391]	Step 1173	Loss 1.5157	Prec@(1,5) (45.6%, 92.3%)
05/30 10:27:47午後 searchStage_trainer.py:249 [INFO] Valid: Epoch: [2][390/391]	Step 1173	Loss 1.5157	Prec@(1,5) (45.5%, 92.3%)
05/30 10:27:47午後 searchStage_trainer.py:260 [INFO] Valid: [  2/49] Final Prec@1 45.5200%
05/30 10:27:47午後 searchStage_main.py:59 [INFO] DAG = Genotype2(DAG1=[[('avg_pool_3x3', 1), ('avg_pool_3x3', 0)], [('avg_pool_3x3', 2), ('avg_pool_3x3', 0)], [('avg_pool_3x3', 2), ('avg_pool_3x3', 3)], [('avg_pool_3x3', 4), ('avg_pool_3x3', 2)], [('avg_pool_3x3', 4), ('avg_pool_3x3', 5)], [('avg_pool_3x3', 5), ('avg_pool_3x3', 4)]], DAG1_concat=range(6, 8), DAG2=[[('skip_connect', 0), ('avg_pool_3x3', 1)], [('avg_pool_3x3', 2), ('skip_connect', 0)], [('avg_pool_3x3', 3), ('avg_pool_3x3', 2)], [('avg_pool_3x3', 4), ('avg_pool_3x3', 3)], [('avg_pool_3x3', 5), ('avg_pool_3x3', 4)], [('avg_pool_3x3', 6), ('avg_pool_3x3', 5)]], DAG2_concat=range(6, 8), DAG3=[[('skip_connect', 0), ('max_pool_3x3', 1)], [('skip_connect', 2), ('skip_connect', 0)], [('skip_connect', 3), ('max_pool_3x3', 2)], [('skip_connect', 3), ('max_pool_3x3', 4)], [('skip_connect', 5), ('skip_connect', 3)], [('skip_connect', 5), ('skip_connect', 4)]], DAG3_concat=range(6, 8))
05/30 10:27:47午後 searchStage_main.py:79 [INFO] Until now, best Prec@1 = 45.5200%
####### ALPHA #######
# Alpha - DAG
tensor([[0.2475, 0.2601, 0.2526, 0.2398],
        [0.2525, 0.2689, 0.2539, 0.2247]], device='cuda:0',
       grad_fn=<SoftmaxBackward0>)
tensor([[0.2428, 0.2643, 0.2546, 0.2382],
        [0.2531, 0.2614, 0.2553, 0.2302],
        [0.2611, 0.2798, 0.2354, 0.2237]], device='cuda:0',
       grad_fn=<SoftmaxBackward0>)
tensor([[0.2484, 0.2596, 0.2595, 0.2325],
        [0.2605, 0.2813, 0.2369, 0.2213],
        [0.2564, 0.2803, 0.2364, 0.2269]], device='cuda:0',
       grad_fn=<SoftmaxBackward0>)
tensor([[0.2544, 0.2739, 0.2405, 0.2312],
        [0.2601, 0.2734, 0.2380, 0.2285],
        [0.2593, 0.2780, 0.2395, 0.2232]], device='cuda:0',
       grad_fn=<SoftmaxBackward0>)
tensor([[0.2605, 0.2746, 0.2343, 0.2306],
        [0.2582, 0.2758, 0.2375, 0.2284],
        [0.2610, 0.2745, 0.2381, 0.2263]], device='cuda:0',
       grad_fn=<SoftmaxBackward0>)
tensor([[0.2532, 0.2715, 0.2448, 0.2305],
        [0.2566, 0.2737, 0.2382, 0.2315],
        [0.2565, 0.2692, 0.2370, 0.2374]], device='cuda:0',
       grad_fn=<SoftmaxBackward0>)
tensor([[0.2474, 0.2501, 0.2522, 0.2503],
        [0.2505, 0.2513, 0.2510, 0.2472]], device='cuda:0',
       grad_fn=<SoftmaxBackward0>)
tensor([[0.2500, 0.2508, 0.2531, 0.2461],
        [0.2505, 0.2505, 0.2512, 0.2478],
        [0.2523, 0.2530, 0.2475, 0.2471]], device='cuda:0',
       grad_fn=<SoftmaxBackward0>)
tensor([[0.2506, 0.2508, 0.2504, 0.2481],
        [0.2511, 0.2518, 0.2480, 0.2490],
        [0.2518, 0.2520, 0.2499, 0.2463]], device='cuda:0',
       grad_fn=<SoftmaxBackward0>)
tensor([[0.2506, 0.2514, 0.2489, 0.2491],
        [0.2508, 0.2515, 0.2492, 0.2485],
        [0.2513, 0.2515, 0.2495, 0.2478]], device='cuda:0',
       grad_fn=<SoftmaxBackward0>)
tensor([[0.2515, 0.2510, 0.2487, 0.2488],
        [0.2512, 0.2514, 0.2493, 0.2482],
        [0.2515, 0.2520, 0.2483, 0.2482]], device='cuda:0',
       grad_fn=<SoftmaxBackward0>)
tensor([[0.2507, 0.2506, 0.2491, 0.2496],
        [0.2502, 0.2505, 0.2495, 0.2498],
        [0.2511, 0.2514, 0.2498, 0.2477]], device='cuda:0',
       grad_fn=<SoftmaxBackward0>)
tensor([[0.2501, 0.2493, 0.2504, 0.2503],
        [0.2504, 0.2496, 0.2503, 0.2498]], device='cuda:0',
       grad_fn=<SoftmaxBackward0>)
tensor([[0.2499, 0.2495, 0.2501, 0.2506],
        [0.2502, 0.2488, 0.2496, 0.2514],
        [0.2500, 0.2504, 0.2513, 0.2483]], device='cuda:0',
       grad_fn=<SoftmaxBackward0>)
tensor([[0.2490, 0.2521, 0.2518, 0.2471],
        [0.2497, 0.2494, 0.2497, 0.2512],
        [0.2492, 0.2499, 0.2501, 0.2508]], device='cuda:0',
       grad_fn=<SoftmaxBackward0>)
tensor([[0.2485, 0.2511, 0.2519, 0.2484],
        [0.2502, 0.2490, 0.2515, 0.2493],
        [0.2499, 0.2494, 0.2490, 0.2517]], device='cuda:0',
       grad_fn=<SoftmaxBackward0>)
tensor([[0.2478, 0.2493, 0.2527, 0.2502],
        [0.2484, 0.2502, 0.2504, 0.2509],
        [0.2463, 0.2512, 0.2534, 0.2491]], device='cuda:0',
       grad_fn=<SoftmaxBackward0>)
tensor([[0.2499, 0.2516, 0.2533, 0.2453],
        [0.2484, 0.2508, 0.2530, 0.2478],
        [0.2489, 0.2472, 0.2472, 0.2567]], device='cuda:0',
       grad_fn=<SoftmaxBackward0>)
#####################
05/30 10:28:04午後 searchStage_trainer.py:211 [INFO] Train: Epoch: [3][50/390]	Step 1223	lr 0.02479	Loss 1.5571 (1.3448)	Prec@(1,5) (50.7%, 93.1%)	
05/30 10:28:20午後 searchStage_trainer.py:211 [INFO] Train: Epoch: [3][100/390]	Step 1273	lr 0.02479	Loss 1.3375 (1.3372)	Prec@(1,5) (51.3%, 93.2%)	
05/30 10:28:36午後 searchStage_trainer.py:211 [INFO] Train: Epoch: [3][150/390]	Step 1323	lr 0.02479	Loss 1.2504 (1.3236)	Prec@(1,5) (51.8%, 93.5%)	
05/30 10:28:52午後 searchStage_trainer.py:211 [INFO] Train: Epoch: [3][200/390]	Step 1373	lr 0.02479	Loss 1.2156 (1.3180)	Prec@(1,5) (52.1%, 93.6%)	
05/30 10:29:09午後 searchStage_trainer.py:211 [INFO] Train: Epoch: [3][250/390]	Step 1423	lr 0.02479	Loss 1.3813 (1.3198)	Prec@(1,5) (52.2%, 93.6%)	
05/30 10:29:25午後 searchStage_trainer.py:211 [INFO] Train: Epoch: [3][300/390]	Step 1473	lr 0.02479	Loss 1.1592 (1.3122)	Prec@(1,5) (52.4%, 93.7%)	
05/30 10:29:41午後 searchStage_trainer.py:211 [INFO] Train: Epoch: [3][350/390]	Step 1523	lr 0.02479	Loss 1.3825 (1.3074)	Prec@(1,5) (52.5%, 93.7%)	
05/30 10:29:55午後 searchStage_trainer.py:211 [INFO] Train: Epoch: [3][390/390]	Step 1563	lr 0.02479	Loss 1.3573 (1.3015)	Prec@(1,5) (52.7%, 93.8%)	
05/30 10:29:55午後 searchStage_trainer.py:221 [INFO] Train: [  3/49] Final Prec@1 52.7000%
05/30 10:29:57午後 searchStage_trainer.py:249 [INFO] Valid: Epoch: [3][50/391]	Step 1564	Loss 1.6050	Prec@(1,5) (46.7%, 91.1%)
05/30 10:30:00午後 searchStage_trainer.py:249 [INFO] Valid: Epoch: [3][100/391]	Step 1564	Loss 1.5883	Prec@(1,5) (47.1%, 91.5%)
05/30 10:30:02午後 searchStage_trainer.py:249 [INFO] Valid: Epoch: [3][150/391]	Step 1564	Loss 1.5896	Prec@(1,5) (47.0%, 91.7%)
05/30 10:30:04午後 searchStage_trainer.py:249 [INFO] Valid: Epoch: [3][200/391]	Step 1564	Loss 1.5977	Prec@(1,5) (46.8%, 91.6%)
05/30 10:30:06午後 searchStage_trainer.py:249 [INFO] Valid: Epoch: [3][250/391]	Step 1564	Loss 1.6014	Prec@(1,5) (46.9%, 91.6%)
05/30 10:30:08午後 searchStage_trainer.py:249 [INFO] Valid: Epoch: [3][300/391]	Step 1564	Loss 1.5977	Prec@(1,5) (46.8%, 91.7%)
05/30 10:30:11午後 searchStage_trainer.py:249 [INFO] Valid: Epoch: [3][350/391]	Step 1564	Loss 1.6055	Prec@(1,5) (46.6%, 91.7%)
05/30 10:30:12午後 searchStage_trainer.py:249 [INFO] Valid: Epoch: [3][390/391]	Step 1564	Loss 1.6080	Prec@(1,5) (46.6%, 91.6%)
05/30 10:30:12午後 searchStage_trainer.py:260 [INFO] Valid: [  3/49] Final Prec@1 46.5520%
05/30 10:30:12午後 searchStage_main.py:59 [INFO] DAG = Genotype2(DAG1=[[('avg_pool_3x3', 1), ('avg_pool_3x3', 0)], [('avg_pool_3x3', 2), ('avg_pool_3x3', 0)], [('avg_pool_3x3', 3), ('avg_pool_3x3', 2)], [('avg_pool_3x3', 4), ('avg_pool_3x3', 3)], [('avg_pool_3x3', 5), ('avg_pool_3x3', 4)], [('avg_pool_3x3', 6), ('avg_pool_3x3', 5)]], DAG1_concat=range(6, 8), DAG2=[[('skip_connect', 0), ('avg_pool_3x3', 1)], [('avg_pool_3x3', 2), ('skip_connect', 0)], [('avg_pool_3x3', 3), ('avg_pool_3x3', 2)], [('avg_pool_3x3', 4), ('avg_pool_3x3', 3)], [('avg_pool_3x3', 5), ('max_pool_3x3', 4)], [('avg_pool_3x3', 6), ('avg_pool_3x3', 5)]], DAG2_concat=range(6, 8), DAG3=[[('max_pool_3x3', 1), ('skip_connect', 0)], [('skip_connect', 2), ('skip_connect', 0)], [('skip_connect', 3), ('max_pool_3x3', 2)], [('max_pool_3x3', 4), ('skip_connect', 3)], [('skip_connect', 5), ('skip_connect', 4)], [('skip_connect', 5), ('skip_connect', 4)]], DAG3_concat=range(6, 8))
05/30 10:30:13午後 searchStage_main.py:79 [INFO] Until now, best Prec@1 = 46.5520%
####### ALPHA #######
# Alpha - DAG
tensor([[0.2485, 0.2678, 0.2508, 0.2328],
        [0.2541, 0.2758, 0.2544, 0.2157]], device='cuda:0',
       grad_fn=<SoftmaxBackward0>)
tensor([[0.2449, 0.2720, 0.2543, 0.2288],
        [0.2509, 0.2660, 0.2572, 0.2260],
        [0.2621, 0.2939, 0.2311, 0.2129]], device='cuda:0',
       grad_fn=<SoftmaxBackward0>)
tensor([[0.2511, 0.2609, 0.2595, 0.2285],
        [0.2642, 0.2906, 0.2330, 0.2123],
        [0.2607, 0.2915, 0.2329, 0.2149]], device='cuda:0',
       grad_fn=<SoftmaxBackward0>)
tensor([[0.2577, 0.2814, 0.2370, 0.2239],
        [0.2622, 0.2821, 0.2368, 0.2190],
        [0.2644, 0.2850, 0.2342, 0.2164]], device='cuda:0',
       grad_fn=<SoftmaxBackward0>)
tensor([[0.2630, 0.2826, 0.2319, 0.2225],
        [0.2611, 0.2847, 0.2332, 0.2210],
        [0.2638, 0.2831, 0.2339, 0.2193]], device='cuda:0',
       grad_fn=<SoftmaxBackward0>)
tensor([[0.2564, 0.2773, 0.2406, 0.2257],
        [0.2600, 0.2791, 0.2348, 0.2261],
        [0.2600, 0.2770, 0.2339, 0.2291]], device='cuda:0',
       grad_fn=<SoftmaxBackward0>)
tensor([[0.2474, 0.2499, 0.2524, 0.2503],
        [0.2503, 0.2520, 0.2511, 0.2466]], device='cuda:0',
       grad_fn=<SoftmaxBackward0>)
tensor([[0.2500, 0.2511, 0.2527, 0.2462],
        [0.2510, 0.2508, 0.2514, 0.2468],
        [0.2527, 0.2536, 0.2475, 0.2463]], device='cuda:0',
       grad_fn=<SoftmaxBackward0>)
tensor([[0.2505, 0.2512, 0.2507, 0.2477],
        [0.2508, 0.2524, 0.2481, 0.2487],
        [0.2518, 0.2523, 0.2500, 0.2459]], device='cuda:0',
       grad_fn=<SoftmaxBackward0>)
tensor([[0.2512, 0.2515, 0.2486, 0.2487],
        [0.2510, 0.2517, 0.2492, 0.2481],
        [0.2512, 0.2517, 0.2494, 0.2477]], device='cuda:0',
       grad_fn=<SoftmaxBackward0>)
tensor([[0.2519, 0.2513, 0.2484, 0.2484],
        [0.2515, 0.2514, 0.2488, 0.2483],
        [0.2516, 0.2523, 0.2485, 0.2475]], device='cuda:0',
       grad_fn=<SoftmaxBackward0>)
tensor([[0.2510, 0.2506, 0.2490, 0.2493],
        [0.2506, 0.2506, 0.2491, 0.2497],
        [0.2513, 0.2516, 0.2498, 0.2473]], device='cuda:0',
       grad_fn=<SoftmaxBackward0>)
tensor([[0.2501, 0.2492, 0.2504, 0.2503],
        [0.2505, 0.2494, 0.2504, 0.2497]], device='cuda:0',
       grad_fn=<SoftmaxBackward0>)
tensor([[0.2499, 0.2492, 0.2501, 0.2508],
        [0.2502, 0.2487, 0.2495, 0.2516],
        [0.2501, 0.2504, 0.2514, 0.2481]], device='cuda:0',
       grad_fn=<SoftmaxBackward0>)
tensor([[0.2488, 0.2527, 0.2523, 0.2463],
        [0.2497, 0.2492, 0.2496, 0.2514],
        [0.2490, 0.2498, 0.2501, 0.2511]], device='cuda:0',
       grad_fn=<SoftmaxBackward0>)
tensor([[0.2481, 0.2513, 0.2525, 0.2480],
        [0.2502, 0.2490, 0.2517, 0.2492],
        [0.2500, 0.2492, 0.2487, 0.2522]], device='cuda:0',
       grad_fn=<SoftmaxBackward0>)
tensor([[0.2473, 0.2491, 0.2532, 0.2504],
        [0.2480, 0.2502, 0.2505, 0.2512],
        [0.2457, 0.2514, 0.2542, 0.2488]], device='cuda:0',
       grad_fn=<SoftmaxBackward0>)
tensor([[0.2498, 0.2520, 0.2542, 0.2440],
        [0.2481, 0.2508, 0.2537, 0.2474],
        [0.2488, 0.2465, 0.2464, 0.2583]], device='cuda:0',
       grad_fn=<SoftmaxBackward0>)
#####################
05/30 10:30:30午後 searchStage_trainer.py:211 [INFO] Train: Epoch: [4][50/390]	Step 1614	lr 0.02462	Loss 1.0214 (1.2425)	Prec@(1,5) (54.8%, 94.8%)	
05/30 10:30:46午後 searchStage_trainer.py:211 [INFO] Train: Epoch: [4][100/390]	Step 1664	lr 0.02462	Loss 1.4213 (1.2247)	Prec@(1,5) (55.5%, 94.6%)	
05/30 10:31:02午後 searchStage_trainer.py:211 [INFO] Train: Epoch: [4][150/390]	Step 1714	lr 0.02462	Loss 1.0432 (1.2252)	Prec@(1,5) (55.7%, 94.5%)	
05/30 10:31:18午後 searchStage_trainer.py:211 [INFO] Train: Epoch: [4][200/390]	Step 1764	lr 0.02462	Loss 1.0439 (1.2148)	Prec@(1,5) (56.1%, 94.6%)	
05/30 10:31:35午後 searchStage_trainer.py:211 [INFO] Train: Epoch: [4][250/390]	Step 1814	lr 0.02462	Loss 1.2134 (1.2162)	Prec@(1,5) (55.9%, 94.6%)	
05/30 10:31:51午後 searchStage_trainer.py:211 [INFO] Train: Epoch: [4][300/390]	Step 1864	lr 0.02462	Loss 1.2998 (1.2078)	Prec@(1,5) (56.3%, 94.7%)	
05/30 10:32:07午後 searchStage_trainer.py:211 [INFO] Train: Epoch: [4][350/390]	Step 1914	lr 0.02462	Loss 1.0477 (1.2003)	Prec@(1,5) (56.6%, 94.8%)	
05/30 10:32:20午後 searchStage_trainer.py:211 [INFO] Train: Epoch: [4][390/390]	Step 1954	lr 0.02462	Loss 1.0689 (1.1939)	Prec@(1,5) (57.0%, 94.8%)	
05/30 10:32:20午後 searchStage_trainer.py:221 [INFO] Train: [  4/49] Final Prec@1 57.0240%
05/30 10:32:23午後 searchStage_trainer.py:249 [INFO] Valid: Epoch: [4][50/391]	Step 1955	Loss 1.1675	Prec@(1,5) (58.6%, 94.7%)
05/30 10:32:25午後 searchStage_trainer.py:249 [INFO] Valid: Epoch: [4][100/391]	Step 1955	Loss 1.1781	Prec@(1,5) (58.4%, 95.0%)
05/30 10:32:27午後 searchStage_trainer.py:249 [INFO] Valid: Epoch: [4][150/391]	Step 1955	Loss 1.1839	Prec@(1,5) (58.1%, 95.1%)
05/30 10:32:30午後 searchStage_trainer.py:249 [INFO] Valid: Epoch: [4][200/391]	Step 1955	Loss 1.1892	Prec@(1,5) (57.7%, 95.1%)
05/30 10:32:32午後 searchStage_trainer.py:249 [INFO] Valid: Epoch: [4][250/391]	Step 1955	Loss 1.1860	Prec@(1,5) (57.8%, 95.1%)
05/30 10:32:34午後 searchStage_trainer.py:249 [INFO] Valid: Epoch: [4][300/391]	Step 1955	Loss 1.1837	Prec@(1,5) (58.0%, 95.1%)
05/30 10:32:36午後 searchStage_trainer.py:249 [INFO] Valid: Epoch: [4][350/391]	Step 1955	Loss 1.1820	Prec@(1,5) (58.0%, 95.2%)
05/30 10:32:38午後 searchStage_trainer.py:249 [INFO] Valid: Epoch: [4][390/391]	Step 1955	Loss 1.1792	Prec@(1,5) (58.1%, 95.2%)
05/30 10:32:38午後 searchStage_trainer.py:260 [INFO] Valid: [  4/49] Final Prec@1 58.0880%
05/30 10:32:38午後 searchStage_main.py:59 [INFO] DAG = Genotype2(DAG1=[[('avg_pool_3x3', 1), ('avg_pool_3x3', 0)], [('avg_pool_3x3', 2), ('avg_pool_3x3', 0)], [('avg_pool_3x3', 3), ('avg_pool_3x3', 2)], [('avg_pool_3x3', 4), ('avg_pool_3x3', 3)], [('avg_pool_3x3', 5), ('avg_pool_3x3', 4)], [('avg_pool_3x3', 6), ('avg_pool_3x3', 5)]], DAG1_concat=range(6, 8), DAG2=[[('avg_pool_3x3', 1), ('skip_connect', 0)], [('avg_pool_3x3', 2), ('skip_connect', 0)], [('avg_pool_3x3', 3), ('avg_pool_3x3', 2)], [('avg_pool_3x3', 4), ('avg_pool_3x3', 3)], [('avg_pool_3x3', 5), ('avg_pool_3x3', 4)], [('avg_pool_3x3', 6), ('avg_pool_3x3', 5)]], DAG2_concat=range(6, 8), DAG3=[[('max_pool_3x3', 1), ('skip_connect', 0)], [('skip_connect', 2), ('skip_connect', 0)], [('skip_connect', 3), ('max_pool_3x3', 2)], [('max_pool_3x3', 4), ('skip_connect', 3)], [('skip_connect', 5), ('skip_connect', 4)], [('skip_connect', 5), ('max_pool_3x3', 6)]], DAG3_concat=range(6, 8))
05/30 10:32:38午後 searchStage_main.py:79 [INFO] Until now, best Prec@1 = 58.0880%
####### ALPHA #######
# Alpha - DAG
tensor([[0.2472, 0.2755, 0.2557, 0.2215],
        [0.2558, 0.2842, 0.2514, 0.2086]], device='cuda:0',
       grad_fn=<SoftmaxBackward0>)
tensor([[0.2448, 0.2764, 0.2554, 0.2235],
        [0.2538, 0.2728, 0.2584, 0.2150],
        [0.2668, 0.3054, 0.2243, 0.2035]], device='cuda:0',
       grad_fn=<SoftmaxBackward0>)
tensor([[0.2520, 0.2657, 0.2626, 0.2197],
        [0.2679, 0.2992, 0.2266, 0.2063],
        [0.2657, 0.3014, 0.2287, 0.2042]], device='cuda:0',
       grad_fn=<SoftmaxBackward0>)
tensor([[0.2600, 0.2891, 0.2334, 0.2176],
        [0.2651, 0.2895, 0.2330, 0.2123],
        [0.2686, 0.2931, 0.2310, 0.2073]], device='cuda:0',
       grad_fn=<SoftmaxBackward0>)
tensor([[0.2668, 0.2894, 0.2288, 0.2151],
        [0.2638, 0.2925, 0.2292, 0.2145],
        [0.2685, 0.2901, 0.2299, 0.2114]], device='cuda:0',
       grad_fn=<SoftmaxBackward0>)
tensor([[0.2594, 0.2836, 0.2389, 0.2181],
        [0.2615, 0.2850, 0.2308, 0.2228],
        [0.2628, 0.2845, 0.2312, 0.2215]], device='cuda:0',
       grad_fn=<SoftmaxBackward0>)
tensor([[0.2472, 0.2495, 0.2522, 0.2511],
        [0.2508, 0.2523, 0.2515, 0.2454]], device='cuda:0',
       grad_fn=<SoftmaxBackward0>)
tensor([[0.2505, 0.2512, 0.2528, 0.2455],
        [0.2509, 0.2502, 0.2515, 0.2475],
        [0.2528, 0.2541, 0.2477, 0.2454]], device='cuda:0',
       grad_fn=<SoftmaxBackward0>)
tensor([[0.2504, 0.2512, 0.2508, 0.2476],
        [0.2511, 0.2526, 0.2477, 0.2485],
        [0.2517, 0.2525, 0.2503, 0.2455]], device='cuda:0',
       grad_fn=<SoftmaxBackward0>)
tensor([[0.2515, 0.2512, 0.2481, 0.2491],
        [0.2514, 0.2518, 0.2489, 0.2480],
        [0.2515, 0.2521, 0.2494, 0.2469]], device='cuda:0',
       grad_fn=<SoftmaxBackward0>)
tensor([[0.2519, 0.2516, 0.2489, 0.2476],
        [0.2513, 0.2515, 0.2486, 0.2487],
        [0.2514, 0.2525, 0.2487, 0.2474]], device='cuda:0',
       grad_fn=<SoftmaxBackward0>)
tensor([[0.2512, 0.2508, 0.2488, 0.2492],
        [0.2507, 0.2509, 0.2492, 0.2492],
        [0.2513, 0.2517, 0.2496, 0.2473]], device='cuda:0',
       grad_fn=<SoftmaxBackward0>)
tensor([[0.2502, 0.2491, 0.2504, 0.2503],
        [0.2507, 0.2493, 0.2503, 0.2497]], device='cuda:0',
       grad_fn=<SoftmaxBackward0>)
tensor([[0.2499, 0.2491, 0.2502, 0.2509],
        [0.2501, 0.2484, 0.2495, 0.2519],
        [0.2501, 0.2504, 0.2516, 0.2479]], device='cuda:0',
       grad_fn=<SoftmaxBackward0>)
tensor([[0.2485, 0.2531, 0.2527, 0.2457],
        [0.2498, 0.2492, 0.2495, 0.2515],
        [0.2489, 0.2497, 0.2501, 0.2513]], device='cuda:0',
       grad_fn=<SoftmaxBackward0>)
tensor([[0.2479, 0.2515, 0.2529, 0.2478],
        [0.2502, 0.2489, 0.2518, 0.2491],
        [0.2500, 0.2491, 0.2485, 0.2524]], device='cuda:0',
       grad_fn=<SoftmaxBackward0>)
tensor([[0.2470, 0.2488, 0.2536, 0.2506],
        [0.2478, 0.2502, 0.2507, 0.2513],
        [0.2452, 0.2515, 0.2546, 0.2487]], device='cuda:0',
       grad_fn=<SoftmaxBackward0>)
tensor([[0.2499, 0.2522, 0.2547, 0.2431],
        [0.2479, 0.2509, 0.2543, 0.2470],
        [0.2487, 0.2460, 0.2459, 0.2594]], device='cuda:0',
       grad_fn=<SoftmaxBackward0>)
#####################
05/30 10:32:55午後 searchStage_trainer.py:211 [INFO] Train: Epoch: [5][50/390]	Step 2005	lr 0.02441	Loss 1.3308 (1.1326)	Prec@(1,5) (60.4%, 95.7%)	
05/30 10:33:12午後 searchStage_trainer.py:211 [INFO] Train: Epoch: [5][100/390]	Step 2055	lr 0.02441	Loss 1.1710 (1.1127)	Prec@(1,5) (60.7%, 95.7%)	
05/30 10:33:28午後 searchStage_trainer.py:211 [INFO] Train: Epoch: [5][150/390]	Step 2105	lr 0.02441	Loss 1.0421 (1.1090)	Prec@(1,5) (60.5%, 95.8%)	
05/30 10:33:44午後 searchStage_trainer.py:211 [INFO] Train: Epoch: [5][200/390]	Step 2155	lr 0.02441	Loss 0.8368 (1.1129)	Prec@(1,5) (60.4%, 95.7%)	
05/30 10:34:00午後 searchStage_trainer.py:211 [INFO] Train: Epoch: [5][250/390]	Step 2205	lr 0.02441	Loss 1.0828 (1.1090)	Prec@(1,5) (60.4%, 95.8%)	
05/30 10:34:17午後 searchStage_trainer.py:211 [INFO] Train: Epoch: [5][300/390]	Step 2255	lr 0.02441	Loss 1.0203 (1.1109)	Prec@(1,5) (60.3%, 95.8%)	
05/30 10:34:33午後 searchStage_trainer.py:211 [INFO] Train: Epoch: [5][350/390]	Step 2305	lr 0.02441	Loss 0.9946 (1.1032)	Prec@(1,5) (60.6%, 95.8%)	
05/30 10:34:46午後 searchStage_trainer.py:211 [INFO] Train: Epoch: [5][390/390]	Step 2345	lr 0.02441	Loss 0.7976 (1.0993)	Prec@(1,5) (60.7%, 95.8%)	
05/30 10:34:46午後 searchStage_trainer.py:221 [INFO] Train: [  5/49] Final Prec@1 60.7240%
05/30 10:34:49午後 searchStage_trainer.py:249 [INFO] Valid: Epoch: [5][50/391]	Step 2346	Loss 1.2471	Prec@(1,5) (57.3%, 95.2%)
05/30 10:34:51午後 searchStage_trainer.py:249 [INFO] Valid: Epoch: [5][100/391]	Step 2346	Loss 1.2316	Prec@(1,5) (57.9%, 95.4%)
05/30 10:34:53午後 searchStage_trainer.py:249 [INFO] Valid: Epoch: [5][150/391]	Step 2346	Loss 1.2401	Prec@(1,5) (57.8%, 95.3%)
05/30 10:34:55午後 searchStage_trainer.py:249 [INFO] Valid: Epoch: [5][200/391]	Step 2346	Loss 1.2309	Prec@(1,5) (57.9%, 95.4%)
