05/25 05:32:25PM parser.py:28 [INFO] 
05/25 05:32:25PM parser.py:29 [INFO] Parameters:
05/25 05:32:25PM parser.py:31 [INFO] DAG_PATH=results/search_Stage/CIFAR10/PRET_CIFAR10/EXP(20240524-052120)-20240525-173225/DAG
05/25 05:32:25PM parser.py:31 [INFO] ALPHA_LR=0.0003
05/25 05:32:25PM parser.py:31 [INFO] ALPHA_WEIGHT_DECAY=0.001
05/25 05:32:25PM parser.py:31 [INFO] BATCH_SIZE=64
05/25 05:32:25PM parser.py:31 [INFO] CHECKPOINT_RESET=True
05/25 05:32:25PM parser.py:31 [INFO] DATA_PATH=../data/
05/25 05:32:25PM parser.py:31 [INFO] DATASET=CIFAR10
05/25 05:32:25PM parser.py:31 [INFO] EPOCHS=50
05/25 05:32:25PM parser.py:31 [INFO] EXP_NAME=EXP(20240524-052120)-20240525-173225
05/25 05:32:25PM parser.py:31 [INFO] GENOTYPE=Genotype(normal=[[('sep_conv_3x3', 1), ('sep_conv_3x3', 0)], [('skip_connect', 0), ('sep_conv_3x3', 1)], [('skip_connect', 0), ('sep_conv_3x3', 1)], [('sep_conv_3x3', 0), ('skip_connect', 2)]], normal_concat=[2, 3, 4, 5], reduce=[[('max_pool_3x3', 0), ('max_pool_3x3', 1)], [('skip_connect', 2), ('max_pool_3x3', 0)], [('max_pool_3x3', 0), ('skip_connect', 2)], [('skip_connect', 2), ('avg_pool_3x3', 0)]], reduce_concat=[2, 3, 4, 5])
05/25 05:32:25PM parser.py:31 [INFO] GPUS=[0]
05/25 05:32:25PM parser.py:31 [INFO] INIT_CHANNELS=16
05/25 05:32:25PM parser.py:31 [INFO] LAYERS=20
05/25 05:32:25PM parser.py:31 [INFO] LOCAL_RANK=0
05/25 05:32:25PM parser.py:31 [INFO] LOGGER=<Logger H-DAS (INFO)>
05/25 05:32:25PM parser.py:31 [INFO] NAME=PRET_CIFAR10
05/25 05:32:25PM parser.py:31 [INFO] PATH=results/search_Stage/CIFAR10/PRET_CIFAR10/EXP(20240524-052120)-20240525-173225
05/25 05:32:25PM parser.py:31 [INFO] PRINT_FREQ=50
05/25 05:32:25PM parser.py:31 [INFO] RESUME_PATH=/home/miura/lab/research-hdas/results/search_Stage/CIFAR10/SCRATCH/EXP-20240524-052120/best.pth.tar
05/25 05:32:25PM parser.py:31 [INFO] SAVE=EXP(20240524-052120)
05/25 05:32:25PM parser.py:31 [INFO] SEED=0
05/25 05:32:25PM parser.py:31 [INFO] SHARE_STAGE=True
05/25 05:32:25PM parser.py:31 [INFO] TRAIN_PORTION=0.5
05/25 05:32:25PM parser.py:31 [INFO] W_GRAD_CLIP=5.0
05/25 05:32:25PM parser.py:31 [INFO] W_LR=0.025
05/25 05:32:25PM parser.py:31 [INFO] W_LR_MIN=0.001
05/25 05:32:25PM parser.py:31 [INFO] W_MOMENTUM=0.9
05/25 05:32:25PM parser.py:31 [INFO] W_WEIGHT_DECAY=0.0003
05/25 05:32:25PM parser.py:31 [INFO] WORKERS=4
05/25 05:32:25PM parser.py:32 [INFO] 
05/25 05:32:27PM searchStage_trainer.py:110 [INFO] --> Loaded checkpoint '/home/miura/lab/research-hdas/results/search_Stage/CIFAR10/SCRATCH/EXP-20240524-052120/best.pth.tar'(Reseted epoch 0)
####### ALPHA #######
# Alpha - DAG
tensor([[0.2529, 0.2776, 0.2538, 0.2157],
        [0.2434, 0.2712, 0.2645, 0.2209]], device='cuda:0',
       grad_fn=<SoftmaxBackward0>)
tensor([[0.2546, 0.2683, 0.2720, 0.2051],
        [0.2409, 0.2712, 0.2672, 0.2207],
        [0.2558, 0.2840, 0.2385, 0.2217]], device='cuda:0',
       grad_fn=<SoftmaxBackward0>)
tensor([[0.2492, 0.2801, 0.2690, 0.2016],
        [0.2563, 0.2745, 0.2382, 0.2310],
        [0.2593, 0.2739, 0.2353, 0.2314]], device='cuda:0',
       grad_fn=<SoftmaxBackward0>)
tensor([[0.2480, 0.2704, 0.2435, 0.2381],
        [0.2494, 0.2701, 0.2515, 0.2291],
        [0.2470, 0.2680, 0.2512, 0.2337]], device='cuda:0',
       grad_fn=<SoftmaxBackward0>)
tensor([[0.2364, 0.2750, 0.2642, 0.2244],
        [0.2410, 0.2708, 0.2574, 0.2308],
        [0.2454, 0.2713, 0.2463, 0.2370]], device='cuda:0',
       grad_fn=<SoftmaxBackward0>)
tensor([[0.2200, 0.2795, 0.2709, 0.2296],
        [0.2332, 0.2657, 0.2450, 0.2561],
        [0.2337, 0.2715, 0.2655, 0.2293]], device='cuda:0',
       grad_fn=<SoftmaxBackward0>)
#####################
05/25 05:32:45PM searchShareStage_trainer.py:124 [INFO] Train: Epoch: [0][50/390]	Step 50	lr 0.025	Loss 0.6751 (0.4465)	Prec@(1,5) (86.8%, 99.5%)	
05/25 05:33:02PM searchShareStage_trainer.py:124 [INFO] Train: Epoch: [0][100/390]	Step 100	lr 0.025	Loss 0.7482 (0.5964)	Prec@(1,5) (80.7%, 99.0%)	
05/25 05:33:21PM searchShareStage_trainer.py:124 [INFO] Train: Epoch: [0][150/390]	Step 150	lr 0.025	Loss 0.6214 (0.6087)	Prec@(1,5) (80.0%, 98.9%)	
05/25 05:33:38PM searchShareStage_trainer.py:124 [INFO] Train: Epoch: [0][200/390]	Step 200	lr 0.025	Loss 0.6996 (0.5965)	Prec@(1,5) (80.0%, 99.0%)	
05/25 05:33:55PM searchShareStage_trainer.py:124 [INFO] Train: Epoch: [0][250/390]	Step 250	lr 0.025	Loss 0.4139 (0.5837)	Prec@(1,5) (80.3%, 99.0%)	
05/25 05:34:13PM searchShareStage_trainer.py:124 [INFO] Train: Epoch: [0][300/390]	Step 300	lr 0.025	Loss 0.4333 (0.5735)	Prec@(1,5) (80.5%, 99.0%)	
05/25 05:34:31PM searchShareStage_trainer.py:124 [INFO] Train: Epoch: [0][350/390]	Step 350	lr 0.025	Loss 0.5118 (0.5681)	Prec@(1,5) (80.6%, 99.1%)	
05/25 05:34:45PM searchShareStage_trainer.py:124 [INFO] Train: Epoch: [0][390/390]	Step 390	lr 0.025	Loss 0.6469 (0.5614)	Prec@(1,5) (80.8%, 99.1%)	
05/25 05:34:46PM searchShareStage_trainer.py:134 [INFO] Train: [  0/49] Final Prec@1 80.8440%
05/25 05:34:49PM searchStage_trainer.py:249 [INFO] Valid: Epoch: [0][50/391]	Step 391	Loss 0.7712	Prec@(1,5) (74.7%, 97.9%)
05/25 05:34:52PM searchStage_trainer.py:249 [INFO] Valid: Epoch: [0][100/391]	Step 391	Loss 0.7726	Prec@(1,5) (74.3%, 97.7%)
05/25 05:34:55PM searchStage_trainer.py:249 [INFO] Valid: Epoch: [0][150/391]	Step 391	Loss 0.7646	Prec@(1,5) (74.7%, 97.7%)
05/25 05:34:58PM searchStage_trainer.py:249 [INFO] Valid: Epoch: [0][200/391]	Step 391	Loss 0.7598	Prec@(1,5) (74.9%, 97.7%)
05/25 05:35:00PM searchStage_trainer.py:249 [INFO] Valid: Epoch: [0][250/391]	Step 391	Loss 0.7523	Prec@(1,5) (75.3%, 97.8%)
05/25 05:35:03PM searchStage_trainer.py:249 [INFO] Valid: Epoch: [0][300/391]	Step 391	Loss 0.7566	Prec@(1,5) (75.2%, 97.7%)
05/25 05:35:06PM searchStage_trainer.py:249 [INFO] Valid: Epoch: [0][350/391]	Step 391	Loss 0.7585	Prec@(1,5) (75.2%, 97.7%)
05/25 05:35:08PM searchStage_trainer.py:249 [INFO] Valid: Epoch: [0][390/391]	Step 391	Loss 0.7570	Prec@(1,5) (75.3%, 97.7%)
05/25 05:35:08PM searchStage_trainer.py:260 [INFO] Valid: [  0/49] Final Prec@1 75.2880%
05/25 05:35:08PM searchStage_main.py:53 [INFO] DAG = Genotype2(DAG1=[[('avg_pool_3x3', 0), ('avg_pool_3x3', 1)], [('avg_pool_3x3', 2), ('avg_pool_3x3', 1)], [('avg_pool_3x3', 3), ('avg_pool_3x3', 2)], [('avg_pool_3x3', 4), ('avg_pool_3x3', 3)], [('avg_pool_3x3', 5), ('avg_pool_3x3', 4)], [('avg_pool_3x3', 6), ('avg_pool_3x3', 5)]], DAG1_concat=range(6, 8), DAG2=[[('avg_pool_3x3', 0), ('avg_pool_3x3', 1)], [('avg_pool_3x3', 2), ('avg_pool_3x3', 1)], [('avg_pool_3x3', 3), ('avg_pool_3x3', 2)], [('avg_pool_3x3', 4), ('avg_pool_3x3', 3)], [('avg_pool_3x3', 5), ('avg_pool_3x3', 4)], [('avg_pool_3x3', 6), ('avg_pool_3x3', 5)]], DAG2_concat=range(6, 8), DAG3=[[('avg_pool_3x3', 0), ('avg_pool_3x3', 1)], [('avg_pool_3x3', 2), ('avg_pool_3x3', 1)], [('avg_pool_3x3', 3), ('avg_pool_3x3', 2)], [('avg_pool_3x3', 4), ('avg_pool_3x3', 3)], [('avg_pool_3x3', 5), ('avg_pool_3x3', 4)], [('avg_pool_3x3', 6), ('avg_pool_3x3', 5)]], DAG3_concat=range(6, 8))
05/25 05:35:09PM searchStage_main.py:68 [INFO] Until now, best Prec@1 = 75.2880%
####### ALPHA #######
# Alpha - DAG
tensor([[0.2529, 0.2775, 0.2539, 0.2157],
        [0.2435, 0.2711, 0.2644, 0.2210]], device='cuda:0',
       grad_fn=<SoftmaxBackward0>)
tensor([[0.2547, 0.2682, 0.2720, 0.2051],
        [0.2410, 0.2711, 0.2673, 0.2206],
        [0.2559, 0.2840, 0.2384, 0.2218]], device='cuda:0',
       grad_fn=<SoftmaxBackward0>)
tensor([[0.2493, 0.2800, 0.2690, 0.2017],
        [0.2562, 0.2746, 0.2383, 0.2310],
        [0.2593, 0.2740, 0.2352, 0.2315]], device='cuda:0',
       grad_fn=<SoftmaxBackward0>)
tensor([[0.2481, 0.2703, 0.2434, 0.2382],
        [0.2495, 0.2701, 0.2514, 0.2291],
        [0.2470, 0.2682, 0.2511, 0.2337]], device='cuda:0',
       grad_fn=<SoftmaxBackward0>)
tensor([[0.2363, 0.2751, 0.2643, 0.2243],
        [0.2410, 0.2707, 0.2575, 0.2308],
        [0.2454, 0.2713, 0.2462, 0.2371]], device='cuda:0',
       grad_fn=<SoftmaxBackward0>)
tensor([[0.2200, 0.2795, 0.2708, 0.2297],
        [0.2332, 0.2657, 0.2450, 0.2560],
        [0.2337, 0.2715, 0.2654, 0.2294]], device='cuda:0',
       grad_fn=<SoftmaxBackward0>)
#####################
05/25 05:35:28PM searchShareStage_trainer.py:124 [INFO] Train: Epoch: [1][50/390]	Step 441	lr 0.02498	Loss 0.2704 (0.4400)	Prec@(1,5) (85.1%, 99.4%)	
05/25 05:35:45PM searchShareStage_trainer.py:124 [INFO] Train: Epoch: [1][100/390]	Step 491	lr 0.02498	Loss 0.5253 (0.4718)	Prec@(1,5) (83.5%, 99.4%)	
05/25 05:36:03PM searchShareStage_trainer.py:124 [INFO] Train: Epoch: [1][150/390]	Step 541	lr 0.02498	Loss 0.6138 (0.4749)	Prec@(1,5) (83.2%, 99.4%)	
05/25 05:36:21PM searchShareStage_trainer.py:124 [INFO] Train: Epoch: [1][200/390]	Step 591	lr 0.02498	Loss 0.6810 (0.4722)	Prec@(1,5) (83.3%, 99.4%)	
05/25 05:36:39PM searchShareStage_trainer.py:124 [INFO] Train: Epoch: [1][250/390]	Step 641	lr 0.02498	Loss 0.4552 (0.4753)	Prec@(1,5) (83.1%, 99.4%)	
05/25 05:36:56PM searchShareStage_trainer.py:124 [INFO] Train: Epoch: [1][300/390]	Step 691	lr 0.02498	Loss 0.2626 (0.4750)	Prec@(1,5) (83.1%, 99.5%)	
05/25 05:37:14PM searchShareStage_trainer.py:124 [INFO] Train: Epoch: [1][350/390]	Step 741	lr 0.02498	Loss 0.3540 (0.4766)	Prec@(1,5) (83.1%, 99.5%)	
05/25 05:37:28PM searchShareStage_trainer.py:124 [INFO] Train: Epoch: [1][390/390]	Step 781	lr 0.02498	Loss 0.4388 (0.4771)	Prec@(1,5) (83.1%, 99.5%)	
05/25 05:37:29PM searchShareStage_trainer.py:134 [INFO] Train: [  1/49] Final Prec@1 83.1160%
05/25 05:37:32PM searchStage_trainer.py:249 [INFO] Valid: Epoch: [1][50/391]	Step 782	Loss 0.6894	Prec@(1,5) (76.4%, 98.7%)
05/25 05:37:35PM searchStage_trainer.py:249 [INFO] Valid: Epoch: [1][100/391]	Step 782	Loss 0.6845	Prec@(1,5) (76.6%, 98.6%)
05/25 05:37:37PM searchStage_trainer.py:249 [INFO] Valid: Epoch: [1][150/391]	Step 782	Loss 0.6840	Prec@(1,5) (76.9%, 98.5%)
05/25 05:37:40PM searchStage_trainer.py:249 [INFO] Valid: Epoch: [1][200/391]	Step 782	Loss 0.6704	Prec@(1,5) (77.2%, 98.6%)
05/25 05:37:43PM searchStage_trainer.py:249 [INFO] Valid: Epoch: [1][250/391]	Step 782	Loss 0.6710	Prec@(1,5) (77.1%, 98.6%)
05/25 05:37:46PM searchStage_trainer.py:249 [INFO] Valid: Epoch: [1][300/391]	Step 782	Loss 0.6707	Prec@(1,5) (77.3%, 98.6%)
05/25 05:37:48PM searchStage_trainer.py:249 [INFO] Valid: Epoch: [1][350/391]	Step 782	Loss 0.6726	Prec@(1,5) (77.2%, 98.6%)
05/25 05:37:51PM searchStage_trainer.py:249 [INFO] Valid: Epoch: [1][390/391]	Step 782	Loss 0.6726	Prec@(1,5) (77.3%, 98.6%)
05/25 05:37:51PM searchStage_trainer.py:260 [INFO] Valid: [  1/49] Final Prec@1 77.3440%
05/25 05:37:51PM searchStage_main.py:53 [INFO] DAG = Genotype2(DAG1=[[('avg_pool_3x3', 0), ('avg_pool_3x3', 1)], [('avg_pool_3x3', 2), ('avg_pool_3x3', 1)], [('avg_pool_3x3', 3), ('avg_pool_3x3', 2)], [('avg_pool_3x3', 4), ('avg_pool_3x3', 3)], [('avg_pool_3x3', 5), ('avg_pool_3x3', 4)], [('avg_pool_3x3', 6), ('avg_pool_3x3', 5)]], DAG1_concat=range(6, 8), DAG2=[[('avg_pool_3x3', 0), ('avg_pool_3x3', 1)], [('avg_pool_3x3', 2), ('avg_pool_3x3', 1)], [('avg_pool_3x3', 3), ('avg_pool_3x3', 2)], [('avg_pool_3x3', 4), ('avg_pool_3x3', 3)], [('avg_pool_3x3', 5), ('avg_pool_3x3', 4)], [('avg_pool_3x3', 6), ('avg_pool_3x3', 5)]], DAG2_concat=range(6, 8), DAG3=[[('avg_pool_3x3', 0), ('avg_pool_3x3', 1)], [('avg_pool_3x3', 2), ('avg_pool_3x3', 1)], [('avg_pool_3x3', 3), ('avg_pool_3x3', 2)], [('avg_pool_3x3', 4), ('avg_pool_3x3', 3)], [('avg_pool_3x3', 5), ('avg_pool_3x3', 4)], [('avg_pool_3x3', 6), ('avg_pool_3x3', 5)]], DAG3_concat=range(6, 8))
05/25 05:37:51PM searchStage_main.py:68 [INFO] Until now, best Prec@1 = 77.3440%
####### ALPHA #######
# Alpha - DAG
tensor([[0.2529, 0.2775, 0.2539, 0.2157],
        [0.2435, 0.2711, 0.2644, 0.2210]], device='cuda:0',
       grad_fn=<SoftmaxBackward0>)
tensor([[0.2547, 0.2682, 0.2720, 0.2051],
        [0.2410, 0.2711, 0.2673, 0.2206],
        [0.2559, 0.2840, 0.2384, 0.2218]], device='cuda:0',
       grad_fn=<SoftmaxBackward0>)
tensor([[0.2493, 0.2800, 0.2690, 0.2017],
        [0.2562, 0.2746, 0.2383, 0.2310],
        [0.2593, 0.2740, 0.2352, 0.2315]], device='cuda:0',
       grad_fn=<SoftmaxBackward0>)
tensor([[0.2481, 0.2703, 0.2434, 0.2382],
        [0.2495, 0.2700, 0.2514, 0.2291],
        [0.2470, 0.2681, 0.2511, 0.2337]], device='cuda:0',
       grad_fn=<SoftmaxBackward0>)
tensor([[0.2363, 0.2751, 0.2643, 0.2243],
        [0.2410, 0.2707, 0.2575, 0.2308],
        [0.2454, 0.2713, 0.2462, 0.2371]], device='cuda:0',
       grad_fn=<SoftmaxBackward0>)
tensor([[0.2200, 0.2795, 0.2708, 0.2297],
        [0.2332, 0.2657, 0.2450, 0.2560],
        [0.2337, 0.2715, 0.2654, 0.2295]], device='cuda:0',
       grad_fn=<SoftmaxBackward0>)
#####################
05/25 05:38:09PM searchShareStage_trainer.py:124 [INFO] Train: Epoch: [2][50/390]	Step 832	lr 0.02491	Loss 0.5719 (0.4477)	Prec@(1,5) (85.3%, 99.4%)	
05/25 05:38:28PM searchShareStage_trainer.py:124 [INFO] Train: Epoch: [2][100/390]	Step 882	lr 0.02491	Loss 0.3974 (0.4570)	Prec@(1,5) (84.5%, 99.5%)	
05/25 05:38:46PM searchShareStage_trainer.py:124 [INFO] Train: Epoch: [2][150/390]	Step 932	lr 0.02491	Loss 0.5225 (0.4522)	Prec@(1,5) (84.6%, 99.3%)	
05/25 05:39:03PM searchShareStage_trainer.py:124 [INFO] Train: Epoch: [2][200/390]	Step 982	lr 0.02491	Loss 0.4883 (0.4496)	Prec@(1,5) (84.6%, 99.4%)	
05/25 05:39:22PM searchShareStage_trainer.py:124 [INFO] Train: Epoch: [2][250/390]	Step 1032	lr 0.02491	Loss 0.4217 (0.4566)	Prec@(1,5) (84.3%, 99.3%)	
05/25 05:39:40PM searchShareStage_trainer.py:124 [INFO] Train: Epoch: [2][300/390]	Step 1082	lr 0.02491	Loss 0.4716 (0.4569)	Prec@(1,5) (84.4%, 99.3%)	
05/25 05:39:57PM searchShareStage_trainer.py:124 [INFO] Train: Epoch: [2][350/390]	Step 1132	lr 0.02491	Loss 0.4266 (0.4530)	Prec@(1,5) (84.5%, 99.4%)	
05/25 05:40:11PM searchShareStage_trainer.py:124 [INFO] Train: Epoch: [2][390/390]	Step 1172	lr 0.02491	Loss 0.4547 (0.4498)	Prec@(1,5) (84.6%, 99.4%)	
05/25 05:40:11PM searchShareStage_trainer.py:134 [INFO] Train: [  2/49] Final Prec@1 84.5600%
05/25 05:40:14PM searchStage_trainer.py:249 [INFO] Valid: Epoch: [2][50/391]	Step 1173	Loss 0.7529	Prec@(1,5) (74.8%, 98.5%)
05/25 05:40:17PM searchStage_trainer.py:249 [INFO] Valid: Epoch: [2][100/391]	Step 1173	Loss 0.7308	Prec@(1,5) (75.8%, 98.5%)
05/25 05:40:20PM searchStage_trainer.py:249 [INFO] Valid: Epoch: [2][150/391]	Step 1173	Loss 0.7282	Prec@(1,5) (76.0%, 98.5%)
05/25 05:40:23PM searchStage_trainer.py:249 [INFO] Valid: Epoch: [2][200/391]	Step 1173	Loss 0.7222	Prec@(1,5) (76.0%, 98.5%)
05/25 05:40:26PM searchStage_trainer.py:249 [INFO] Valid: Epoch: [2][250/391]	Step 1173	Loss 0.7238	Prec@(1,5) (76.1%, 98.5%)
05/25 05:40:29PM searchStage_trainer.py:249 [INFO] Valid: Epoch: [2][300/391]	Step 1173	Loss 0.7284	Prec@(1,5) (76.0%, 98.4%)
05/25 05:40:32PM searchStage_trainer.py:249 [INFO] Valid: Epoch: [2][350/391]	Step 1173	Loss 0.7297	Prec@(1,5) (76.1%, 98.4%)
05/25 05:40:34PM searchStage_trainer.py:249 [INFO] Valid: Epoch: [2][390/391]	Step 1173	Loss 0.7257	Prec@(1,5) (76.2%, 98.4%)
05/25 05:40:34PM searchStage_trainer.py:260 [INFO] Valid: [  2/49] Final Prec@1 76.2320%
05/25 05:40:34PM searchStage_main.py:53 [INFO] DAG = Genotype2(DAG1=[[('avg_pool_3x3', 0), ('avg_pool_3x3', 1)], [('avg_pool_3x3', 2), ('avg_pool_3x3', 1)], [('avg_pool_3x3', 3), ('avg_pool_3x3', 2)], [('avg_pool_3x3', 4), ('avg_pool_3x3', 3)], [('avg_pool_3x3', 5), ('avg_pool_3x3', 4)], [('avg_pool_3x3', 6), ('avg_pool_3x3', 5)]], DAG1_concat=range(6, 8), DAG2=[[('avg_pool_3x3', 0), ('avg_pool_3x3', 1)], [('avg_pool_3x3', 2), ('avg_pool_3x3', 1)], [('avg_pool_3x3', 3), ('avg_pool_3x3', 2)], [('avg_pool_3x3', 4), ('avg_pool_3x3', 3)], [('avg_pool_3x3', 5), ('avg_pool_3x3', 4)], [('avg_pool_3x3', 6), ('avg_pool_3x3', 5)]], DAG2_concat=range(6, 8), DAG3=[[('avg_pool_3x3', 0), ('avg_pool_3x3', 1)], [('avg_pool_3x3', 2), ('avg_pool_3x3', 1)], [('avg_pool_3x3', 3), ('avg_pool_3x3', 2)], [('avg_pool_3x3', 4), ('avg_pool_3x3', 3)], [('avg_pool_3x3', 5), ('avg_pool_3x3', 4)], [('avg_pool_3x3', 6), ('avg_pool_3x3', 5)]], DAG3_concat=range(6, 8))
05/25 05:40:34PM searchStage_main.py:68 [INFO] Until now, best Prec@1 = 77.3440%
####### ALPHA #######
# Alpha - DAG
tensor([[0.2529, 0.2775, 0.2539, 0.2157],
        [0.2435, 0.2711, 0.2644, 0.2210]], device='cuda:0',
       grad_fn=<SoftmaxBackward0>)
tensor([[0.2547, 0.2682, 0.2720, 0.2051],
        [0.2410, 0.2711, 0.2672, 0.2206],
        [0.2559, 0.2840, 0.2384, 0.2218]], device='cuda:0',
       grad_fn=<SoftmaxBackward0>)
tensor([[0.2493, 0.2800, 0.2690, 0.2017],
        [0.2562, 0.2746, 0.2383, 0.2310],
        [0.2593, 0.2740, 0.2352, 0.2315]], device='cuda:0',
       grad_fn=<SoftmaxBackward0>)
tensor([[0.2481, 0.2703, 0.2434, 0.2382],
        [0.2495, 0.2700, 0.2514, 0.2291],
        [0.2470, 0.2681, 0.2511, 0.2337]], device='cuda:0',
       grad_fn=<SoftmaxBackward0>)
tensor([[0.2364, 0.2750, 0.2643, 0.2243],
        [0.2410, 0.2707, 0.2575, 0.2308],
        [0.2454, 0.2713, 0.2462, 0.2371]], device='cuda:0',
       grad_fn=<SoftmaxBackward0>)
tensor([[0.2200, 0.2795, 0.2708, 0.2297],
        [0.2332, 0.2657, 0.2450, 0.2560],
        [0.2337, 0.2714, 0.2654, 0.2295]], device='cuda:0',
       grad_fn=<SoftmaxBackward0>)
#####################
05/25 05:40:53PM searchShareStage_trainer.py:124 [INFO] Train: Epoch: [3][50/390]	Step 1223	lr 0.02479	Loss 0.3878 (0.4185)	Prec@(1,5) (85.7%, 99.5%)	
05/25 05:41:10PM searchShareStage_trainer.py:124 [INFO] Train: Epoch: [3][100/390]	Step 1273	lr 0.02479	Loss 0.3379 (0.4254)	Prec@(1,5) (85.1%, 99.5%)	
05/25 05:41:27PM searchShareStage_trainer.py:124 [INFO] Train: Epoch: [3][150/390]	Step 1323	lr 0.02479	Loss 0.4136 (0.4243)	Prec@(1,5) (85.1%, 99.6%)	
05/25 05:41:46PM searchShareStage_trainer.py:124 [INFO] Train: Epoch: [3][200/390]	Step 1373	lr 0.02479	Loss 0.6614 (0.4239)	Prec@(1,5) (85.2%, 99.5%)	
05/25 05:42:03PM searchShareStage_trainer.py:124 [INFO] Train: Epoch: [3][250/390]	Step 1423	lr 0.02479	Loss 0.3462 (0.4305)	Prec@(1,5) (84.9%, 99.5%)	
05/25 05:42:20PM searchShareStage_trainer.py:124 [INFO] Train: Epoch: [3][300/390]	Step 1473	lr 0.02479	Loss 0.4029 (0.4343)	Prec@(1,5) (84.9%, 99.5%)	
05/25 05:42:38PM searchShareStage_trainer.py:124 [INFO] Train: Epoch: [3][350/390]	Step 1523	lr 0.02479	Loss 0.3692 (0.4349)	Prec@(1,5) (84.8%, 99.5%)	
05/25 05:42:53PM searchShareStage_trainer.py:124 [INFO] Train: Epoch: [3][390/390]	Step 1563	lr 0.02479	Loss 0.4493 (0.4322)	Prec@(1,5) (84.9%, 99.5%)	
05/25 05:42:53PM searchShareStage_trainer.py:134 [INFO] Train: [  3/49] Final Prec@1 84.8520%
05/25 05:42:56PM searchStage_trainer.py:249 [INFO] Valid: Epoch: [3][50/391]	Step 1564	Loss 0.6806	Prec@(1,5) (77.9%, 98.6%)
05/25 05:42:59PM searchStage_trainer.py:249 [INFO] Valid: Epoch: [3][100/391]	Step 1564	Loss 0.6842	Prec@(1,5) (77.7%, 98.5%)
05/25 05:43:01PM searchStage_trainer.py:249 [INFO] Valid: Epoch: [3][150/391]	Step 1564	Loss 0.6767	Prec@(1,5) (78.0%, 98.5%)
05/25 05:43:04PM searchStage_trainer.py:249 [INFO] Valid: Epoch: [3][200/391]	Step 1564	Loss 0.6664	Prec@(1,5) (78.3%, 98.6%)
05/25 05:43:07PM searchStage_trainer.py:249 [INFO] Valid: Epoch: [3][250/391]	Step 1564	Loss 0.6672	Prec@(1,5) (78.6%, 98.6%)
05/25 05:43:09PM searchStage_trainer.py:249 [INFO] Valid: Epoch: [3][300/391]	Step 1564	Loss 0.6628	Prec@(1,5) (78.7%, 98.6%)
05/25 05:43:12PM searchStage_trainer.py:249 [INFO] Valid: Epoch: [3][350/391]	Step 1564	Loss 0.6625	Prec@(1,5) (78.7%, 98.6%)
05/25 05:43:14PM searchStage_trainer.py:249 [INFO] Valid: Epoch: [3][390/391]	Step 1564	Loss 0.6670	Prec@(1,5) (78.6%, 98.6%)
05/25 05:43:14PM searchStage_trainer.py:260 [INFO] Valid: [  3/49] Final Prec@1 78.6600%
05/25 05:43:14PM searchStage_main.py:53 [INFO] DAG = Genotype2(DAG1=[[('avg_pool_3x3', 0), ('avg_pool_3x3', 1)], [('avg_pool_3x3', 2), ('avg_pool_3x3', 1)], [('avg_pool_3x3', 3), ('avg_pool_3x3', 2)], [('avg_pool_3x3', 4), ('avg_pool_3x3', 3)], [('avg_pool_3x3', 5), ('avg_pool_3x3', 4)], [('avg_pool_3x3', 6), ('avg_pool_3x3', 5)]], DAG1_concat=range(6, 8), DAG2=[[('avg_pool_3x3', 0), ('avg_pool_3x3', 1)], [('avg_pool_3x3', 2), ('avg_pool_3x3', 1)], [('avg_pool_3x3', 3), ('avg_pool_3x3', 2)], [('avg_pool_3x3', 4), ('avg_pool_3x3', 3)], [('avg_pool_3x3', 5), ('avg_pool_3x3', 4)], [('avg_pool_3x3', 6), ('avg_pool_3x3', 5)]], DAG2_concat=range(6, 8), DAG3=[[('avg_pool_3x3', 0), ('avg_pool_3x3', 1)], [('avg_pool_3x3', 2), ('avg_pool_3x3', 1)], [('avg_pool_3x3', 3), ('avg_pool_3x3', 2)], [('avg_pool_3x3', 4), ('avg_pool_3x3', 3)], [('avg_pool_3x3', 5), ('avg_pool_3x3', 4)], [('avg_pool_3x3', 6), ('avg_pool_3x3', 5)]], DAG3_concat=range(6, 8))
05/25 05:43:15PM searchStage_main.py:68 [INFO] Until now, best Prec@1 = 78.6600%
####### ALPHA #######
# Alpha - DAG
tensor([[0.2530, 0.2775, 0.2539, 0.2157],
        [0.2435, 0.2710, 0.2644, 0.2211]], device='cuda:0',
       grad_fn=<SoftmaxBackward0>)
tensor([[0.2548, 0.2682, 0.2720, 0.2051],
        [0.2410, 0.2711, 0.2672, 0.2206],
        [0.2559, 0.2839, 0.2384, 0.2218]], device='cuda:0',
       grad_fn=<SoftmaxBackward0>)
tensor([[0.2493, 0.2800, 0.2690, 0.2017],
        [0.2562, 0.2745, 0.2383, 0.2310],
        [0.2593, 0.2740, 0.2352, 0.2315]], device='cuda:0',
       grad_fn=<SoftmaxBackward0>)
tensor([[0.2481, 0.2703, 0.2434, 0.2382],
        [0.2495, 0.2700, 0.2514, 0.2291],
        [0.2470, 0.2681, 0.2511, 0.2338]], device='cuda:0',
       grad_fn=<SoftmaxBackward0>)
tensor([[0.2364, 0.2750, 0.2643, 0.2243],
        [0.2410, 0.2707, 0.2575, 0.2308],
        [0.2454, 0.2712, 0.2462, 0.2371]], device='cuda:0',
       grad_fn=<SoftmaxBackward0>)
tensor([[0.2200, 0.2794, 0.2708, 0.2297],
        [0.2332, 0.2657, 0.2450, 0.2561],
        [0.2337, 0.2714, 0.2654, 0.2295]], device='cuda:0',
       grad_fn=<SoftmaxBackward0>)
#####################
05/25 05:43:33PM searchShareStage_trainer.py:124 [INFO] Train: Epoch: [4][50/390]	Step 1614	lr 0.02462	Loss 0.4415 (0.4014)	Prec@(1,5) (85.9%, 99.6%)	
05/25 05:43:52PM searchShareStage_trainer.py:124 [INFO] Train: Epoch: [4][100/390]	Step 1664	lr 0.02462	Loss 0.2078 (0.3920)	Prec@(1,5) (86.4%, 99.6%)	
05/25 05:44:08PM searchShareStage_trainer.py:124 [INFO] Train: Epoch: [4][150/390]	Step 1714	lr 0.02462	Loss 0.5493 (0.4051)	Prec@(1,5) (86.3%, 99.5%)	
05/25 05:44:26PM searchShareStage_trainer.py:124 [INFO] Train: Epoch: [4][200/390]	Step 1764	lr 0.02462	Loss 0.3725 (0.4072)	Prec@(1,5) (86.1%, 99.5%)	
05/25 05:44:44PM searchShareStage_trainer.py:124 [INFO] Train: Epoch: [4][250/390]	Step 1814	lr 0.02462	Loss 0.2562 (0.4127)	Prec@(1,5) (85.9%, 99.5%)	
05/25 05:45:02PM searchShareStage_trainer.py:124 [INFO] Train: Epoch: [4][300/390]	Step 1864	lr 0.02462	Loss 0.4490 (0.4179)	Prec@(1,5) (85.8%, 99.5%)	
05/25 05:45:18PM searchShareStage_trainer.py:124 [INFO] Train: Epoch: [4][350/390]	Step 1914	lr 0.02462	Loss 0.3569 (0.4235)	Prec@(1,5) (85.5%, 99.5%)	
05/25 05:45:33PM searchShareStage_trainer.py:124 [INFO] Train: Epoch: [4][390/390]	Step 1954	lr 0.02462	Loss 0.5185 (0.4242)	Prec@(1,5) (85.5%, 99.5%)	
05/25 05:45:33PM searchShareStage_trainer.py:134 [INFO] Train: [  4/49] Final Prec@1 85.4960%
05/25 05:45:36PM searchStage_trainer.py:249 [INFO] Valid: Epoch: [4][50/391]	Step 1955	Loss 0.6510	Prec@(1,5) (78.5%, 98.2%)
05/25 05:45:39PM searchStage_trainer.py:249 [INFO] Valid: Epoch: [4][100/391]	Step 1955	Loss 0.6400	Prec@(1,5) (78.6%, 98.5%)
05/25 05:45:41PM searchStage_trainer.py:249 [INFO] Valid: Epoch: [4][150/391]	Step 1955	Loss 0.6323	Prec@(1,5) (78.9%, 98.5%)
05/25 05:45:44PM searchStage_trainer.py:249 [INFO] Valid: Epoch: [4][200/391]	Step 1955	Loss 0.6339	Prec@(1,5) (78.8%, 98.5%)
05/25 05:45:47PM searchStage_trainer.py:249 [INFO] Valid: Epoch: [4][250/391]	Step 1955	Loss 0.6431	Prec@(1,5) (78.4%, 98.5%)
05/25 05:45:50PM searchStage_trainer.py:249 [INFO] Valid: Epoch: [4][300/391]	Step 1955	Loss 0.6463	Prec@(1,5) (78.3%, 98.5%)
05/25 05:45:52PM searchStage_trainer.py:249 [INFO] Valid: Epoch: [4][350/391]	Step 1955	Loss 0.6435	Prec@(1,5) (78.3%, 98.5%)
05/25 05:45:55PM searchStage_trainer.py:249 [INFO] Valid: Epoch: [4][390/391]	Step 1955	Loss 0.6396	Prec@(1,5) (78.5%, 98.5%)
05/25 05:45:55PM searchStage_trainer.py:260 [INFO] Valid: [  4/49] Final Prec@1 78.4920%
05/25 05:45:55PM searchStage_main.py:53 [INFO] DAG = Genotype2(DAG1=[[('avg_pool_3x3', 0), ('avg_pool_3x3', 1)], [('avg_pool_3x3', 2), ('avg_pool_3x3', 1)], [('avg_pool_3x3', 3), ('avg_pool_3x3', 2)], [('avg_pool_3x3', 4), ('avg_pool_3x3', 3)], [('avg_pool_3x3', 5), ('avg_pool_3x3', 4)], [('avg_pool_3x3', 6), ('avg_pool_3x3', 5)]], DAG1_concat=range(6, 8), DAG2=[[('avg_pool_3x3', 0), ('avg_pool_3x3', 1)], [('avg_pool_3x3', 2), ('avg_pool_3x3', 1)], [('avg_pool_3x3', 3), ('avg_pool_3x3', 2)], [('avg_pool_3x3', 4), ('avg_pool_3x3', 3)], [('avg_pool_3x3', 5), ('avg_pool_3x3', 4)], [('avg_pool_3x3', 6), ('avg_pool_3x3', 5)]], DAG2_concat=range(6, 8), DAG3=[[('avg_pool_3x3', 0), ('avg_pool_3x3', 1)], [('avg_pool_3x3', 2), ('avg_pool_3x3', 1)], [('avg_pool_3x3', 3), ('avg_pool_3x3', 2)], [('avg_pool_3x3', 4), ('avg_pool_3x3', 3)], [('avg_pool_3x3', 5), ('avg_pool_3x3', 4)], [('avg_pool_3x3', 6), ('avg_pool_3x3', 5)]], DAG3_concat=range(6, 8))
05/25 05:45:55PM searchStage_main.py:68 [INFO] Until now, best Prec@1 = 78.6600%
####### ALPHA #######
# Alpha - DAG
tensor([[0.2530, 0.2774, 0.2539, 0.2157],
        [0.2435, 0.2710, 0.2644, 0.2211]], device='cuda:0',
       grad_fn=<SoftmaxBackward0>)
tensor([[0.2548, 0.2682, 0.2720, 0.2051],
        [0.2410, 0.2711, 0.2672, 0.2206],
        [0.2559, 0.2839, 0.2384, 0.2218]], device='cuda:0',
       grad_fn=<SoftmaxBackward0>)
tensor([[0.2493, 0.2800, 0.2690, 0.2017],
        [0.2562, 0.2745, 0.2382, 0.2310],
        [0.2593, 0.2739, 0.2352, 0.2316]], device='cuda:0',
       grad_fn=<SoftmaxBackward0>)
tensor([[0.2481, 0.2702, 0.2434, 0.2382],
        [0.2495, 0.2700, 0.2514, 0.2291],
        [0.2470, 0.2681, 0.2511, 0.2338]], device='cuda:0',
       grad_fn=<SoftmaxBackward0>)
tensor([[0.2364, 0.2750, 0.2643, 0.2243],
        [0.2410, 0.2707, 0.2575, 0.2309],
        [0.2454, 0.2712, 0.2462, 0.2372]], device='cuda:0',
       grad_fn=<SoftmaxBackward0>)
tensor([[0.2200, 0.2794, 0.2708, 0.2298],
        [0.2332, 0.2656, 0.2450, 0.2561],
        [0.2337, 0.2714, 0.2654, 0.2295]], device='cuda:0',
       grad_fn=<SoftmaxBackward0>)
#####################
05/25 05:46:13PM searchShareStage_trainer.py:124 [INFO] Train: Epoch: [5][50/390]	Step 2005	lr 0.02441	Loss 0.2774 (0.3337)	Prec@(1,5) (87.8%, 99.7%)	
05/25 05:46:30PM searchShareStage_trainer.py:124 [INFO] Train: Epoch: [5][100/390]	Step 2055	lr 0.02441	Loss 0.4857 (0.3753)	Prec@(1,5) (86.5%, 99.6%)	
05/25 05:46:48PM searchShareStage_trainer.py:124 [INFO] Train: Epoch: [5][150/390]	Step 2105	lr 0.02441	Loss 0.1931 (0.3834)	Prec@(1,5) (86.3%, 99.6%)	
05/25 05:47:06PM searchShareStage_trainer.py:124 [INFO] Train: Epoch: [5][200/390]	Step 2155	lr 0.02441	Loss 0.4407 (0.3896)	Prec@(1,5) (86.2%, 99.6%)	
05/25 05:47:23PM searchShareStage_trainer.py:124 [INFO] Train: Epoch: [5][250/390]	Step 2205	lr 0.02441	Loss 0.3042 (0.3925)	Prec@(1,5) (86.0%, 99.6%)	
05/25 05:47:42PM searchShareStage_trainer.py:124 [INFO] Train: Epoch: [5][300/390]	Step 2255	lr 0.02441	Loss 0.4408 (0.3936)	Prec@(1,5) (86.1%, 99.5%)	
05/25 05:48:00PM searchShareStage_trainer.py:124 [INFO] Train: Epoch: [5][350/390]	Step 2305	lr 0.02441	Loss 0.4195 (0.3932)	Prec@(1,5) (86.1%, 99.5%)	
05/25 05:48:14PM searchShareStage_trainer.py:124 [INFO] Train: Epoch: [5][390/390]	Step 2345	lr 0.02441	Loss 0.2334 (0.3962)	Prec@(1,5) (86.1%, 99.5%)	
05/25 05:48:14PM searchShareStage_trainer.py:134 [INFO] Train: [  5/49] Final Prec@1 86.0960%
05/25 05:48:17PM searchStage_trainer.py:249 [INFO] Valid: Epoch: [5][50/391]	Step 2346	Loss 0.5566	Prec@(1,5) (81.7%, 99.0%)
05/25 05:48:20PM searchStage_trainer.py:249 [INFO] Valid: Epoch: [5][100/391]	Step 2346	Loss 0.5780	Prec@(1,5) (80.7%, 99.0%)
05/25 05:48:23PM searchStage_trainer.py:249 [INFO] Valid: Epoch: [5][150/391]	Step 2346	Loss 0.5958	Prec@(1,5) (80.0%, 98.9%)
05/25 05:48:26PM searchStage_trainer.py:249 [INFO] Valid: Epoch: [5][200/391]	Step 2346	Loss 0.6004	Prec@(1,5) (79.9%, 98.9%)
05/25 05:48:29PM searchStage_trainer.py:249 [INFO] Valid: Epoch: [5][250/391]	Step 2346	Loss 0.6083	Prec@(1,5) (79.7%, 98.8%)
05/25 05:48:32PM searchStage_trainer.py:249 [INFO] Valid: Epoch: [5][300/391]	Step 2346	Loss 0.6034	Prec@(1,5) (79.7%, 98.8%)
05/25 05:48:35PM searchStage_trainer.py:249 [INFO] Valid: Epoch: [5][350/391]	Step 2346	Loss 0.6000	Prec@(1,5) (79.8%, 98.8%)
05/25 05:48:37PM searchStage_trainer.py:249 [INFO] Valid: Epoch: [5][390/391]	Step 2346	Loss 0.6010	Prec@(1,5) (79.8%, 98.9%)
05/25 05:48:38PM searchStage_trainer.py:260 [INFO] Valid: [  5/49] Final Prec@1 79.7800%
05/25 05:48:38PM searchStage_main.py:53 [INFO] DAG = Genotype2(DAG1=[[('avg_pool_3x3', 0), ('avg_pool_3x3', 1)], [('avg_pool_3x3', 2), ('avg_pool_3x3', 1)], [('avg_pool_3x3', 3), ('avg_pool_3x3', 2)], [('avg_pool_3x3', 4), ('avg_pool_3x3', 3)], [('avg_pool_3x3', 5), ('avg_pool_3x3', 4)], [('avg_pool_3x3', 6), ('avg_pool_3x3', 5)]], DAG1_concat=range(6, 8), DAG2=[[('avg_pool_3x3', 0), ('avg_pool_3x3', 1)], [('avg_pool_3x3', 2), ('avg_pool_3x3', 1)], [('avg_pool_3x3', 3), ('avg_pool_3x3', 2)], [('avg_pool_3x3', 4), ('avg_pool_3x3', 3)], [('avg_pool_3x3', 5), ('avg_pool_3x3', 4)], [('avg_pool_3x3', 6), ('avg_pool_3x3', 5)]], DAG2_concat=range(6, 8), DAG3=[[('avg_pool_3x3', 0), ('avg_pool_3x3', 1)], [('avg_pool_3x3', 2), ('avg_pool_3x3', 1)], [('avg_pool_3x3', 3), ('avg_pool_3x3', 2)], [('avg_pool_3x3', 4), ('avg_pool_3x3', 3)], [('avg_pool_3x3', 5), ('avg_pool_3x3', 4)], [('avg_pool_3x3', 6), ('avg_pool_3x3', 5)]], DAG3_concat=range(6, 8))
05/25 05:48:38PM searchStage_main.py:68 [INFO] Until now, best Prec@1 = 79.7800%
####### ALPHA #######
# Alpha - DAG
tensor([[0.2530, 0.2774, 0.2539, 0.2157],
        [0.2435, 0.2710, 0.2644, 0.2211]], device='cuda:0',
       grad_fn=<SoftmaxBackward0>)
tensor([[0.2548, 0.2681, 0.2720, 0.2051],
        [0.2410, 0.2711, 0.2673, 0.2206],
        [0.2559, 0.2839, 0.2384, 0.2219]], device='cuda:0',
       grad_fn=<SoftmaxBackward0>)
tensor([[0.2493, 0.2799, 0.2690, 0.2017],
        [0.2562, 0.2745, 0.2382, 0.2310],
        [0.2593, 0.2739, 0.2352, 0.2316]], device='cuda:0',
       grad_fn=<SoftmaxBackward0>)
tensor([[0.2481, 0.2702, 0.2434, 0.2382],
        [0.2495, 0.2700, 0.2514, 0.2291],
        [0.2470, 0.2680, 0.2511, 0.2338]], device='cuda:0',
       grad_fn=<SoftmaxBackward0>)
tensor([[0.2364, 0.2750, 0.2643, 0.2243],
        [0.2410, 0.2706, 0.2575, 0.2309],
        [0.2454, 0.2712, 0.2462, 0.2372]], device='cuda:0',
       grad_fn=<SoftmaxBackward0>)
tensor([[0.2200, 0.2794, 0.2708, 0.2298],
        [0.2332, 0.2656, 0.2450, 0.2561],
        [0.2337, 0.2714, 0.2654, 0.2296]], device='cuda:0',
       grad_fn=<SoftmaxBackward0>)
#####################
05/25 05:48:57PM searchShareStage_trainer.py:124 [INFO] Train: Epoch: [6][50/390]	Step 2396	lr 0.02416	Loss 0.4514 (0.3505)	Prec@(1,5) (88.0%, 99.7%)	
05/25 05:49:15PM searchShareStage_trainer.py:124 [INFO] Train: Epoch: [6][100/390]	Step 2446	lr 0.02416	Loss 0.1500 (0.3497)	Prec@(1,5) (88.1%, 99.7%)	
05/25 05:49:32PM searchShareStage_trainer.py:124 [INFO] Train: Epoch: [6][150/390]	Step 2496	lr 0.02416	Loss 0.2711 (0.3580)	Prec@(1,5) (87.6%, 99.7%)	
05/25 05:49:50PM searchShareStage_trainer.py:124 [INFO] Train: Epoch: [6][200/390]	Step 2546	lr 0.02416	Loss 0.1549 (0.3673)	Prec@(1,5) (87.4%, 99.7%)	
05/25 05:50:08PM searchShareStage_trainer.py:124 [INFO] Train: Epoch: [6][250/390]	Step 2596	lr 0.02416	Loss 0.2998 (0.3744)	Prec@(1,5) (87.1%, 99.7%)	
05/25 05:50:25PM searchShareStage_trainer.py:124 [INFO] Train: Epoch: [6][300/390]	Step 2646	lr 0.02416	Loss 0.6238 (0.3806)	Prec@(1,5) (87.0%, 99.7%)	
05/25 05:50:43PM searchShareStage_trainer.py:124 [INFO] Train: Epoch: [6][350/390]	Step 2696	lr 0.02416	Loss 0.6293 (0.3849)	Prec@(1,5) (86.9%, 99.6%)	
05/25 05:50:58PM searchShareStage_trainer.py:124 [INFO] Train: Epoch: [6][390/390]	Step 2736	lr 0.02416	Loss 0.3867 (0.3881)	Prec@(1,5) (86.7%, 99.6%)	
05/25 05:50:58PM searchShareStage_trainer.py:134 [INFO] Train: [  6/49] Final Prec@1 86.7200%
05/25 05:51:02PM searchStage_trainer.py:249 [INFO] Valid: Epoch: [6][50/391]	Step 2737	Loss 0.7395	Prec@(1,5) (77.7%, 98.4%)
05/25 05:51:04PM searchStage_trainer.py:249 [INFO] Valid: Epoch: [6][100/391]	Step 2737	Loss 0.7579	Prec@(1,5) (76.7%, 98.5%)
05/25 05:51:07PM searchStage_trainer.py:249 [INFO] Valid: Epoch: [6][150/391]	Step 2737	Loss 0.7525	Prec@(1,5) (76.8%, 98.5%)
05/25 05:51:10PM searchStage_trainer.py:249 [INFO] Valid: Epoch: [6][200/391]	Step 2737	Loss 0.7488	Prec@(1,5) (76.8%, 98.5%)
05/25 05:51:13PM searchStage_trainer.py:249 [INFO] Valid: Epoch: [6][250/391]	Step 2737	Loss 0.7427	Prec@(1,5) (76.8%, 98.6%)
05/25 05:51:16PM searchStage_trainer.py:249 [INFO] Valid: Epoch: [6][300/391]	Step 2737	Loss 0.7416	Prec@(1,5) (76.8%, 98.6%)
05/25 05:51:18PM searchStage_trainer.py:249 [INFO] Valid: Epoch: [6][350/391]	Step 2737	Loss 0.7439	Prec@(1,5) (76.8%, 98.6%)
05/25 05:51:20PM searchStage_trainer.py:249 [INFO] Valid: Epoch: [6][390/391]	Step 2737	Loss 0.7470	Prec@(1,5) (76.7%, 98.6%)
05/25 05:51:20PM searchStage_trainer.py:260 [INFO] Valid: [  6/49] Final Prec@1 76.7360%
05/25 05:51:20PM searchStage_main.py:53 [INFO] DAG = Genotype2(DAG1=[[('avg_pool_3x3', 0), ('avg_pool_3x3', 1)], [('avg_pool_3x3', 2), ('avg_pool_3x3', 1)], [('avg_pool_3x3', 3), ('avg_pool_3x3', 2)], [('avg_pool_3x3', 4), ('avg_pool_3x3', 3)], [('avg_pool_3x3', 5), ('avg_pool_3x3', 4)], [('avg_pool_3x3', 6), ('avg_pool_3x3', 5)]], DAG1_concat=range(6, 8), DAG2=[[('avg_pool_3x3', 0), ('avg_pool_3x3', 1)], [('avg_pool_3x3', 2), ('avg_pool_3x3', 1)], [('avg_pool_3x3', 3), ('avg_pool_3x3', 2)], [('avg_pool_3x3', 4), ('avg_pool_3x3', 3)], [('avg_pool_3x3', 5), ('avg_pool_3x3', 4)], [('avg_pool_3x3', 6), ('avg_pool_3x3', 5)]], DAG2_concat=range(6, 8), DAG3=[[('avg_pool_3x3', 0), ('avg_pool_3x3', 1)], [('avg_pool_3x3', 2), ('avg_pool_3x3', 1)], [('avg_pool_3x3', 3), ('avg_pool_3x3', 2)], [('avg_pool_3x3', 4), ('avg_pool_3x3', 3)], [('avg_pool_3x3', 5), ('avg_pool_3x3', 4)], [('avg_pool_3x3', 6), ('avg_pool_3x3', 5)]], DAG3_concat=range(6, 8))
05/25 05:51:21PM searchStage_main.py:68 [INFO] Until now, best Prec@1 = 79.7800%
####### ALPHA #######
# Alpha - DAG
tensor([[0.2530, 0.2774, 0.2539, 0.2157],
        [0.2435, 0.2710, 0.2644, 0.2211]], device='cuda:0',
       grad_fn=<SoftmaxBackward0>)
tensor([[0.2548, 0.2681, 0.2720, 0.2051],
        [0.2411, 0.2710, 0.2672, 0.2207],
        [0.2559, 0.2838, 0.2384, 0.2219]], device='cuda:0',
       grad_fn=<SoftmaxBackward0>)
tensor([[0.2493, 0.2799, 0.2690, 0.2017],
        [0.2562, 0.2745, 0.2382, 0.2311],
        [0.2593, 0.2739, 0.2352, 0.2316]], device='cuda:0',
       grad_fn=<SoftmaxBackward0>)
tensor([[0.2481, 0.2702, 0.2434, 0.2382],
        [0.2495, 0.2699, 0.2514, 0.2292],
        [0.2470, 0.2680, 0.2511, 0.2338]], device='cuda:0',
       grad_fn=<SoftmaxBackward0>)
tensor([[0.2364, 0.2750, 0.2643, 0.2243],
        [0.2410, 0.2706, 0.2575, 0.2309],
        [0.2454, 0.2712, 0.2462, 0.2372]], device='cuda:0',
       grad_fn=<SoftmaxBackward0>)
tensor([[0.2200, 0.2794, 0.2708, 0.2298],
        [0.2332, 0.2656, 0.2450, 0.2562],
        [0.2336, 0.2713, 0.2654, 0.2296]], device='cuda:0',
       grad_fn=<SoftmaxBackward0>)
#####################
05/25 05:51:39PM searchShareStage_trainer.py:124 [INFO] Train: Epoch: [7][50/390]	Step 2787	lr 0.02386	Loss 0.4279 (0.3576)	Prec@(1,5) (88.1%, 99.6%)	
05/25 05:51:57PM searchShareStage_trainer.py:124 [INFO] Train: Epoch: [7][100/390]	Step 2837	lr 0.02386	Loss 0.2952 (0.3522)	Prec@(1,5) (88.1%, 99.7%)	
05/25 05:52:15PM searchShareStage_trainer.py:124 [INFO] Train: Epoch: [7][150/390]	Step 2887	lr 0.02386	Loss 0.3586 (0.3637)	Prec@(1,5) (87.6%, 99.7%)	
05/25 05:52:32PM searchShareStage_trainer.py:124 [INFO] Train: Epoch: [7][200/390]	Step 2937	lr 0.02386	Loss 0.3649 (0.3661)	Prec@(1,5) (87.4%, 99.7%)	
05/25 05:52:50PM searchShareStage_trainer.py:124 [INFO] Train: Epoch: [7][250/390]	Step 2987	lr 0.02386	Loss 0.3772 (0.3694)	Prec@(1,5) (87.2%, 99.6%)	
05/25 05:53:08PM searchShareStage_trainer.py:124 [INFO] Train: Epoch: [7][300/390]	Step 3037	lr 0.02386	Loss 0.3413 (0.3679)	Prec@(1,5) (87.3%, 99.6%)	
05/25 05:53:26PM searchShareStage_trainer.py:124 [INFO] Train: Epoch: [7][350/390]	Step 3087	lr 0.02386	Loss 0.4206 (0.3720)	Prec@(1,5) (87.1%, 99.6%)	
05/25 05:53:40PM searchShareStage_trainer.py:124 [INFO] Train: Epoch: [7][390/390]	Step 3127	lr 0.02386	Loss 0.3027 (0.3742)	Prec@(1,5) (87.0%, 99.6%)	
05/25 05:53:40PM searchShareStage_trainer.py:134 [INFO] Train: [  7/49] Final Prec@1 87.0160%
05/25 05:53:43PM searchStage_trainer.py:249 [INFO] Valid: Epoch: [7][50/391]	Step 3128	Loss 0.6320	Prec@(1,5) (79.7%, 98.9%)
05/25 05:53:46PM searchStage_trainer.py:249 [INFO] Valid: Epoch: [7][100/391]	Step 3128	Loss 0.6561	Prec@(1,5) (79.2%, 98.9%)
05/25 05:53:49PM searchStage_trainer.py:249 [INFO] Valid: Epoch: [7][150/391]	Step 3128	Loss 0.6513	Prec@(1,5) (79.1%, 99.0%)
05/25 05:53:52PM searchStage_trainer.py:249 [INFO] Valid: Epoch: [7][200/391]	Step 3128	Loss 0.6538	Prec@(1,5) (78.8%, 98.9%)
05/25 05:53:54PM searchStage_trainer.py:249 [INFO] Valid: Epoch: [7][250/391]	Step 3128	Loss 0.6505	Prec@(1,5) (79.0%, 98.9%)
05/25 05:53:57PM searchStage_trainer.py:249 [INFO] Valid: Epoch: [7][300/391]	Step 3128	Loss 0.6533	Prec@(1,5) (79.0%, 98.9%)
05/25 05:54:00PM searchStage_trainer.py:249 [INFO] Valid: Epoch: [7][350/391]	Step 3128	Loss 0.6530	Prec@(1,5) (79.0%, 98.9%)
05/25 05:54:02PM searchStage_trainer.py:249 [INFO] Valid: Epoch: [7][390/391]	Step 3128	Loss 0.6541	Prec@(1,5) (79.0%, 98.9%)
05/25 05:54:02PM searchStage_trainer.py:260 [INFO] Valid: [  7/49] Final Prec@1 79.0200%
05/25 05:54:02PM searchStage_main.py:53 [INFO] DAG = Genotype2(DAG1=[[('avg_pool_3x3', 0), ('avg_pool_3x3', 1)], [('avg_pool_3x3', 2), ('avg_pool_3x3', 1)], [('avg_pool_3x3', 3), ('avg_pool_3x3', 2)], [('avg_pool_3x3', 4), ('avg_pool_3x3', 3)], [('avg_pool_3x3', 5), ('avg_pool_3x3', 4)], [('avg_pool_3x3', 6), ('avg_pool_3x3', 5)]], DAG1_concat=range(6, 8), DAG2=[[('avg_pool_3x3', 0), ('avg_pool_3x3', 1)], [('avg_pool_3x3', 2), ('avg_pool_3x3', 1)], [('avg_pool_3x3', 3), ('avg_pool_3x3', 2)], [('avg_pool_3x3', 4), ('avg_pool_3x3', 3)], [('avg_pool_3x3', 5), ('avg_pool_3x3', 4)], [('avg_pool_3x3', 6), ('avg_pool_3x3', 5)]], DAG2_concat=range(6, 8), DAG3=[[('avg_pool_3x3', 0), ('avg_pool_3x3', 1)], [('avg_pool_3x3', 2), ('avg_pool_3x3', 1)], [('avg_pool_3x3', 3), ('avg_pool_3x3', 2)], [('avg_pool_3x3', 4), ('avg_pool_3x3', 3)], [('avg_pool_3x3', 5), ('avg_pool_3x3', 4)], [('avg_pool_3x3', 6), ('avg_pool_3x3', 5)]], DAG3_concat=range(6, 8))
05/25 05:54:02PM searchStage_main.py:68 [INFO] Until now, best Prec@1 = 79.7800%
####### ALPHA #######
# Alpha - DAG
tensor([[0.2530, 0.2774, 0.2539, 0.2157],
        [0.2435, 0.2710, 0.2644, 0.2211]], device='cuda:0',
       grad_fn=<SoftmaxBackward0>)
tensor([[0.2548, 0.2681, 0.2720, 0.2051],
        [0.2411, 0.2710, 0.2673, 0.2207],
        [0.2559, 0.2838, 0.2384, 0.2219]], device='cuda:0',
       grad_fn=<SoftmaxBackward0>)
tensor([[0.2493, 0.2799, 0.2690, 0.2017],
        [0.2562, 0.2745, 0.2382, 0.2311],
        [0.2593, 0.2739, 0.2352, 0.2316]], device='cuda:0',
       grad_fn=<SoftmaxBackward0>)
tensor([[0.2481, 0.2702, 0.2434, 0.2383],
        [0.2495, 0.2698, 0.2514, 0.2292],
        [0.2470, 0.2680, 0.2511, 0.2338]], device='cuda:0',
       grad_fn=<SoftmaxBackward0>)
tensor([[0.2364, 0.2750, 0.2643, 0.2243],
        [0.2410, 0.2706, 0.2575, 0.2310],
        [0.2454, 0.2711, 0.2462, 0.2373]], device='cuda:0',
       grad_fn=<SoftmaxBackward0>)
tensor([[0.2200, 0.2794, 0.2708, 0.2298],
        [0.2332, 0.2656, 0.2450, 0.2562],
        [0.2336, 0.2713, 0.2654, 0.2297]], device='cuda:0',
       grad_fn=<SoftmaxBackward0>)
#####################
05/25 05:54:21PM searchShareStage_trainer.py:124 [INFO] Train: Epoch: [8][50/390]	Step 3178	lr 0.02352	Loss 0.3558 (0.3627)	Prec@(1,5) (87.7%, 99.7%)	
