05/27 09:12:50PM parser.py:28 [INFO] 
05/27 09:12:50PM parser.py:29 [INFO] Parameters:
05/27 09:12:50PM parser.py:31 [INFO] DAG_PATH=results/search_Stage/CIFAR10/SCRATCH_SPEC/EXP-20240527-211250/DAG
05/27 09:12:50PM parser.py:31 [INFO] ALPHA_LR=0.0003
05/27 09:12:50PM parser.py:31 [INFO] ALPHA_WEIGHT_DECAY=0.001
05/27 09:12:50PM parser.py:31 [INFO] BATCH_SIZE=64
05/27 09:12:50PM parser.py:31 [INFO] CHECKPOINT_RESET=False
05/27 09:12:50PM parser.py:31 [INFO] DATA_PATH=../data/
05/27 09:12:50PM parser.py:31 [INFO] DATASET=CIFAR10
05/27 09:12:50PM parser.py:31 [INFO] EPOCHS=50
05/27 09:12:50PM parser.py:31 [INFO] EXP_NAME=EXP-20240527-211250
05/27 09:12:50PM parser.py:31 [INFO] GENOTYPE=Genotype(normal=[[('sep_conv_3x3', 1), ('sep_conv_3x3', 0)], [('skip_connect', 0), ('sep_conv_3x3', 1)], [('skip_connect', 0), ('sep_conv_3x3', 1)], [('sep_conv_3x3', 0), ('skip_connect', 2)]], normal_concat=[2, 3, 4, 5], reduce=[[('max_pool_3x3', 0), ('max_pool_3x3', 1)], [('skip_connect', 2), ('max_pool_3x3', 0)], [('max_pool_3x3', 0), ('skip_connect', 2)], [('skip_connect', 2), ('avg_pool_3x3', 0)]], reduce_concat=[2, 3, 4, 5])
05/27 09:12:50PM parser.py:31 [INFO] GPUS=[0]
05/27 09:12:50PM parser.py:31 [INFO] INIT_CHANNELS=16
05/27 09:12:50PM parser.py:31 [INFO] LAYERS=20
05/27 09:12:50PM parser.py:31 [INFO] LOCAL_RANK=0
05/27 09:12:50PM parser.py:31 [INFO] LOGGER=<Logger H-DAS (INFO)>
05/27 09:12:50PM parser.py:31 [INFO] NAME=SCRATCH_SPEC
05/27 09:12:50PM parser.py:31 [INFO] PATH=results/search_Stage/CIFAR10/SCRATCH_SPEC/EXP-20240527-211250
05/27 09:12:50PM parser.py:31 [INFO] PRINT_FREQ=50
05/27 09:12:50PM parser.py:31 [INFO] RESUME_PATH=None
05/27 09:12:50PM parser.py:31 [INFO] SAVE=EXP
05/27 09:12:50PM parser.py:31 [INFO] SEED=1
05/27 09:12:50PM parser.py:31 [INFO] SHARE_STAGE=False
05/27 09:12:50PM parser.py:31 [INFO] TRAIN_PORTION=0.5
05/27 09:12:50PM parser.py:31 [INFO] W_GRAD_CLIP=5.0
05/27 09:12:50PM parser.py:31 [INFO] W_LR=0.025
05/27 09:12:50PM parser.py:31 [INFO] W_LR_MIN=0.001
05/27 09:12:50PM parser.py:31 [INFO] W_MOMENTUM=0.9
05/27 09:12:50PM parser.py:31 [INFO] W_WEIGHT_DECAY=0.0003
05/27 09:12:50PM parser.py:31 [INFO] WORKERS=4
05/27 09:12:50PM parser.py:32 [INFO] 
05/27 09:12:52PM searchStage_trainer.py:103 [INFO] --> No loaded checkpoint!
####### ALPHA #######
# Alpha - DAG
tensor([[0.2501, 0.2500, 0.2499, 0.2501],
        [0.2500, 0.2501, 0.2497, 0.2502]], device='cuda:0',
       grad_fn=<SoftmaxBackward0>)
tensor([[0.2499, 0.2500, 0.2499, 0.2501],
        [0.2500, 0.2498, 0.2501, 0.2501],
        [0.2501, 0.2500, 0.2498, 0.2501]], device='cuda:0',
       grad_fn=<SoftmaxBackward0>)
tensor([[0.2508, 0.2494, 0.2503, 0.2496],
        [0.2498, 0.2496, 0.2501, 0.2504],
        [0.2502, 0.2498, 0.2498, 0.2502]], device='cuda:0',
       grad_fn=<SoftmaxBackward0>)
tensor([[0.2501, 0.2495, 0.2503, 0.2501],
        [0.2502, 0.2499, 0.2498, 0.2501],
        [0.2500, 0.2501, 0.2498, 0.2501]], device='cuda:0',
       grad_fn=<SoftmaxBackward0>)
tensor([[0.2499, 0.2502, 0.2501, 0.2498],
        [0.2499, 0.2502, 0.2500, 0.2499],
        [0.2497, 0.2503, 0.2501, 0.2499]], device='cuda:0',
       grad_fn=<SoftmaxBackward0>)
tensor([[0.2501, 0.2498, 0.2501, 0.2500],
        [0.2495, 0.2498, 0.2503, 0.2503],
        [0.2499, 0.2503, 0.2497, 0.2501]], device='cuda:0',
       grad_fn=<SoftmaxBackward0>)
tensor([[0.2498, 0.2499, 0.2501, 0.2502],
        [0.2500, 0.2503, 0.2496, 0.2501]], device='cuda:0',
       grad_fn=<SoftmaxBackward0>)
tensor([[0.2500, 0.2502, 0.2500, 0.2498],
        [0.2501, 0.2499, 0.2502, 0.2498],
        [0.2504, 0.2499, 0.2502, 0.2495]], device='cuda:0',
       grad_fn=<SoftmaxBackward0>)
tensor([[0.2499, 0.2498, 0.2503, 0.2500],
        [0.2498, 0.2502, 0.2502, 0.2498],
        [0.2502, 0.2502, 0.2502, 0.2494]], device='cuda:0',
       grad_fn=<SoftmaxBackward0>)
tensor([[0.2502, 0.2499, 0.2497, 0.2502],
        [0.2500, 0.2498, 0.2499, 0.2503],
        [0.2502, 0.2498, 0.2503, 0.2497]], device='cuda:0',
       grad_fn=<SoftmaxBackward0>)
tensor([[0.2500, 0.2499, 0.2500, 0.2501],
        [0.2501, 0.2498, 0.2500, 0.2502],
        [0.2500, 0.2497, 0.2503, 0.2500]], device='cuda:0',
       grad_fn=<SoftmaxBackward0>)
tensor([[0.2497, 0.2501, 0.2500, 0.2501],
        [0.2499, 0.2505, 0.2498, 0.2498],
        [0.2502, 0.2500, 0.2500, 0.2499]], device='cuda:0',
       grad_fn=<SoftmaxBackward0>)
tensor([[0.2502, 0.2499, 0.2499, 0.2500],
        [0.2501, 0.2502, 0.2499, 0.2497]], device='cuda:0',
       grad_fn=<SoftmaxBackward0>)
tensor([[0.2499, 0.2501, 0.2499, 0.2501],
        [0.2499, 0.2504, 0.2494, 0.2504],
        [0.2499, 0.2501, 0.2501, 0.2499]], device='cuda:0',
       grad_fn=<SoftmaxBackward0>)
tensor([[0.2500, 0.2503, 0.2498, 0.2499],
        [0.2501, 0.2503, 0.2499, 0.2497],
        [0.2500, 0.2500, 0.2499, 0.2500]], device='cuda:0',
       grad_fn=<SoftmaxBackward0>)
tensor([[0.2499, 0.2499, 0.2503, 0.2498],
        [0.2498, 0.2502, 0.2498, 0.2502],
        [0.2499, 0.2500, 0.2505, 0.2497]], device='cuda:0',
       grad_fn=<SoftmaxBackward0>)
tensor([[0.2500, 0.2499, 0.2500, 0.2500],
        [0.2499, 0.2499, 0.2500, 0.2501],
        [0.2499, 0.2500, 0.2500, 0.2501]], device='cuda:0',
       grad_fn=<SoftmaxBackward0>)
tensor([[0.2497, 0.2500, 0.2500, 0.2503],
        [0.2495, 0.2498, 0.2503, 0.2504],
        [0.2498, 0.2498, 0.2501, 0.2503]], device='cuda:0',
       grad_fn=<SoftmaxBackward0>)
#####################
05/27 09:13:08PM searchStage_trainer.py:211 [INFO] Train: Epoch: [0][50/390]	Step 50	lr 0.025	Loss 2.2445 (2.2812)	Prec@(1,5) (16.1%, 66.6%)	
05/27 09:13:24PM searchStage_trainer.py:211 [INFO] Train: Epoch: [0][100/390]	Step 100	lr 0.025	Loss 2.0989 (2.2005)	Prec@(1,5) (20.0%, 71.9%)	
05/27 09:13:40PM searchStage_trainer.py:211 [INFO] Train: Epoch: [0][150/390]	Step 150	lr 0.025	Loss 1.6904 (2.1097)	Prec@(1,5) (23.1%, 75.2%)	
05/27 09:13:55PM searchStage_trainer.py:211 [INFO] Train: Epoch: [0][200/390]	Step 200	lr 0.025	Loss 1.6877 (2.0344)	Prec@(1,5) (25.2%, 77.8%)	
05/27 09:14:10PM searchStage_trainer.py:211 [INFO] Train: Epoch: [0][250/390]	Step 250	lr 0.025	Loss 1.7719 (1.9853)	Prec@(1,5) (26.6%, 79.4%)	
05/27 09:14:26PM searchStage_trainer.py:211 [INFO] Train: Epoch: [0][300/390]	Step 300	lr 0.025	Loss 1.9760 (1.9415)	Prec@(1,5) (27.9%, 80.7%)	
05/27 09:14:42PM searchStage_trainer.py:211 [INFO] Train: Epoch: [0][350/390]	Step 350	lr 0.025	Loss 1.6480 (1.9057)	Prec@(1,5) (29.1%, 81.8%)	
05/27 09:14:55PM searchStage_trainer.py:211 [INFO] Train: Epoch: [0][390/390]	Step 390	lr 0.025	Loss 1.4932 (1.8839)	Prec@(1,5) (29.9%, 82.5%)	
05/27 09:14:56PM searchStage_trainer.py:221 [INFO] Train: [  0/49] Final Prec@1 29.8920%
05/27 09:14:59PM searchStage_trainer.py:249 [INFO] Valid: Epoch: [0][50/391]	Step 391	Loss 1.6916	Prec@(1,5) (36.4%, 88.9%)
05/27 09:15:01PM searchStage_trainer.py:249 [INFO] Valid: Epoch: [0][100/391]	Step 391	Loss 1.6843	Prec@(1,5) (36.7%, 88.5%)
05/27 09:15:04PM searchStage_trainer.py:249 [INFO] Valid: Epoch: [0][150/391]	Step 391	Loss 1.6841	Prec@(1,5) (36.7%, 88.5%)
05/27 09:15:06PM searchStage_trainer.py:249 [INFO] Valid: Epoch: [0][200/391]	Step 391	Loss 1.6839	Prec@(1,5) (36.5%, 88.7%)
05/27 09:15:09PM searchStage_trainer.py:249 [INFO] Valid: Epoch: [0][250/391]	Step 391	Loss 1.6871	Prec@(1,5) (36.6%, 88.5%)
05/27 09:15:11PM searchStage_trainer.py:249 [INFO] Valid: Epoch: [0][300/391]	Step 391	Loss 1.6877	Prec@(1,5) (36.8%, 88.5%)
05/27 09:15:14PM searchStage_trainer.py:249 [INFO] Valid: Epoch: [0][350/391]	Step 391	Loss 1.6831	Prec@(1,5) (37.1%, 88.6%)
05/27 09:15:16PM searchStage_trainer.py:249 [INFO] Valid: Epoch: [0][390/391]	Step 391	Loss 1.6782	Prec@(1,5) (37.2%, 88.7%)
05/27 09:15:16PM searchStage_trainer.py:260 [INFO] Valid: [  0/49] Final Prec@1 37.1560%
05/27 09:15:16PM searchStage_main.py:53 [INFO] DAG = Genotype2(DAG1=[[('avg_pool_3x3', 0), ('avg_pool_3x3', 1)], [('avg_pool_3x3', 2), ('skip_connect', 1)], [('avg_pool_3x3', 3), ('avg_pool_3x3', 2)], [('avg_pool_3x3', 4), ('avg_pool_3x3', 3)], [('avg_pool_3x3', 4), ('avg_pool_3x3', 5)], [('avg_pool_3x3', 6), ('avg_pool_3x3', 4)]], DAG1_concat=range(6, 8), DAG2=[[('avg_pool_3x3', 1), ('skip_connect', 0)], [('max_pool_3x3', 2), ('avg_pool_3x3', 1)], [('avg_pool_3x3', 3), ('avg_pool_3x3', 2)], [('max_pool_3x3', 4), ('avg_pool_3x3', 2)], [('avg_pool_3x3', 4), ('max_pool_3x3', 5)], [('avg_pool_3x3', 5), ('avg_pool_3x3', 4)]], DAG2_concat=range(6, 8), DAG3=[[('avg_pool_3x3', 1), ('skip_connect', 0)], [('skip_connect', 2), ('avg_pool_3x3', 1)], [('skip_connect', 2), ('skip_connect', 3)], [('skip_connect', 4), ('skip_connect', 3)], [('skip_connect', 3), ('skip_connect', 5)], [('skip_connect', 6), ('skip_connect', 5)]], DAG3_concat=range(6, 8))
05/27 09:15:16PM searchStage_main.py:68 [INFO] Until now, best Prec@1 = 37.1560%
####### ALPHA #######
# Alpha - DAG
tensor([[0.2489, 0.2546, 0.2513, 0.2453],
        [0.2504, 0.2530, 0.2499, 0.2467]], device='cuda:0',
       grad_fn=<SoftmaxBackward0>)
tensor([[0.2512, 0.2525, 0.2498, 0.2465],
        [0.2516, 0.2510, 0.2518, 0.2456],
        [0.2531, 0.2578, 0.2462, 0.2430]], device='cuda:0',
       grad_fn=<SoftmaxBackward0>)
tensor([[0.2519, 0.2525, 0.2527, 0.2429],
        [0.2525, 0.2543, 0.2461, 0.2471],
        [0.2523, 0.2556, 0.2465, 0.2457]], device='cuda:0',
       grad_fn=<SoftmaxBackward0>)
tensor([[0.2507, 0.2540, 0.2485, 0.2468],
        [0.2518, 0.2536, 0.2478, 0.2469],
        [0.2516, 0.2544, 0.2490, 0.2450]], device='cuda:0',
       grad_fn=<SoftmaxBackward0>)
tensor([[0.2507, 0.2531, 0.2490, 0.2473],
        [0.2513, 0.2542, 0.2488, 0.2458],
        [0.2510, 0.2535, 0.2497, 0.2458]], device='cuda:0',
       grad_fn=<SoftmaxBackward0>)
tensor([[0.2521, 0.2524, 0.2488, 0.2467],
        [0.2520, 0.2522, 0.2481, 0.2477],
        [0.2512, 0.2525, 0.2471, 0.2492]], device='cuda:0',
       grad_fn=<SoftmaxBackward0>)
tensor([[0.2493, 0.2499, 0.2507, 0.2502],
        [0.2498, 0.2511, 0.2505, 0.2486]], device='cuda:0',
       grad_fn=<SoftmaxBackward0>)
tensor([[0.2497, 0.2507, 0.2501, 0.2495],
        [0.2504, 0.2505, 0.2504, 0.2487],
        [0.2512, 0.2509, 0.2495, 0.2484]], device='cuda:0',
       grad_fn=<SoftmaxBackward0>)
tensor([[0.2499, 0.2503, 0.2507, 0.2491],
        [0.2498, 0.2510, 0.2493, 0.2498],
        [0.2508, 0.2515, 0.2497, 0.2480]], device='cuda:0',
       grad_fn=<SoftmaxBackward0>)
tensor([[0.2501, 0.2506, 0.2493, 0.2500],
        [0.2498, 0.2507, 0.2497, 0.2498],
        [0.2505, 0.2504, 0.2500, 0.2491]], device='cuda:0',
       grad_fn=<SoftmaxBackward0>)
tensor([[0.2504, 0.2503, 0.2498, 0.2496],
        [0.2501, 0.2506, 0.2501, 0.2491],
        [0.2506, 0.2501, 0.2488, 0.2504]], device='cuda:0',
       grad_fn=<SoftmaxBackward0>)
tensor([[0.2499, 0.2507, 0.2489, 0.2505],
        [0.2500, 0.2511, 0.2501, 0.2488],
        [0.2501, 0.2503, 0.2501, 0.2495]], device='cuda:0',
       grad_fn=<SoftmaxBackward0>)
tensor([[0.2499, 0.2498, 0.2503, 0.2500],
        [0.2495, 0.2506, 0.2503, 0.2496]], device='cuda:0',
       grad_fn=<SoftmaxBackward0>)
tensor([[0.2495, 0.2504, 0.2504, 0.2497],
        [0.2493, 0.2507, 0.2501, 0.2499],
        [0.2492, 0.2501, 0.2503, 0.2504]], device='cuda:0',
       grad_fn=<SoftmaxBackward0>)
tensor([[0.2497, 0.2503, 0.2502, 0.2498],
        [0.2486, 0.2506, 0.2510, 0.2498],
        [0.2495, 0.2501, 0.2505, 0.2499]], device='cuda:0',
       grad_fn=<SoftmaxBackward0>)
tensor([[0.2496, 0.2497, 0.2501, 0.2506],
        [0.2493, 0.2502, 0.2508, 0.2496],
        [0.2493, 0.2504, 0.2510, 0.2493]], device='cuda:0',
       grad_fn=<SoftmaxBackward0>)
tensor([[0.2493, 0.2499, 0.2526, 0.2482],
        [0.2493, 0.2494, 0.2495, 0.2517],
        [0.2493, 0.2488, 0.2520, 0.2499]], device='cuda:0',
       grad_fn=<SoftmaxBackward0>)
tensor([[0.2486, 0.2494, 0.2499, 0.2521],
        [0.2496, 0.2500, 0.2501, 0.2503],
        [0.2482, 0.2507, 0.2527, 0.2485]], device='cuda:0',
       grad_fn=<SoftmaxBackward0>)
#####################
05/27 09:15:32PM searchStage_trainer.py:211 [INFO] Train: Epoch: [1][50/390]	Step 441	lr 0.02498	Loss 1.4358 (1.6141)	Prec@(1,5) (39.2%, 89.7%)	
05/27 09:15:48PM searchStage_trainer.py:211 [INFO] Train: Epoch: [1][100/390]	Step 491	lr 0.02498	Loss 1.3883 (1.6227)	Prec@(1,5) (39.3%, 89.5%)	
05/27 09:16:05PM searchStage_trainer.py:211 [INFO] Train: Epoch: [1][150/390]	Step 541	lr 0.02498	Loss 1.7408 (1.6124)	Prec@(1,5) (39.7%, 89.5%)	
05/27 09:16:22PM searchStage_trainer.py:211 [INFO] Train: Epoch: [1][200/390]	Step 591	lr 0.02498	Loss 1.7189 (1.5988)	Prec@(1,5) (40.3%, 89.7%)	
05/27 09:16:38PM searchStage_trainer.py:211 [INFO] Train: Epoch: [1][250/390]	Step 641	lr 0.02498	Loss 1.6045 (1.5808)	Prec@(1,5) (41.0%, 89.9%)	
05/27 09:16:55PM searchStage_trainer.py:211 [INFO] Train: Epoch: [1][300/390]	Step 691	lr 0.02498	Loss 1.4236 (1.5693)	Prec@(1,5) (41.5%, 90.2%)	
05/27 09:17:12PM searchStage_trainer.py:211 [INFO] Train: Epoch: [1][350/390]	Step 741	lr 0.02498	Loss 1.4810 (1.5621)	Prec@(1,5) (41.9%, 90.3%)	
05/27 09:17:26PM searchStage_trainer.py:211 [INFO] Train: Epoch: [1][390/390]	Step 781	lr 0.02498	Loss 1.6077 (1.5527)	Prec@(1,5) (42.4%, 90.3%)	
05/27 09:17:26PM searchStage_trainer.py:221 [INFO] Train: [  1/49] Final Prec@1 42.4120%
05/27 09:17:29PM searchStage_trainer.py:249 [INFO] Valid: Epoch: [1][50/391]	Step 782	Loss 1.5139	Prec@(1,5) (44.3%, 92.1%)
05/27 09:17:32PM searchStage_trainer.py:249 [INFO] Valid: Epoch: [1][100/391]	Step 782	Loss 1.5119	Prec@(1,5) (43.6%, 92.3%)
05/27 09:17:34PM searchStage_trainer.py:249 [INFO] Valid: Epoch: [1][150/391]	Step 782	Loss 1.5062	Prec@(1,5) (43.8%, 92.1%)
05/27 09:17:37PM searchStage_trainer.py:249 [INFO] Valid: Epoch: [1][200/391]	Step 782	Loss 1.5061	Prec@(1,5) (43.6%, 92.2%)
05/27 09:17:40PM searchStage_trainer.py:249 [INFO] Valid: Epoch: [1][250/391]	Step 782	Loss 1.5006	Prec@(1,5) (43.7%, 92.3%)
05/27 09:17:42PM searchStage_trainer.py:249 [INFO] Valid: Epoch: [1][300/391]	Step 782	Loss 1.5066	Prec@(1,5) (43.7%, 92.2%)
05/27 09:17:45PM searchStage_trainer.py:249 [INFO] Valid: Epoch: [1][350/391]	Step 782	Loss 1.5086	Prec@(1,5) (43.7%, 92.3%)
05/27 09:17:47PM searchStage_trainer.py:249 [INFO] Valid: Epoch: [1][390/391]	Step 782	Loss 1.5073	Prec@(1,5) (43.6%, 92.3%)
05/27 09:17:47PM searchStage_trainer.py:260 [INFO] Valid: [  1/49] Final Prec@1 43.6320%
05/27 09:17:47PM searchStage_main.py:53 [INFO] DAG = Genotype2(DAG1=[[('avg_pool_3x3', 0), ('avg_pool_3x3', 1)], [('avg_pool_3x3', 2), ('avg_pool_3x3', 0)], [('avg_pool_3x3', 3), ('avg_pool_3x3', 2)], [('avg_pool_3x3', 4), ('avg_pool_3x3', 3)], [('avg_pool_3x3', 5), ('avg_pool_3x3', 4)], [('avg_pool_3x3', 5), ('avg_pool_3x3', 6)]], DAG1_concat=range(6, 8), DAG2=[[('avg_pool_3x3', 1), ('skip_connect', 0)], [('avg_pool_3x3', 2), ('avg_pool_3x3', 1)], [('avg_pool_3x3', 3), ('avg_pool_3x3', 2)], [('max_pool_3x3', 4), ('avg_pool_3x3', 3)], [('avg_pool_3x3', 4), ('avg_pool_3x3', 5)], [('avg_pool_3x3', 5), ('avg_pool_3x3', 6)]], DAG2_concat=range(6, 8), DAG3=[[('avg_pool_3x3', 1), ('skip_connect', 0)], [('skip_connect', 2), ('avg_pool_3x3', 1)], [('skip_connect', 2), ('skip_connect', 3)], [('skip_connect', 3), ('skip_connect', 4)], [('skip_connect', 5), ('skip_connect', 3)], [('skip_connect', 6), ('avg_pool_3x3', 5)]], DAG3_concat=range(6, 8))
05/27 09:17:48PM searchStage_main.py:68 [INFO] Until now, best Prec@1 = 43.6320%
####### ALPHA #######
# Alpha - DAG
tensor([[0.2492, 0.2579, 0.2515, 0.2414],
        [0.2522, 0.2563, 0.2496, 0.2419]], device='cuda:0',
       grad_fn=<SoftmaxBackward0>)
tensor([[0.2516, 0.2563, 0.2519, 0.2403],
        [0.2529, 0.2525, 0.2525, 0.2421],
        [0.2556, 0.2650, 0.2419, 0.2375]], device='cuda:0',
       grad_fn=<SoftmaxBackward0>)
tensor([[0.2527, 0.2543, 0.2537, 0.2393],
        [0.2551, 0.2584, 0.2444, 0.2421],
        [0.2542, 0.2616, 0.2436, 0.2407]], device='cuda:0',
       grad_fn=<SoftmaxBackward0>)
tensor([[0.2529, 0.2572, 0.2463, 0.2436],
        [0.2532, 0.2576, 0.2469, 0.2423],
        [0.2543, 0.2587, 0.2462, 0.2408]], device='cuda:0',
       grad_fn=<SoftmaxBackward0>)
tensor([[0.2515, 0.2566, 0.2472, 0.2447],
        [0.2531, 0.2580, 0.2469, 0.2420],
        [0.2530, 0.2575, 0.2479, 0.2417]], device='cuda:0',
       grad_fn=<SoftmaxBackward0>)
tensor([[0.2541, 0.2548, 0.2463, 0.2448],
        [0.2537, 0.2552, 0.2475, 0.2435],
        [0.2534, 0.2550, 0.2446, 0.2470]], device='cuda:0',
       grad_fn=<SoftmaxBackward0>)
tensor([[0.2490, 0.2503, 0.2511, 0.2496],
        [0.2503, 0.2515, 0.2507, 0.2476]], device='cuda:0',
       grad_fn=<SoftmaxBackward0>)
tensor([[0.2494, 0.2511, 0.2502, 0.2493],
        [0.2505, 0.2516, 0.2506, 0.2474],
        [0.2516, 0.2519, 0.2489, 0.2475]], device='cuda:0',
       grad_fn=<SoftmaxBackward0>)
tensor([[0.2497, 0.2503, 0.2507, 0.2493],
        [0.2497, 0.2517, 0.2492, 0.2493],
        [0.2509, 0.2524, 0.2501, 0.2466]], device='cuda:0',
       grad_fn=<SoftmaxBackward0>)
tensor([[0.2506, 0.2506, 0.2485, 0.2502],
        [0.2501, 0.2512, 0.2495, 0.2492],
        [0.2509, 0.2508, 0.2498, 0.2485]], device='cuda:0',
       grad_fn=<SoftmaxBackward0>)
tensor([[0.2507, 0.2510, 0.2492, 0.2491],
        [0.2500, 0.2513, 0.2500, 0.2487],
        [0.2506, 0.2508, 0.2484, 0.2502]], device='cuda:0',
       grad_fn=<SoftmaxBackward0>)
tensor([[0.2502, 0.2511, 0.2487, 0.2499],
        [0.2501, 0.2513, 0.2495, 0.2491],
        [0.2503, 0.2506, 0.2500, 0.2490]], device='cuda:0',
       grad_fn=<SoftmaxBackward0>)
tensor([[0.2495, 0.2495, 0.2508, 0.2503],
        [0.2489, 0.2510, 0.2508, 0.2493]], device='cuda:0',
       grad_fn=<SoftmaxBackward0>)
tensor([[0.2488, 0.2507, 0.2509, 0.2496],
        [0.2487, 0.2512, 0.2508, 0.2493],
        [0.2484, 0.2501, 0.2508, 0.2507]], device='cuda:0',
       grad_fn=<SoftmaxBackward0>)
tensor([[0.2495, 0.2502, 0.2504, 0.2499],
        [0.2476, 0.2506, 0.2518, 0.2500],
        [0.2491, 0.2503, 0.2509, 0.2497]], device='cuda:0',
       grad_fn=<SoftmaxBackward0>)
tensor([[0.2494, 0.2496, 0.2500, 0.2510],
        [0.2488, 0.2502, 0.2518, 0.2492],
        [0.2488, 0.2507, 0.2513, 0.2491]], device='cuda:0',
       grad_fn=<SoftmaxBackward0>)
tensor([[0.2488, 0.2499, 0.2547, 0.2466],
        [0.2487, 0.2490, 0.2491, 0.2531],
        [0.2485, 0.2480, 0.2537, 0.2498]], device='cuda:0',
       grad_fn=<SoftmaxBackward0>)
tensor([[0.2479, 0.2487, 0.2497, 0.2537],
        [0.2498, 0.2501, 0.2499, 0.2503],
        [0.2469, 0.2513, 0.2551, 0.2467]], device='cuda:0',
       grad_fn=<SoftmaxBackward0>)
#####################
05/27 09:18:05PM searchStage_trainer.py:211 [INFO] Train: Epoch: [2][50/390]	Step 832	lr 0.02491	Loss 1.4166 (1.4211)	Prec@(1,5) (48.1%, 92.9%)	
05/27 09:18:21PM searchStage_trainer.py:211 [INFO] Train: Epoch: [2][100/390]	Step 882	lr 0.02491	Loss 1.2780 (1.4064)	Prec@(1,5) (48.5%, 92.6%)	
05/27 09:18:37PM searchStage_trainer.py:211 [INFO] Train: Epoch: [2][150/390]	Step 932	lr 0.02491	Loss 1.2556 (1.4019)	Prec@(1,5) (48.7%, 92.6%)	
05/27 09:18:53PM searchStage_trainer.py:211 [INFO] Train: Epoch: [2][200/390]	Step 982	lr 0.02491	Loss 1.3496 (1.4014)	Prec@(1,5) (48.6%, 92.6%)	
05/27 09:19:10PM searchStage_trainer.py:211 [INFO] Train: Epoch: [2][250/390]	Step 1032	lr 0.02491	Loss 1.5766 (1.3914)	Prec@(1,5) (49.2%, 92.9%)	
05/27 09:19:27PM searchStage_trainer.py:211 [INFO] Train: Epoch: [2][300/390]	Step 1082	lr 0.02491	Loss 1.1131 (1.3828)	Prec@(1,5) (49.6%, 93.0%)	
05/27 09:19:44PM searchStage_trainer.py:211 [INFO] Train: Epoch: [2][350/390]	Step 1132	lr 0.02491	Loss 1.3726 (1.3818)	Prec@(1,5) (49.6%, 92.9%)	
05/27 09:19:58PM searchStage_trainer.py:211 [INFO] Train: Epoch: [2][390/390]	Step 1172	lr 0.02491	Loss 1.3815 (1.3686)	Prec@(1,5) (50.1%, 93.1%)	
05/27 09:19:58PM searchStage_trainer.py:221 [INFO] Train: [  2/49] Final Prec@1 50.0800%
05/27 09:20:01PM searchStage_trainer.py:249 [INFO] Valid: Epoch: [2][50/391]	Step 1173	Loss 1.3740	Prec@(1,5) (50.8%, 93.2%)
05/27 09:20:03PM searchStage_trainer.py:249 [INFO] Valid: Epoch: [2][100/391]	Step 1173	Loss 1.3782	Prec@(1,5) (51.0%, 93.2%)
05/27 09:20:06PM searchStage_trainer.py:249 [INFO] Valid: Epoch: [2][150/391]	Step 1173	Loss 1.3859	Prec@(1,5) (50.8%, 92.9%)
05/27 09:20:09PM searchStage_trainer.py:249 [INFO] Valid: Epoch: [2][200/391]	Step 1173	Loss 1.3697	Prec@(1,5) (51.1%, 93.2%)
05/27 09:20:11PM searchStage_trainer.py:249 [INFO] Valid: Epoch: [2][250/391]	Step 1173	Loss 1.3672	Prec@(1,5) (51.2%, 93.3%)
05/27 09:20:14PM searchStage_trainer.py:249 [INFO] Valid: Epoch: [2][300/391]	Step 1173	Loss 1.3678	Prec@(1,5) (51.1%, 93.3%)
05/27 09:20:17PM searchStage_trainer.py:249 [INFO] Valid: Epoch: [2][350/391]	Step 1173	Loss 1.3606	Prec@(1,5) (51.4%, 93.4%)
05/27 09:20:19PM searchStage_trainer.py:249 [INFO] Valid: Epoch: [2][390/391]	Step 1173	Loss 1.3706	Prec@(1,5) (51.0%, 93.3%)
05/27 09:20:19PM searchStage_trainer.py:260 [INFO] Valid: [  2/49] Final Prec@1 51.0440%
05/27 09:20:19PM searchStage_main.py:53 [INFO] DAG = Genotype2(DAG1=[[('avg_pool_3x3', 0), ('avg_pool_3x3', 1)], [('avg_pool_3x3', 2), ('avg_pool_3x3', 0)], [('avg_pool_3x3', 3), ('avg_pool_3x3', 2)], [('avg_pool_3x3', 4), ('avg_pool_3x3', 3)], [('avg_pool_3x3', 5), ('avg_pool_3x3', 4)], [('avg_pool_3x3', 6), ('avg_pool_3x3', 5)]], DAG1_concat=range(6, 8), DAG2=[[('avg_pool_3x3', 1), ('skip_connect', 0)], [('avg_pool_3x3', 2), ('avg_pool_3x3', 1)], [('avg_pool_3x3', 3), ('avg_pool_3x3', 2)], [('avg_pool_3x3', 4), ('avg_pool_3x3', 3)], [('avg_pool_3x3', 5), ('avg_pool_3x3', 4)], [('avg_pool_3x3', 6), ('avg_pool_3x3', 5)]], DAG2_concat=range(6, 8), DAG3=[[('skip_connect', 0), ('avg_pool_3x3', 1)], [('skip_connect', 2), ('avg_pool_3x3', 1)], [('skip_connect', 3), ('skip_connect', 2)], [('skip_connect', 4), ('skip_connect', 3)], [('skip_connect', 5), ('skip_connect', 3)], [('skip_connect', 6), ('avg_pool_3x3', 5)]], DAG3_concat=range(6, 8))
05/27 09:20:19PM searchStage_main.py:68 [INFO] Until now, best Prec@1 = 51.0440%
####### ALPHA #######
# Alpha - DAG
tensor([[0.2492, 0.2629, 0.2515, 0.2364],
        [0.2511, 0.2606, 0.2504, 0.2379]], device='cuda:0',
       grad_fn=<SoftmaxBackward0>)
tensor([[0.2518, 0.2608, 0.2520, 0.2353],
        [0.2529, 0.2549, 0.2536, 0.2387],
        [0.2579, 0.2707, 0.2395, 0.2318]], device='cuda:0',
       grad_fn=<SoftmaxBackward0>)
tensor([[0.2549, 0.2566, 0.2547, 0.2338],
        [0.2562, 0.2623, 0.2427, 0.2388],
        [0.2566, 0.2654, 0.2407, 0.2373]], device='cuda:0',
       grad_fn=<SoftmaxBackward0>)
tensor([[0.2534, 0.2605, 0.2449, 0.2411],
        [0.2542, 0.2609, 0.2470, 0.2379],
        [0.2558, 0.2622, 0.2447, 0.2373]], device='cuda:0',
       grad_fn=<SoftmaxBackward0>)
tensor([[0.2522, 0.2611, 0.2451, 0.2416],
        [0.2536, 0.2620, 0.2449, 0.2394],
        [0.2549, 0.2608, 0.2466, 0.2377]], device='cuda:0',
       grad_fn=<SoftmaxBackward0>)
tensor([[0.2554, 0.2572, 0.2455, 0.2419],
        [0.2545, 0.2576, 0.2477, 0.2402],
        [0.2554, 0.2581, 0.2410, 0.2455]], device='cuda:0',
       grad_fn=<SoftmaxBackward0>)
tensor([[0.2488, 0.2504, 0.2508, 0.2500],
        [0.2507, 0.2524, 0.2509, 0.2460]], device='cuda:0',
       grad_fn=<SoftmaxBackward0>)
tensor([[0.2494, 0.2513, 0.2508, 0.2485],
        [0.2505, 0.2517, 0.2504, 0.2474],
        [0.2519, 0.2527, 0.2488, 0.2466]], device='cuda:0',
       grad_fn=<SoftmaxBackward0>)
tensor([[0.2497, 0.2507, 0.2510, 0.2486],
        [0.2495, 0.2525, 0.2492, 0.2487],
        [0.2507, 0.2530, 0.2498, 0.2465]], device='cuda:0',
       grad_fn=<SoftmaxBackward0>)
tensor([[0.2506, 0.2510, 0.2485, 0.2500],
        [0.2500, 0.2515, 0.2499, 0.2485],
        [0.2509, 0.2510, 0.2495, 0.2486]], device='cuda:0',
       grad_fn=<SoftmaxBackward0>)
tensor([[0.2508, 0.2517, 0.2492, 0.2483],
        [0.2502, 0.2516, 0.2500, 0.2482],
        [0.2506, 0.2510, 0.2478, 0.2506]], device='cuda:0',
       grad_fn=<SoftmaxBackward0>)
tensor([[0.2499, 0.2516, 0.2493, 0.2492],
        [0.2503, 0.2515, 0.2492, 0.2490],
        [0.2506, 0.2510, 0.2495, 0.2489]], device='cuda:0',
       grad_fn=<SoftmaxBackward0>)
tensor([[0.2490, 0.2493, 0.2513, 0.2505],
        [0.2484, 0.2513, 0.2511, 0.2491]], device='cuda:0',
       grad_fn=<SoftmaxBackward0>)
tensor([[0.2483, 0.2509, 0.2514, 0.2495],
        [0.2484, 0.2515, 0.2513, 0.2488],
        [0.2479, 0.2501, 0.2510, 0.2510]], device='cuda:0',
       grad_fn=<SoftmaxBackward0>)
tensor([[0.2494, 0.2501, 0.2506, 0.2499],
        [0.2466, 0.2508, 0.2526, 0.2500],
        [0.2487, 0.2504, 0.2512, 0.2497]], device='cuda:0',
       grad_fn=<SoftmaxBackward0>)
tensor([[0.2492, 0.2493, 0.2498, 0.2516],
        [0.2484, 0.2502, 0.2526, 0.2489],
        [0.2484, 0.2510, 0.2518, 0.2488]], device='cuda:0',
       grad_fn=<SoftmaxBackward0>)
tensor([[0.2483, 0.2499, 0.2564, 0.2454],
        [0.2483, 0.2487, 0.2488, 0.2543],
        [0.2479, 0.2473, 0.2552, 0.2496]], device='cuda:0',
       grad_fn=<SoftmaxBackward0>)
tensor([[0.2472, 0.2483, 0.2498, 0.2547],
        [0.2497, 0.2502, 0.2497, 0.2503],
        [0.2456, 0.2519, 0.2569, 0.2456]], device='cuda:0',
       grad_fn=<SoftmaxBackward0>)
#####################
05/27 09:20:36PM searchStage_trainer.py:211 [INFO] Train: Epoch: [3][50/390]	Step 1223	lr 0.02479	Loss 1.3440 (1.2635)	Prec@(1,5) (54.9%, 94.0%)	
05/27 09:20:52PM searchStage_trainer.py:211 [INFO] Train: Epoch: [3][100/390]	Step 1273	lr 0.02479	Loss 1.4313 (1.2752)	Prec@(1,5) (54.5%, 94.3%)	
05/27 09:21:09PM searchStage_trainer.py:211 [INFO] Train: Epoch: [3][150/390]	Step 1323	lr 0.02479	Loss 1.0743 (1.2665)	Prec@(1,5) (54.7%, 94.4%)	
05/27 09:21:25PM searchStage_trainer.py:211 [INFO] Train: Epoch: [3][200/390]	Step 1373	lr 0.02479	Loss 1.1830 (1.2547)	Prec@(1,5) (55.0%, 94.4%)	
05/27 09:21:41PM searchStage_trainer.py:211 [INFO] Train: Epoch: [3][250/390]	Step 1423	lr 0.02479	Loss 1.3062 (1.2448)	Prec@(1,5) (55.2%, 94.6%)	
05/27 09:21:57PM searchStage_trainer.py:211 [INFO] Train: Epoch: [3][300/390]	Step 1473	lr 0.02479	Loss 1.1016 (1.2436)	Prec@(1,5) (55.5%, 94.4%)	
05/27 09:22:12PM searchStage_trainer.py:211 [INFO] Train: Epoch: [3][350/390]	Step 1523	lr 0.02479	Loss 1.1075 (1.2372)	Prec@(1,5) (55.7%, 94.5%)	
05/27 09:22:24PM searchStage_trainer.py:211 [INFO] Train: Epoch: [3][390/390]	Step 1563	lr 0.02479	Loss 1.0495 (1.2274)	Prec@(1,5) (56.0%, 94.6%)	
05/27 09:22:25PM searchStage_trainer.py:221 [INFO] Train: [  3/49] Final Prec@1 55.9600%
05/27 09:22:27PM searchStage_trainer.py:249 [INFO] Valid: Epoch: [3][50/391]	Step 1564	Loss 1.2369	Prec@(1,5) (56.2%, 95.2%)
05/27 09:22:30PM searchStage_trainer.py:249 [INFO] Valid: Epoch: [3][100/391]	Step 1564	Loss 1.2183	Prec@(1,5) (56.7%, 94.9%)
05/27 09:22:32PM searchStage_trainer.py:249 [INFO] Valid: Epoch: [3][150/391]	Step 1564	Loss 1.2276	Prec@(1,5) (56.3%, 94.7%)
05/27 09:22:35PM searchStage_trainer.py:249 [INFO] Valid: Epoch: [3][200/391]	Step 1564	Loss 1.2342	Prec@(1,5) (56.0%, 94.6%)
05/27 09:22:37PM searchStage_trainer.py:249 [INFO] Valid: Epoch: [3][250/391]	Step 1564	Loss 1.2382	Prec@(1,5) (55.8%, 94.5%)
05/27 09:22:40PM searchStage_trainer.py:249 [INFO] Valid: Epoch: [3][300/391]	Step 1564	Loss 1.2403	Prec@(1,5) (55.8%, 94.6%)
05/27 09:22:42PM searchStage_trainer.py:249 [INFO] Valid: Epoch: [3][350/391]	Step 1564	Loss 1.2404	Prec@(1,5) (55.8%, 94.5%)
05/27 09:22:44PM searchStage_trainer.py:249 [INFO] Valid: Epoch: [3][390/391]	Step 1564	Loss 1.2407	Prec@(1,5) (55.9%, 94.5%)
05/27 09:22:45PM searchStage_trainer.py:260 [INFO] Valid: [  3/49] Final Prec@1 55.9440%
05/27 09:22:45PM searchStage_main.py:53 [INFO] DAG = Genotype2(DAG1=[[('avg_pool_3x3', 0), ('avg_pool_3x3', 1)], [('avg_pool_3x3', 2), ('avg_pool_3x3', 0)], [('avg_pool_3x3', 3), ('avg_pool_3x3', 2)], [('avg_pool_3x3', 4), ('avg_pool_3x3', 3)], [('avg_pool_3x3', 5), ('avg_pool_3x3', 4)], [('avg_pool_3x3', 6), ('avg_pool_3x3', 5)]], DAG1_concat=range(6, 8), DAG2=[[('avg_pool_3x3', 1), ('avg_pool_3x3', 0)], [('avg_pool_3x3', 2), ('avg_pool_3x3', 1)], [('avg_pool_3x3', 3), ('avg_pool_3x3', 2)], [('avg_pool_3x3', 4), ('avg_pool_3x3', 3)], [('avg_pool_3x3', 5), ('avg_pool_3x3', 4)], [('avg_pool_3x3', 6), ('avg_pool_3x3', 5)]], DAG2_concat=range(6, 8), DAG3=[[('skip_connect', 0), ('avg_pool_3x3', 1)], [('skip_connect', 2), ('skip_connect', 1)], [('skip_connect', 3), ('skip_connect', 2)], [('skip_connect', 4), ('skip_connect', 3)], [('skip_connect', 5), ('skip_connect', 3)], [('skip_connect', 6), ('avg_pool_3x3', 5)]], DAG3_concat=range(6, 8))
05/27 09:22:45PM searchStage_main.py:68 [INFO] Until now, best Prec@1 = 55.9440%
####### ALPHA #######
# Alpha - DAG
tensor([[0.2514, 0.2658, 0.2519, 0.2308],
        [0.2520, 0.2629, 0.2504, 0.2347]], device='cuda:0',
       grad_fn=<SoftmaxBackward0>)
tensor([[0.2526, 0.2628, 0.2520, 0.2327],
        [0.2539, 0.2571, 0.2541, 0.2349],
        [0.2595, 0.2751, 0.2387, 0.2267]], device='cuda:0',
       grad_fn=<SoftmaxBackward0>)
tensor([[0.2558, 0.2580, 0.2549, 0.2312],
        [0.2576, 0.2652, 0.2408, 0.2363],
        [0.2587, 0.2689, 0.2391, 0.2333]], device='cuda:0',
       grad_fn=<SoftmaxBackward0>)
tensor([[0.2549, 0.2629, 0.2452, 0.2369],
        [0.2555, 0.2626, 0.2452, 0.2367],
        [0.2570, 0.2642, 0.2442, 0.2346]], device='cuda:0',
       grad_fn=<SoftmaxBackward0>)
tensor([[0.2527, 0.2639, 0.2443, 0.2392],
        [0.2549, 0.2647, 0.2427, 0.2377],
        [0.2563, 0.2634, 0.2461, 0.2341]], device='cuda:0',
       grad_fn=<SoftmaxBackward0>)
tensor([[0.2578, 0.2590, 0.2435, 0.2396],
        [0.2555, 0.2593, 0.2468, 0.2385],
        [0.2563, 0.2610, 0.2398, 0.2429]], device='cuda:0',
       grad_fn=<SoftmaxBackward0>)
tensor([[0.2488, 0.2513, 0.2510, 0.2489],
        [0.2499, 0.2527, 0.2512, 0.2462]], device='cuda:0',
       grad_fn=<SoftmaxBackward0>)
tensor([[0.2492, 0.2517, 0.2515, 0.2476],
        [0.2506, 0.2520, 0.2504, 0.2471],
        [0.2518, 0.2531, 0.2486, 0.2465]], device='cuda:0',
       grad_fn=<SoftmaxBackward0>)
tensor([[0.2496, 0.2509, 0.2508, 0.2486],
        [0.2493, 0.2530, 0.2498, 0.2480],
        [0.2507, 0.2532, 0.2496, 0.2465]], device='cuda:0',
       grad_fn=<SoftmaxBackward0>)
tensor([[0.2504, 0.2512, 0.2486, 0.2498],
        [0.2500, 0.2518, 0.2496, 0.2486],
        [0.2508, 0.2513, 0.2497, 0.2483]], device='cuda:0',
       grad_fn=<SoftmaxBackward0>)
tensor([[0.2508, 0.2523, 0.2493, 0.2477],
        [0.2502, 0.2518, 0.2503, 0.2477],
        [0.2505, 0.2513, 0.2472, 0.2510]], device='cuda:0',
       grad_fn=<SoftmaxBackward0>)
tensor([[0.2500, 0.2519, 0.2493, 0.2488],
        [0.2504, 0.2517, 0.2491, 0.2488],
        [0.2505, 0.2514, 0.2492, 0.2489]], device='cuda:0',
       grad_fn=<SoftmaxBackward0>)
tensor([[0.2486, 0.2493, 0.2516, 0.2505],
        [0.2479, 0.2516, 0.2514, 0.2491]], device='cuda:0',
       grad_fn=<SoftmaxBackward0>)
tensor([[0.2480, 0.2510, 0.2516, 0.2495],
        [0.2481, 0.2518, 0.2520, 0.2482],
        [0.2477, 0.2500, 0.2511, 0.2512]], device='cuda:0',
       grad_fn=<SoftmaxBackward0>)
tensor([[0.2490, 0.2501, 0.2508, 0.2501],
        [0.2459, 0.2509, 0.2532, 0.2500],
        [0.2484, 0.2505, 0.2515, 0.2495]], device='cuda:0',
       grad_fn=<SoftmaxBackward0>)
tensor([[0.2491, 0.2492, 0.2497, 0.2519],
        [0.2481, 0.2501, 0.2531, 0.2487],
        [0.2481, 0.2512, 0.2521, 0.2487]], device='cuda:0',
       grad_fn=<SoftmaxBackward0>)
tensor([[0.2477, 0.2500, 0.2580, 0.2443],
        [0.2479, 0.2484, 0.2486, 0.2551],
        [0.2473, 0.2468, 0.2563, 0.2496]], device='cuda:0',
       grad_fn=<SoftmaxBackward0>)
tensor([[0.2466, 0.2479, 0.2499, 0.2557],
        [0.2497, 0.2503, 0.2495, 0.2504],
        [0.2446, 0.2523, 0.2585, 0.2446]], device='cuda:0',
       grad_fn=<SoftmaxBackward0>)
#####################
05/27 09:23:01PM searchStage_trainer.py:211 [INFO] Train: Epoch: [4][50/390]	Step 1614	lr 0.02462	Loss 1.0191 (1.1635)	Prec@(1,5) (58.5%, 95.6%)	
05/27 09:23:16PM searchStage_trainer.py:211 [INFO] Train: Epoch: [4][100/390]	Step 1664	lr 0.02462	Loss 1.0435 (1.1599)	Prec@(1,5) (58.5%, 95.6%)	
05/27 09:23:32PM searchStage_trainer.py:211 [INFO] Train: Epoch: [4][150/390]	Step 1714	lr 0.02462	Loss 1.3640 (1.1433)	Prec@(1,5) (59.4%, 95.6%)	
05/27 09:23:47PM searchStage_trainer.py:211 [INFO] Train: Epoch: [4][200/390]	Step 1764	lr 0.02462	Loss 1.1046 (1.1443)	Prec@(1,5) (59.3%, 95.6%)	
05/27 09:24:02PM searchStage_trainer.py:211 [INFO] Train: Epoch: [4][250/390]	Step 1814	lr 0.02462	Loss 1.1183 (1.1396)	Prec@(1,5) (59.5%, 95.7%)	
05/27 09:24:18PM searchStage_trainer.py:211 [INFO] Train: Epoch: [4][300/390]	Step 1864	lr 0.02462	Loss 1.3318 (1.1340)	Prec@(1,5) (59.7%, 95.7%)	
05/27 09:24:33PM searchStage_trainer.py:211 [INFO] Train: Epoch: [4][350/390]	Step 1914	lr 0.02462	Loss 0.9215 (1.1303)	Prec@(1,5) (59.8%, 95.6%)	
05/27 09:24:46PM searchStage_trainer.py:211 [INFO] Train: Epoch: [4][390/390]	Step 1954	lr 0.02462	Loss 1.1915 (1.1224)	Prec@(1,5) (60.0%, 95.7%)	
05/27 09:24:46PM searchStage_trainer.py:221 [INFO] Train: [  4/49] Final Prec@1 59.9800%
05/27 09:24:48PM searchStage_trainer.py:249 [INFO] Valid: Epoch: [4][50/391]	Step 1955	Loss 1.1280	Prec@(1,5) (60.2%, 95.3%)
05/27 09:24:51PM searchStage_trainer.py:249 [INFO] Valid: Epoch: [4][100/391]	Step 1955	Loss 1.1156	Prec@(1,5) (60.6%, 95.5%)
05/27 09:24:53PM searchStage_trainer.py:249 [INFO] Valid: Epoch: [4][150/391]	Step 1955	Loss 1.1229	Prec@(1,5) (60.6%, 95.4%)
05/27 09:24:56PM searchStage_trainer.py:249 [INFO] Valid: Epoch: [4][200/391]	Step 1955	Loss 1.1242	Prec@(1,5) (60.5%, 95.4%)
05/27 09:24:59PM searchStage_trainer.py:249 [INFO] Valid: Epoch: [4][250/391]	Step 1955	Loss 1.1241	Prec@(1,5) (60.2%, 95.4%)
05/27 09:25:01PM searchStage_trainer.py:249 [INFO] Valid: Epoch: [4][300/391]	Step 1955	Loss 1.1142	Prec@(1,5) (60.7%, 95.4%)
05/27 09:25:04PM searchStage_trainer.py:249 [INFO] Valid: Epoch: [4][350/391]	Step 1955	Loss 1.1147	Prec@(1,5) (60.6%, 95.4%)
05/27 09:25:06PM searchStage_trainer.py:249 [INFO] Valid: Epoch: [4][390/391]	Step 1955	Loss 1.1129	Prec@(1,5) (60.7%, 95.4%)
05/27 09:25:06PM searchStage_trainer.py:260 [INFO] Valid: [  4/49] Final Prec@1 60.6800%
05/27 09:25:06PM searchStage_main.py:53 [INFO] DAG = Genotype2(DAG1=[[('avg_pool_3x3', 0), ('avg_pool_3x3', 1)], [('avg_pool_3x3', 2), ('avg_pool_3x3', 0)], [('avg_pool_3x3', 3), ('avg_pool_3x3', 2)], [('avg_pool_3x3', 4), ('avg_pool_3x3', 3)], [('avg_pool_3x3', 5), ('avg_pool_3x3', 4)], [('avg_pool_3x3', 6), ('avg_pool_3x3', 5)]], DAG1_concat=range(6, 8), DAG2=[[('avg_pool_3x3', 1), ('avg_pool_3x3', 0)], [('avg_pool_3x3', 2), ('avg_pool_3x3', 1)], [('avg_pool_3x3', 3), ('avg_pool_3x3', 2)], [('avg_pool_3x3', 4), ('avg_pool_3x3', 3)], [('avg_pool_3x3', 5), ('avg_pool_3x3', 4)], [('avg_pool_3x3', 6), ('avg_pool_3x3', 5)]], DAG2_concat=range(6, 8), DAG3=[[('skip_connect', 0), ('avg_pool_3x3', 1)], [('skip_connect', 2), ('skip_connect', 1)], [('skip_connect', 3), ('skip_connect', 2)], [('skip_connect', 4), ('skip_connect', 3)], [('skip_connect', 5), ('skip_connect', 3)], [('skip_connect', 6), ('avg_pool_3x3', 5)]], DAG3_concat=range(6, 8))
05/27 09:25:06PM searchStage_main.py:68 [INFO] Until now, best Prec@1 = 60.6800%
####### ALPHA #######
# Alpha - DAG
tensor([[0.2508, 0.2680, 0.2531, 0.2281],
        [0.2521, 0.2660, 0.2516, 0.2304]], device='cuda:0',
       grad_fn=<SoftmaxBackward0>)
tensor([[0.2536, 0.2641, 0.2524, 0.2299],
        [0.2543, 0.2595, 0.2540, 0.2322],
        [0.2604, 0.2773, 0.2386, 0.2237]], device='cuda:0',
       grad_fn=<SoftmaxBackward0>)
tensor([[0.2558, 0.2587, 0.2555, 0.2300],
        [0.2588, 0.2675, 0.2399, 0.2337],
        [0.2597, 0.2707, 0.2385, 0.2311]], device='cuda:0',
       grad_fn=<SoftmaxBackward0>)
tensor([[0.2553, 0.2648, 0.2450, 0.2349],
        [0.2557, 0.2638, 0.2444, 0.2361],
        [0.2575, 0.2661, 0.2446, 0.2319]], device='cuda:0',
       grad_fn=<SoftmaxBackward0>)
tensor([[0.2535, 0.2657, 0.2436, 0.2372],
        [0.2558, 0.2666, 0.2418, 0.2357],
        [0.2570, 0.2652, 0.2454, 0.2324]], device='cuda:0',
       grad_fn=<SoftmaxBackward0>)
tensor([[0.2591, 0.2602, 0.2423, 0.2383],
        [0.2566, 0.2606, 0.2463, 0.2365],
        [0.2571, 0.2625, 0.2390, 0.2413]], device='cuda:0',
       grad_fn=<SoftmaxBackward0>)
tensor([[0.2490, 0.2514, 0.2509, 0.2487],
        [0.2502, 0.2529, 0.2511, 0.2458]], device='cuda:0',
       grad_fn=<SoftmaxBackward0>)
tensor([[0.2489, 0.2520, 0.2517, 0.2474],
        [0.2506, 0.2521, 0.2505, 0.2468],
        [0.2518, 0.2535, 0.2485, 0.2462]], device='cuda:0',
       grad_fn=<SoftmaxBackward0>)
tensor([[0.2497, 0.2508, 0.2509, 0.2485],
        [0.2491, 0.2532, 0.2498, 0.2479],
        [0.2507, 0.2533, 0.2498, 0.2462]], device='cuda:0',
       grad_fn=<SoftmaxBackward0>)
tensor([[0.2504, 0.2513, 0.2483, 0.2500],
        [0.2501, 0.2519, 0.2495, 0.2485],
        [0.2508, 0.2514, 0.2499, 0.2479]], device='cuda:0',
       grad_fn=<SoftmaxBackward0>)
tensor([[0.2510, 0.2525, 0.2491, 0.2474],
        [0.2503, 0.2520, 0.2506, 0.2472],
        [0.2506, 0.2514, 0.2468, 0.2513]], device='cuda:0',
       grad_fn=<SoftmaxBackward0>)
tensor([[0.2500, 0.2521, 0.2489, 0.2489],
        [0.2505, 0.2520, 0.2491, 0.2485],
        [0.2503, 0.2516, 0.2493, 0.2487]], device='cuda:0',
       grad_fn=<SoftmaxBackward0>)
tensor([[0.2482, 0.2492, 0.2520, 0.2505],
        [0.2477, 0.2517, 0.2516, 0.2490]], device='cuda:0',
       grad_fn=<SoftmaxBackward0>)
tensor([[0.2476, 0.2512, 0.2519, 0.2494],
        [0.2479, 0.2519, 0.2523, 0.2479],
        [0.2473, 0.2500, 0.2513, 0.2514]], device='cuda:0',
       grad_fn=<SoftmaxBackward0>)
tensor([[0.2488, 0.2500, 0.2510, 0.2502],
        [0.2453, 0.2510, 0.2536, 0.2501],
        [0.2482, 0.2506, 0.2518, 0.2494]], device='cuda:0',
       grad_fn=<SoftmaxBackward0>)
tensor([[0.2490, 0.2491, 0.2497, 0.2522],
        [0.2479, 0.2501, 0.2536, 0.2485],
        [0.2478, 0.2514, 0.2522, 0.2486]], device='cuda:0',
       grad_fn=<SoftmaxBackward0>)
tensor([[0.2473, 0.2500, 0.2592, 0.2434],
        [0.2475, 0.2482, 0.2483, 0.2560],
        [0.2469, 0.2465, 0.2572, 0.2494]], device='cuda:0',
       grad_fn=<SoftmaxBackward0>)
tensor([[0.2461, 0.2476, 0.2498, 0.2566],
        [0.2497, 0.2505, 0.2494, 0.2504],
        [0.2439, 0.2526, 0.2596, 0.2439]], device='cuda:0',
       grad_fn=<SoftmaxBackward0>)
#####################
05/27 09:25:22PM searchStage_trainer.py:211 [INFO] Train: Epoch: [5][50/390]	Step 2005	lr 0.02441	Loss 1.2561 (1.0713)	Prec@(1,5) (61.8%, 96.1%)	
05/27 09:25:37PM searchStage_trainer.py:211 [INFO] Train: Epoch: [5][100/390]	Step 2055	lr 0.02441	Loss 1.1949 (1.0596)	Prec@(1,5) (62.7%, 96.3%)	
05/27 09:25:53PM searchStage_trainer.py:211 [INFO] Train: Epoch: [5][150/390]	Step 2105	lr 0.02441	Loss 0.8035 (1.0558)	Prec@(1,5) (62.8%, 96.2%)	
05/27 09:26:08PM searchStage_trainer.py:211 [INFO] Train: Epoch: [5][200/390]	Step 2155	lr 0.02441	Loss 1.0178 (1.0406)	Prec@(1,5) (63.2%, 96.5%)	
05/27 09:26:23PM searchStage_trainer.py:211 [INFO] Train: Epoch: [5][250/390]	Step 2205	lr 0.02441	Loss 1.0172 (1.0354)	Prec@(1,5) (63.3%, 96.7%)	
05/27 09:26:39PM searchStage_trainer.py:211 [INFO] Train: Epoch: [5][300/390]	Step 2255	lr 0.02441	Loss 0.7650 (1.0341)	Prec@(1,5) (63.4%, 96.6%)	
05/27 09:26:54PM searchStage_trainer.py:211 [INFO] Train: Epoch: [5][350/390]	Step 2305	lr 0.02441	Loss 0.9598 (1.0239)	Prec@(1,5) (63.8%, 96.6%)	
05/27 09:27:06PM searchStage_trainer.py:211 [INFO] Train: Epoch: [5][390/390]	Step 2345	lr 0.02441	Loss 1.5063 (1.0219)	Prec@(1,5) (63.9%, 96.5%)	
05/27 09:27:07PM searchStage_trainer.py:221 [INFO] Train: [  5/49] Final Prec@1 63.9520%
05/27 09:27:09PM searchStage_trainer.py:249 [INFO] Valid: Epoch: [5][50/391]	Step 2346	Loss 1.1159	Prec@(1,5) (61.2%, 95.0%)
05/27 09:27:12PM searchStage_trainer.py:249 [INFO] Valid: Epoch: [5][100/391]	Step 2346	Loss 1.1421	Prec@(1,5) (61.0%, 94.8%)
05/27 09:27:14PM searchStage_trainer.py:249 [INFO] Valid: Epoch: [5][150/391]	Step 2346	Loss 1.1479	Prec@(1,5) (60.7%, 94.8%)
05/27 09:27:17PM searchStage_trainer.py:249 [INFO] Valid: Epoch: [5][200/391]	Step 2346	Loss 1.1513	Prec@(1,5) (60.6%, 94.7%)
