05/30 07:25:25PM parser.py:28 [INFO] 
05/30 07:25:25PM parser.py:29 [INFO] Parameters:
05/30 07:25:25PM parser.py:31 [INFO] DAG_PATH=results/search_Stage/CIFAR10/SCRATCH_SPEC_SPEC/EXP-20240530-192525/DAG
05/30 07:25:25PM parser.py:31 [INFO] ALPHA_LR=0.0003
05/30 07:25:25PM parser.py:31 [INFO] ALPHA_WEIGHT_DECAY=0.001
05/30 07:25:25PM parser.py:31 [INFO] BATCH_SIZE=64
05/30 07:25:25PM parser.py:31 [INFO] CHECKPOINT_RESET=False
05/30 07:25:25PM parser.py:31 [INFO] DATA_PATH=../data/
05/30 07:25:25PM parser.py:31 [INFO] DATASET=CIFAR10
05/30 07:25:25PM parser.py:31 [INFO] EPOCHS=50
05/30 07:25:25PM parser.py:31 [INFO] EXP_NAME=EXP-20240530-192525
05/30 07:25:25PM parser.py:31 [INFO] GENOTYPE=Genotype3(normal1=[[('sep_conv_3x3', 0), ('sep_conv_3x3', 1)], [('sep_conv_3x3', 0), ('sep_conv_3x3', 1)], [('sep_conv_3x3', 0), ('sep_conv_3x3', 1)], [('sep_conv_3x3', 2), ('sep_conv_3x3', 3)]], normal1_concat=range(2, 6), reduce1=[[('max_pool_3x3', 0), ('skip_connect', 0)], [('max_pool_3x3', 0), ('max_pool_3x3', 2)], [('sep_conv_3x3', 0), ('skip_connect', 1)], [('sep_conv_3x3', 0), ('dil_conv_3x3', 4)]], reduce1_concat=range(2, 6), normal2=[[('skip_connect', 0), ('dil_conv_3x3', 1)], [('skip_connect', 0), ('sep_conv_3x3', 1)], [('skip_connect', 0), ('sep_conv_3x3', 1)], [('skip_connect', 0), ('sep_conv_3x3', 1)]], normal2_concat=range(2, 6), reduce2=[[('dil_conv_3x3', 0), ('max_pool_3x3', 1)], [('max_pool_3x3', 1), ('dil_conv_5x5', 2)], [('max_pool_3x3', 1), ('dil_conv_5x5', 3)], [('max_pool_3x3', 1), ('skip_connect', 4)]], reduce2_concat=range(2, 6), normal3=[[('dil_conv_5x5', 0), ('sep_conv_3x3', 1)], [('sep_conv_3x3', 1), ('dil_conv_3x3', 2)], [('dil_conv_3x3', 0), ('sep_conv_5x5', 2)], [('sep_conv_5x5', 3), ('sep_conv_3x3', 4)]], normal3_concat=range(2, 6))
05/30 07:25:25PM parser.py:31 [INFO] GPUS=[0]
05/30 07:25:25PM parser.py:31 [INFO] INIT_CHANNELS=16
05/30 07:25:25PM parser.py:31 [INFO] LAYERS=20
05/30 07:25:25PM parser.py:31 [INFO] LOCAL_RANK=0
05/30 07:25:25PM parser.py:31 [INFO] LOGGER=<Logger H-DAS (INFO)>
05/30 07:25:25PM parser.py:31 [INFO] NAME=SCRATCH_SPEC_SPEC
05/30 07:25:25PM parser.py:31 [INFO] PATH=results/search_Stage/CIFAR10/SCRATCH_SPEC_SPEC/EXP-20240530-192525
05/30 07:25:25PM parser.py:31 [INFO] PRINT_FREQ=50
05/30 07:25:25PM parser.py:31 [INFO] RESUME_PATH=None
05/30 07:25:25PM parser.py:31 [INFO] SAVE=EXP
05/30 07:25:25PM parser.py:31 [INFO] SEED=1
05/30 07:25:25PM parser.py:31 [INFO] SHARE_STAGE=False
05/30 07:25:25PM parser.py:31 [INFO] SPEC_CELL=True
05/30 07:25:25PM parser.py:31 [INFO] TRAIN_PORTION=0.5
05/30 07:25:25PM parser.py:31 [INFO] W_GRAD_CLIP=5.0
05/30 07:25:25PM parser.py:31 [INFO] W_LR=0.025
05/30 07:25:25PM parser.py:31 [INFO] W_LR_MIN=0.001
05/30 07:25:25PM parser.py:31 [INFO] W_MOMENTUM=0.9
05/30 07:25:25PM parser.py:31 [INFO] W_WEIGHT_DECAY=0.0003
05/30 07:25:25PM parser.py:31 [INFO] WORKERS=4
05/30 07:25:25PM parser.py:32 [INFO] 
05/30 07:25:26PM searchStage_trainer.py:103 [INFO] --> No loaded checkpoint!
####### ALPHA #######
# Alpha - DAG
tensor([[0.2501, 0.2500, 0.2499, 0.2501],
        [0.2500, 0.2501, 0.2497, 0.2502]], device='cuda:0',
       grad_fn=<SoftmaxBackward0>)
tensor([[0.2499, 0.2500, 0.2499, 0.2501],
        [0.2500, 0.2498, 0.2501, 0.2501],
        [0.2501, 0.2500, 0.2498, 0.2501]], device='cuda:0',
       grad_fn=<SoftmaxBackward0>)
tensor([[0.2508, 0.2494, 0.2503, 0.2496],
        [0.2498, 0.2496, 0.2501, 0.2504],
        [0.2502, 0.2498, 0.2498, 0.2502]], device='cuda:0',
       grad_fn=<SoftmaxBackward0>)
tensor([[0.2501, 0.2495, 0.2503, 0.2501],
        [0.2502, 0.2499, 0.2498, 0.2501],
        [0.2500, 0.2501, 0.2498, 0.2501]], device='cuda:0',
       grad_fn=<SoftmaxBackward0>)
tensor([[0.2499, 0.2502, 0.2501, 0.2498],
        [0.2499, 0.2502, 0.2500, 0.2499],
        [0.2497, 0.2503, 0.2501, 0.2499]], device='cuda:0',
       grad_fn=<SoftmaxBackward0>)
tensor([[0.2501, 0.2498, 0.2501, 0.2500],
        [0.2495, 0.2498, 0.2503, 0.2503],
        [0.2499, 0.2503, 0.2497, 0.2501]], device='cuda:0',
       grad_fn=<SoftmaxBackward0>)
tensor([[0.2498, 0.2499, 0.2501, 0.2502],
        [0.2500, 0.2503, 0.2496, 0.2501]], device='cuda:0',
       grad_fn=<SoftmaxBackward0>)
tensor([[0.2500, 0.2502, 0.2500, 0.2498],
        [0.2501, 0.2499, 0.2502, 0.2498],
        [0.2504, 0.2499, 0.2502, 0.2495]], device='cuda:0',
       grad_fn=<SoftmaxBackward0>)
tensor([[0.2499, 0.2498, 0.2503, 0.2500],
        [0.2498, 0.2502, 0.2502, 0.2498],
        [0.2502, 0.2502, 0.2502, 0.2494]], device='cuda:0',
       grad_fn=<SoftmaxBackward0>)
tensor([[0.2502, 0.2499, 0.2497, 0.2502],
        [0.2500, 0.2498, 0.2499, 0.2503],
        [0.2502, 0.2498, 0.2503, 0.2497]], device='cuda:0',
       grad_fn=<SoftmaxBackward0>)
tensor([[0.2500, 0.2499, 0.2500, 0.2501],
        [0.2501, 0.2498, 0.2500, 0.2502],
        [0.2500, 0.2497, 0.2503, 0.2500]], device='cuda:0',
       grad_fn=<SoftmaxBackward0>)
tensor([[0.2497, 0.2501, 0.2500, 0.2501],
        [0.2499, 0.2505, 0.2498, 0.2498],
        [0.2502, 0.2500, 0.2500, 0.2499]], device='cuda:0',
       grad_fn=<SoftmaxBackward0>)
tensor([[0.2502, 0.2499, 0.2499, 0.2500],
        [0.2501, 0.2502, 0.2499, 0.2497]], device='cuda:0',
       grad_fn=<SoftmaxBackward0>)
tensor([[0.2499, 0.2501, 0.2499, 0.2501],
        [0.2499, 0.2504, 0.2494, 0.2504],
        [0.2499, 0.2501, 0.2501, 0.2499]], device='cuda:0',
       grad_fn=<SoftmaxBackward0>)
tensor([[0.2500, 0.2503, 0.2498, 0.2499],
        [0.2501, 0.2503, 0.2499, 0.2497],
        [0.2500, 0.2500, 0.2499, 0.2500]], device='cuda:0',
       grad_fn=<SoftmaxBackward0>)
tensor([[0.2499, 0.2499, 0.2503, 0.2498],
        [0.2498, 0.2502, 0.2498, 0.2502],
        [0.2499, 0.2500, 0.2505, 0.2497]], device='cuda:0',
       grad_fn=<SoftmaxBackward0>)
tensor([[0.2500, 0.2499, 0.2500, 0.2500],
        [0.2499, 0.2499, 0.2500, 0.2501],
        [0.2499, 0.2500, 0.2500, 0.2501]], device='cuda:0',
       grad_fn=<SoftmaxBackward0>)
tensor([[0.2497, 0.2500, 0.2500, 0.2503],
        [0.2495, 0.2498, 0.2503, 0.2504],
        [0.2498, 0.2498, 0.2501, 0.2503]], device='cuda:0',
       grad_fn=<SoftmaxBackward0>)
#####################
05/30 07:25:45PM searchStage_trainer.py:211 [INFO] Train: Epoch: [0][50/390]	Step 50	lr 0.025	Loss 2.0187 (2.2281)	Prec@(1,5) (16.8%, 67.7%)	
05/30 07:26:02PM searchStage_trainer.py:211 [INFO] Train: Epoch: [0][100/390]	Step 100	lr 0.025	Loss 2.2264 (2.1739)	Prec@(1,5) (19.1%, 72.0%)	
05/30 07:26:20PM searchStage_trainer.py:211 [INFO] Train: Epoch: [0][150/390]	Step 150	lr 0.025	Loss 2.0569 (2.1090)	Prec@(1,5) (21.4%, 74.6%)	
05/30 07:26:37PM searchStage_trainer.py:211 [INFO] Train: Epoch: [0][200/390]	Step 200	lr 0.025	Loss 1.6910 (2.0457)	Prec@(1,5) (23.6%, 77.1%)	
05/30 07:26:54PM searchStage_trainer.py:211 [INFO] Train: Epoch: [0][250/390]	Step 250	lr 0.025	Loss 1.7406 (1.9914)	Prec@(1,5) (25.4%, 79.0%)	
05/30 07:27:11PM searchStage_trainer.py:211 [INFO] Train: Epoch: [0][300/390]	Step 300	lr 0.025	Loss 1.7343 (1.9483)	Prec@(1,5) (26.9%, 80.3%)	
05/30 07:27:29PM searchStage_trainer.py:211 [INFO] Train: Epoch: [0][350/390]	Step 350	lr 0.025	Loss 1.6894 (1.9162)	Prec@(1,5) (28.2%, 81.2%)	
05/30 07:27:42PM searchStage_trainer.py:211 [INFO] Train: Epoch: [0][390/390]	Step 390	lr 0.025	Loss 1.7980 (1.8899)	Prec@(1,5) (29.3%, 82.0%)	
05/30 07:27:43PM searchStage_trainer.py:221 [INFO] Train: [  0/49] Final Prec@1 29.3240%
05/30 07:27:46PM searchStage_trainer.py:249 [INFO] Valid: Epoch: [0][50/391]	Step 391	Loss 1.6223	Prec@(1,5) (38.7%, 90.4%)
05/30 07:27:49PM searchStage_trainer.py:249 [INFO] Valid: Epoch: [0][100/391]	Step 391	Loss 1.6348	Prec@(1,5) (38.6%, 90.1%)
05/30 07:27:52PM searchStage_trainer.py:249 [INFO] Valid: Epoch: [0][150/391]	Step 391	Loss 1.6387	Prec@(1,5) (38.7%, 89.6%)
05/30 07:27:54PM searchStage_trainer.py:249 [INFO] Valid: Epoch: [0][200/391]	Step 391	Loss 1.6355	Prec@(1,5) (38.8%, 89.7%)
05/30 07:27:57PM searchStage_trainer.py:249 [INFO] Valid: Epoch: [0][250/391]	Step 391	Loss 1.6349	Prec@(1,5) (38.9%, 89.7%)
05/30 07:28:00PM searchStage_trainer.py:249 [INFO] Valid: Epoch: [0][300/391]	Step 391	Loss 1.6349	Prec@(1,5) (38.8%, 89.6%)
05/30 07:28:02PM searchStage_trainer.py:249 [INFO] Valid: Epoch: [0][350/391]	Step 391	Loss 1.6315	Prec@(1,5) (38.8%, 89.7%)
05/30 07:28:05PM searchStage_trainer.py:249 [INFO] Valid: Epoch: [0][390/391]	Step 391	Loss 1.6317	Prec@(1,5) (38.8%, 89.6%)
05/30 07:28:05PM searchStage_trainer.py:260 [INFO] Valid: [  0/49] Final Prec@1 38.7840%
05/30 07:28:05PM searchStage_main.py:59 [INFO] DAG = Genotype2(DAG1=[[('avg_pool_3x3', 1), ('max_pool_3x3', 0)], [('avg_pool_3x3', 2), ('avg_pool_3x3', 0)], [('avg_pool_3x3', 3), ('avg_pool_3x3', 2)], [('avg_pool_3x3', 4), ('avg_pool_3x3', 2)], [('avg_pool_3x3', 4), ('avg_pool_3x3', 5)], [('max_pool_3x3', 4), ('avg_pool_3x3', 6)]], DAG1_concat=range(6, 8), DAG2=[[('max_pool_3x3', 1), ('skip_connect', 0)], [('avg_pool_3x3', 2), ('skip_connect', 1)], [('avg_pool_3x3', 3), ('avg_pool_3x3', 2)], [('skip_connect', 4), ('max_pool_3x3', 2)], [('max_pool_3x3', 4), ('max_pool_3x3', 3)], [('avg_pool_3x3', 5), ('avg_pool_3x3', 6)]], DAG2_concat=range(6, 8), DAG3=[[('avg_pool_3x3', 0), ('avg_pool_3x3', 1)], [('avg_pool_3x3', 2), ('avg_pool_3x3', 0)], [('avg_pool_3x3', 2), ('avg_pool_3x3', 3)], [('skip_connect', 4), ('skip_connect', 2)], [('skip_connect', 4), ('skip_connect', 3)], [('skip_connect', 5), ('skip_connect', 4)]], DAG3_concat=range(6, 8))
05/30 07:28:05PM searchStage_main.py:79 [INFO] Until now, best Prec@1 = 38.7840%
####### ALPHA #######
# Alpha - DAG
tensor([[0.2519, 0.2505, 0.2502, 0.2474],
        [0.2480, 0.2560, 0.2510, 0.2450]], device='cuda:0',
       grad_fn=<SoftmaxBackward0>)
tensor([[0.2518, 0.2548, 0.2505, 0.2429],
        [0.2504, 0.2521, 0.2484, 0.2491],
        [0.2525, 0.2580, 0.2453, 0.2442]], device='cuda:0',
       grad_fn=<SoftmaxBackward0>)
tensor([[0.2489, 0.2512, 0.2505, 0.2493],
        [0.2541, 0.2554, 0.2452, 0.2453],
        [0.2512, 0.2589, 0.2455, 0.2444]], device='cuda:0',
       grad_fn=<SoftmaxBackward0>)
tensor([[0.2532, 0.2545, 0.2452, 0.2471],
        [0.2513, 0.2545, 0.2467, 0.2475],
        [0.2509, 0.2574, 0.2455, 0.2463]], device='cuda:0',
       grad_fn=<SoftmaxBackward0>)
tensor([[0.2524, 0.2526, 0.2476, 0.2473],
        [0.2510, 0.2547, 0.2464, 0.2479],
        [0.2513, 0.2545, 0.2472, 0.2470]], device='cuda:0',
       grad_fn=<SoftmaxBackward0>)
tensor([[0.2531, 0.2528, 0.2462, 0.2479],
        [0.2513, 0.2529, 0.2468, 0.2489],
        [0.2517, 0.2530, 0.2466, 0.2488]], device='cuda:0',
       grad_fn=<SoftmaxBackward0>)
tensor([[0.2499, 0.2496, 0.2502, 0.2503],
        [0.2504, 0.2503, 0.2498, 0.2495]], device='cuda:0',
       grad_fn=<SoftmaxBackward0>)
tensor([[0.2496, 0.2509, 0.2503, 0.2492],
        [0.2493, 0.2498, 0.2509, 0.2500],
        [0.2504, 0.2507, 0.2503, 0.2486]], device='cuda:0',
       grad_fn=<SoftmaxBackward0>)
tensor([[0.2499, 0.2498, 0.2506, 0.2497],
        [0.2501, 0.2508, 0.2507, 0.2484],
        [0.2502, 0.2506, 0.2496, 0.2495]], device='cuda:0',
       grad_fn=<SoftmaxBackward0>)
tensor([[0.2509, 0.2501, 0.2498, 0.2491],
        [0.2502, 0.2501, 0.2490, 0.2508],
        [0.2499, 0.2501, 0.2508, 0.2491]], device='cuda:0',
       grad_fn=<SoftmaxBackward0>)
tensor([[0.2509, 0.2498, 0.2495, 0.2498],
        [0.2508, 0.2499, 0.2496, 0.2497],
        [0.2502, 0.2502, 0.2502, 0.2494]], device='cuda:0',
       grad_fn=<SoftmaxBackward0>)
tensor([[0.2498, 0.2503, 0.2498, 0.2502],
        [0.2497, 0.2507, 0.2500, 0.2496],
        [0.2503, 0.2504, 0.2501, 0.2491]], device='cuda:0',
       grad_fn=<SoftmaxBackward0>)
tensor([[0.2501, 0.2505, 0.2499, 0.2494],
        [0.2497, 0.2503, 0.2498, 0.2502]], device='cuda:0',
       grad_fn=<SoftmaxBackward0>)
tensor([[0.2492, 0.2509, 0.2508, 0.2492],
        [0.2490, 0.2505, 0.2496, 0.2509],
        [0.2490, 0.2506, 0.2505, 0.2500]], device='cuda:0',
       grad_fn=<SoftmaxBackward0>)
tensor([[0.2498, 0.2510, 0.2500, 0.2492],
        [0.2496, 0.2506, 0.2502, 0.2496],
        [0.2494, 0.2501, 0.2499, 0.2506]], device='cuda:0',
       grad_fn=<SoftmaxBackward0>)
tensor([[0.2496, 0.2500, 0.2506, 0.2497],
        [0.2492, 0.2505, 0.2502, 0.2501],
        [0.2489, 0.2502, 0.2511, 0.2498]], device='cuda:0',
       grad_fn=<SoftmaxBackward0>)
tensor([[0.2492, 0.2505, 0.2509, 0.2493],
        [0.2489, 0.2506, 0.2512, 0.2493],
        [0.2487, 0.2498, 0.2501, 0.2514]], device='cuda:0',
       grad_fn=<SoftmaxBackward0>)
tensor([[0.2494, 0.2504, 0.2508, 0.2494],
        [0.2481, 0.2504, 0.2518, 0.2497],
        [0.2494, 0.2487, 0.2501, 0.2518]], device='cuda:0',
       grad_fn=<SoftmaxBackward0>)
#####################
05/30 07:28:23PM searchStage_trainer.py:211 [INFO] Train: Epoch: [1][50/390]	Step 441	lr 0.02498	Loss 1.5221 (1.6225)	Prec@(1,5) (39.9%, 89.6%)	
05/30 07:28:40PM searchStage_trainer.py:211 [INFO] Train: Epoch: [1][100/390]	Step 491	lr 0.02498	Loss 1.2233 (1.5987)	Prec@(1,5) (41.1%, 89.6%)	
05/30 07:28:57PM searchStage_trainer.py:211 [INFO] Train: Epoch: [1][150/390]	Step 541	lr 0.02498	Loss 1.1290 (1.5827)	Prec@(1,5) (41.5%, 89.9%)	
05/30 07:29:14PM searchStage_trainer.py:211 [INFO] Train: Epoch: [1][200/390]	Step 591	lr 0.02498	Loss 1.6405 (1.5672)	Prec@(1,5) (42.1%, 90.2%)	
05/30 07:29:31PM searchStage_trainer.py:211 [INFO] Train: Epoch: [1][250/390]	Step 641	lr 0.02498	Loss 1.3830 (1.5538)	Prec@(1,5) (42.6%, 90.5%)	
05/30 07:29:49PM searchStage_trainer.py:211 [INFO] Train: Epoch: [1][300/390]	Step 691	lr 0.02498	Loss 1.4817 (1.5346)	Prec@(1,5) (43.4%, 90.9%)	
05/30 07:30:06PM searchStage_trainer.py:211 [INFO] Train: Epoch: [1][350/390]	Step 741	lr 0.02498	Loss 1.2699 (1.5215)	Prec@(1,5) (43.9%, 91.1%)	
05/30 07:30:19PM searchStage_trainer.py:211 [INFO] Train: Epoch: [1][390/390]	Step 781	lr 0.02498	Loss 1.5147 (1.5111)	Prec@(1,5) (44.4%, 91.2%)	
05/30 07:30:20PM searchStage_trainer.py:221 [INFO] Train: [  1/49] Final Prec@1 44.3960%
05/30 07:30:23PM searchStage_trainer.py:249 [INFO] Valid: Epoch: [1][50/391]	Step 782	Loss 1.4986	Prec@(1,5) (45.4%, 91.1%)
05/30 07:30:25PM searchStage_trainer.py:249 [INFO] Valid: Epoch: [1][100/391]	Step 782	Loss 1.5138	Prec@(1,5) (45.9%, 90.5%)
05/30 07:30:28PM searchStage_trainer.py:249 [INFO] Valid: Epoch: [1][150/391]	Step 782	Loss 1.4988	Prec@(1,5) (45.8%, 90.8%)
05/30 07:30:31PM searchStage_trainer.py:249 [INFO] Valid: Epoch: [1][200/391]	Step 782	Loss 1.5020	Prec@(1,5) (46.0%, 90.6%)
05/30 07:30:33PM searchStage_trainer.py:249 [INFO] Valid: Epoch: [1][250/391]	Step 782	Loss 1.4984	Prec@(1,5) (46.4%, 90.5%)
05/30 07:30:36PM searchStage_trainer.py:249 [INFO] Valid: Epoch: [1][300/391]	Step 782	Loss 1.5022	Prec@(1,5) (46.1%, 90.5%)
05/30 07:30:39PM searchStage_trainer.py:249 [INFO] Valid: Epoch: [1][350/391]	Step 782	Loss 1.5029	Prec@(1,5) (45.9%, 90.5%)
05/30 07:30:41PM searchStage_trainer.py:249 [INFO] Valid: Epoch: [1][390/391]	Step 782	Loss 1.5044	Prec@(1,5) (46.0%, 90.4%)
05/30 07:30:41PM searchStage_trainer.py:260 [INFO] Valid: [  1/49] Final Prec@1 46.0200%
05/30 07:30:41PM searchStage_main.py:59 [INFO] DAG = Genotype2(DAG1=[[('avg_pool_3x3', 1), ('avg_pool_3x3', 0)], [('avg_pool_3x3', 2), ('avg_pool_3x3', 1)], [('avg_pool_3x3', 3), ('avg_pool_3x3', 2)], [('avg_pool_3x3', 2), ('avg_pool_3x3', 4)], [('avg_pool_3x3', 4), ('avg_pool_3x3', 5)], [('avg_pool_3x3', 6), ('avg_pool_3x3', 4)]], DAG1_concat=range(6, 8), DAG2=[[('avg_pool_3x3', 1), ('skip_connect', 0)], [('avg_pool_3x3', 2), ('skip_connect', 1)], [('avg_pool_3x3', 3), ('avg_pool_3x3', 2)], [('skip_connect', 4), ('max_pool_3x3', 2)], [('max_pool_3x3', 4), ('avg_pool_3x3', 5)], [('avg_pool_3x3', 5), ('avg_pool_3x3', 6)]], DAG2_concat=range(6, 8), DAG3=[[('avg_pool_3x3', 0), ('avg_pool_3x3', 1)], [('avg_pool_3x3', 2), ('avg_pool_3x3', 0)], [('avg_pool_3x3', 2), ('avg_pool_3x3', 3)], [('skip_connect', 4), ('avg_pool_3x3', 3)], [('skip_connect', 4), ('skip_connect', 3)], [('skip_connect', 5), ('skip_connect', 4)]], DAG3_concat=range(6, 8))
05/30 07:30:41PM searchStage_main.py:79 [INFO] Until now, best Prec@1 = 46.0200%
####### ALPHA #######
# Alpha - DAG
tensor([[0.2522, 0.2548, 0.2518, 0.2413],
        [0.2502, 0.2615, 0.2455, 0.2428]], device='cuda:0',
       grad_fn=<SoftmaxBackward0>)
tensor([[0.2535, 0.2576, 0.2489, 0.2399],
        [0.2523, 0.2580, 0.2472, 0.2425],
        [0.2564, 0.2654, 0.2401, 0.2381]], device='cuda:0',
       grad_fn=<SoftmaxBackward0>)
tensor([[0.2504, 0.2558, 0.2520, 0.2418],
        [0.2583, 0.2616, 0.2391, 0.2411],
        [0.2536, 0.2665, 0.2395, 0.2404]], device='cuda:0',
       grad_fn=<SoftmaxBackward0>)
tensor([[0.2559, 0.2605, 0.2437, 0.2399],
        [0.2515, 0.2602, 0.2442, 0.2442],
        [0.2525, 0.2615, 0.2406, 0.2454]], device='cuda:0',
       grad_fn=<SoftmaxBackward0>)
tensor([[0.2547, 0.2572, 0.2438, 0.2444],
        [0.2539, 0.2588, 0.2434, 0.2439],
        [0.2530, 0.2580, 0.2440, 0.2450]], device='cuda:0',
       grad_fn=<SoftmaxBackward0>)
tensor([[0.2547, 0.2560, 0.2426, 0.2467],
        [0.2513, 0.2564, 0.2449, 0.2474],
        [0.2515, 0.2567, 0.2463, 0.2455]], device='cuda:0',
       grad_fn=<SoftmaxBackward0>)
tensor([[0.2499, 0.2497, 0.2503, 0.2501],
        [0.2504, 0.2507, 0.2500, 0.2490]], device='cuda:0',
       grad_fn=<SoftmaxBackward0>)
tensor([[0.2491, 0.2510, 0.2503, 0.2496],
        [0.2498, 0.2499, 0.2509, 0.2494],
        [0.2506, 0.2513, 0.2506, 0.2475]], device='cuda:0',
       grad_fn=<SoftmaxBackward0>)
tensor([[0.2506, 0.2498, 0.2503, 0.2493],
        [0.2505, 0.2515, 0.2505, 0.2475],
        [0.2507, 0.2510, 0.2489, 0.2494]], device='cuda:0',
       grad_fn=<SoftmaxBackward0>)
tensor([[0.2510, 0.2502, 0.2496, 0.2492],
        [0.2503, 0.2504, 0.2490, 0.2503],
        [0.2505, 0.2503, 0.2508, 0.2484]], device='cuda:0',
       grad_fn=<SoftmaxBackward0>)
tensor([[0.2514, 0.2503, 0.2492, 0.2490],
        [0.2513, 0.2501, 0.2493, 0.2493],
        [0.2503, 0.2504, 0.2498, 0.2495]], device='cuda:0',
       grad_fn=<SoftmaxBackward0>)
tensor([[0.2499, 0.2503, 0.2494, 0.2504],
        [0.2497, 0.2510, 0.2501, 0.2493],
        [0.2503, 0.2508, 0.2505, 0.2484]], device='cuda:0',
       grad_fn=<SoftmaxBackward0>)
tensor([[0.2497, 0.2509, 0.2505, 0.2489],
        [0.2493, 0.2503, 0.2497, 0.2507]], device='cuda:0',
       grad_fn=<SoftmaxBackward0>)
tensor([[0.2486, 0.2516, 0.2514, 0.2484],
        [0.2482, 0.2506, 0.2498, 0.2514],
        [0.2482, 0.2509, 0.2507, 0.2501]], device='cuda:0',
       grad_fn=<SoftmaxBackward0>)
tensor([[0.2494, 0.2515, 0.2503, 0.2488],
        [0.2490, 0.2510, 0.2508, 0.2491],
        [0.2489, 0.2502, 0.2497, 0.2512]], device='cuda:0',
       grad_fn=<SoftmaxBackward0>)
tensor([[0.2491, 0.2503, 0.2511, 0.2495],
        [0.2486, 0.2507, 0.2504, 0.2503],
        [0.2480, 0.2504, 0.2516, 0.2499]], device='cuda:0',
       grad_fn=<SoftmaxBackward0>)
tensor([[0.2487, 0.2510, 0.2516, 0.2487],
        [0.2482, 0.2511, 0.2520, 0.2487],
        [0.2479, 0.2495, 0.2499, 0.2527]], device='cuda:0',
       grad_fn=<SoftmaxBackward0>)
tensor([[0.2490, 0.2507, 0.2514, 0.2489],
        [0.2468, 0.2508, 0.2532, 0.2492],
        [0.2490, 0.2480, 0.2502, 0.2528]], device='cuda:0',
       grad_fn=<SoftmaxBackward0>)
#####################
05/30 07:30:59PM searchStage_trainer.py:211 [INFO] Train: Epoch: [2][50/390]	Step 832	lr 0.02491	Loss 1.2593 (1.3741)	Prec@(1,5) (50.2%, 92.7%)	
05/30 07:31:16PM searchStage_trainer.py:211 [INFO] Train: Epoch: [2][100/390]	Step 882	lr 0.02491	Loss 1.5534 (1.3769)	Prec@(1,5) (50.1%, 93.0%)	
05/30 07:31:33PM searchStage_trainer.py:211 [INFO] Train: Epoch: [2][150/390]	Step 932	lr 0.02491	Loss 1.1018 (1.3693)	Prec@(1,5) (50.7%, 93.0%)	
05/30 07:31:50PM searchStage_trainer.py:211 [INFO] Train: Epoch: [2][200/390]	Step 982	lr 0.02491	Loss 1.2916 (1.3666)	Prec@(1,5) (50.7%, 93.0%)	
05/30 07:32:08PM searchStage_trainer.py:211 [INFO] Train: Epoch: [2][250/390]	Step 1032	lr 0.02491	Loss 1.0869 (1.3533)	Prec@(1,5) (51.2%, 93.2%)	
05/30 07:32:25PM searchStage_trainer.py:211 [INFO] Train: Epoch: [2][300/390]	Step 1082	lr 0.02491	Loss 1.4003 (1.3492)	Prec@(1,5) (51.5%, 93.2%)	
05/30 07:32:43PM searchStage_trainer.py:211 [INFO] Train: Epoch: [2][350/390]	Step 1132	lr 0.02491	Loss 1.2437 (1.3348)	Prec@(1,5) (51.9%, 93.4%)	
05/30 07:32:57PM searchStage_trainer.py:211 [INFO] Train: Epoch: [2][390/390]	Step 1172	lr 0.02491	Loss 1.4949 (1.3266)	Prec@(1,5) (52.2%, 93.4%)	
05/30 07:32:57PM searchStage_trainer.py:221 [INFO] Train: [  2/49] Final Prec@1 52.2120%
05/30 07:33:00PM searchStage_trainer.py:249 [INFO] Valid: Epoch: [2][50/391]	Step 1173	Loss 1.3154	Prec@(1,5) (53.6%, 94.2%)
05/30 07:33:02PM searchStage_trainer.py:249 [INFO] Valid: Epoch: [2][100/391]	Step 1173	Loss 1.2951	Prec@(1,5) (53.8%, 94.1%)
05/30 07:33:05PM searchStage_trainer.py:249 [INFO] Valid: Epoch: [2][150/391]	Step 1173	Loss 1.2951	Prec@(1,5) (53.6%, 94.2%)
05/30 07:33:08PM searchStage_trainer.py:249 [INFO] Valid: Epoch: [2][200/391]	Step 1173	Loss 1.2919	Prec@(1,5) (53.7%, 94.3%)
05/30 07:33:11PM searchStage_trainer.py:249 [INFO] Valid: Epoch: [2][250/391]	Step 1173	Loss 1.2968	Prec@(1,5) (53.5%, 94.2%)
05/30 07:33:13PM searchStage_trainer.py:249 [INFO] Valid: Epoch: [2][300/391]	Step 1173	Loss 1.2963	Prec@(1,5) (53.5%, 94.1%)
05/30 07:33:16PM searchStage_trainer.py:249 [INFO] Valid: Epoch: [2][350/391]	Step 1173	Loss 1.3004	Prec@(1,5) (53.3%, 94.2%)
05/30 07:33:18PM searchStage_trainer.py:249 [INFO] Valid: Epoch: [2][390/391]	Step 1173	Loss 1.2998	Prec@(1,5) (53.4%, 94.1%)
05/30 07:33:18PM searchStage_trainer.py:260 [INFO] Valid: [  2/49] Final Prec@1 53.3840%
05/30 07:33:18PM searchStage_main.py:59 [INFO] DAG = Genotype2(DAG1=[[('avg_pool_3x3', 1), ('avg_pool_3x3', 0)], [('avg_pool_3x3', 2), ('avg_pool_3x3', 1)], [('avg_pool_3x3', 3), ('avg_pool_3x3', 2)], [('avg_pool_3x3', 4), ('avg_pool_3x3', 2)], [('avg_pool_3x3', 4), ('avg_pool_3x3', 5)], [('avg_pool_3x3', 6), ('avg_pool_3x3', 5)]], DAG1_concat=range(6, 8), DAG2=[[('avg_pool_3x3', 1), ('avg_pool_3x3', 0)], [('avg_pool_3x3', 2), ('skip_connect', 1)], [('avg_pool_3x3', 3), ('avg_pool_3x3', 2)], [('skip_connect', 4), ('avg_pool_3x3', 3)], [('avg_pool_3x3', 5), ('max_pool_3x3', 4)], [('avg_pool_3x3', 6), ('avg_pool_3x3', 5)]], DAG2_concat=range(6, 8), DAG3=[[('avg_pool_3x3', 0), ('avg_pool_3x3', 1)], [('avg_pool_3x3', 2), ('avg_pool_3x3', 0)], [('avg_pool_3x3', 3), ('avg_pool_3x3', 2)], [('skip_connect', 4), ('avg_pool_3x3', 3)], [('skip_connect', 4), ('skip_connect', 5)], [('skip_connect', 5), ('skip_connect', 6)]], DAG3_concat=range(6, 8))
05/30 07:33:19PM searchStage_main.py:79 [INFO] Until now, best Prec@1 = 53.3840%
####### ALPHA #######
# Alpha - DAG
tensor([[0.2522, 0.2584, 0.2496, 0.2398],
        [0.2498, 0.2709, 0.2453, 0.2340]], device='cuda:0',
       grad_fn=<SoftmaxBackward0>)
tensor([[0.2571, 0.2647, 0.2446, 0.2337],
        [0.2485, 0.2643, 0.2485, 0.2387],
        [0.2582, 0.2756, 0.2347, 0.2315]], device='cuda:0',
       grad_fn=<SoftmaxBackward0>)
tensor([[0.2501, 0.2599, 0.2537, 0.2363],
        [0.2622, 0.2685, 0.2342, 0.2351],
        [0.2584, 0.2726, 0.2328, 0.2362]], device='cuda:0',
       grad_fn=<SoftmaxBackward0>)
tensor([[0.2576, 0.2652, 0.2413, 0.2360],
        [0.2546, 0.2666, 0.2392, 0.2396],
        [0.2556, 0.2661, 0.2361, 0.2421]], device='cuda:0',
       grad_fn=<SoftmaxBackward0>)
tensor([[0.2581, 0.2622, 0.2403, 0.2394],
        [0.2556, 0.2631, 0.2384, 0.2429],
        [0.2548, 0.2632, 0.2407, 0.2413]], device='cuda:0',
       grad_fn=<SoftmaxBackward0>)
tensor([[0.2572, 0.2583, 0.2383, 0.2462],
        [0.2524, 0.2603, 0.2424, 0.2448],
        [0.2525, 0.2600, 0.2453, 0.2422]], device='cuda:0',
       grad_fn=<SoftmaxBackward0>)
tensor([[0.2498, 0.2502, 0.2501, 0.2499],
        [0.2498, 0.2512, 0.2503, 0.2487]], device='cuda:0',
       grad_fn=<SoftmaxBackward0>)
tensor([[0.2491, 0.2508, 0.2507, 0.2493],
        [0.2500, 0.2499, 0.2508, 0.2494],
        [0.2507, 0.2518, 0.2507, 0.2467]], device='cuda:0',
       grad_fn=<SoftmaxBackward0>)
tensor([[0.2500, 0.2499, 0.2505, 0.2496],
        [0.2505, 0.2520, 0.2506, 0.2468],
        [0.2505, 0.2515, 0.2491, 0.2489]], device='cuda:0',
       grad_fn=<SoftmaxBackward0>)
tensor([[0.2511, 0.2505, 0.2495, 0.2488],
        [0.2505, 0.2505, 0.2488, 0.2502],
        [0.2506, 0.2504, 0.2508, 0.2482]], device='cuda:0',
       grad_fn=<SoftmaxBackward0>)
tensor([[0.2519, 0.2503, 0.2490, 0.2488],
        [0.2518, 0.2503, 0.2489, 0.2490],
        [0.2503, 0.2506, 0.2498, 0.2492]], device='cuda:0',
       grad_fn=<SoftmaxBackward0>)
tensor([[0.2500, 0.2505, 0.2493, 0.2501],
        [0.2495, 0.2511, 0.2502, 0.2492],
        [0.2502, 0.2513, 0.2505, 0.2480]], device='cuda:0',
       grad_fn=<SoftmaxBackward0>)
tensor([[0.2495, 0.2513, 0.2506, 0.2486],
        [0.2491, 0.2504, 0.2496, 0.2509]], device='cuda:0',
       grad_fn=<SoftmaxBackward0>)
tensor([[0.2483, 0.2520, 0.2518, 0.2479],
        [0.2476, 0.2505, 0.2498, 0.2521],
        [0.2477, 0.2512, 0.2512, 0.2499]], device='cuda:0',
       grad_fn=<SoftmaxBackward0>)
tensor([[0.2488, 0.2519, 0.2507, 0.2486],
        [0.2486, 0.2512, 0.2511, 0.2491],
        [0.2484, 0.2504, 0.2498, 0.2514]], device='cuda:0',
       grad_fn=<SoftmaxBackward0>)
tensor([[0.2487, 0.2504, 0.2517, 0.2492],
        [0.2482, 0.2508, 0.2506, 0.2504],
        [0.2474, 0.2506, 0.2520, 0.2501]], device='cuda:0',
       grad_fn=<SoftmaxBackward0>)
tensor([[0.2480, 0.2514, 0.2523, 0.2483],
        [0.2475, 0.2515, 0.2527, 0.2483],
        [0.2471, 0.2493, 0.2500, 0.2536]], device='cuda:0',
       grad_fn=<SoftmaxBackward0>)
tensor([[0.2487, 0.2509, 0.2521, 0.2483],
        [0.2457, 0.2512, 0.2544, 0.2486],
        [0.2486, 0.2474, 0.2501, 0.2539]], device='cuda:0',
       grad_fn=<SoftmaxBackward0>)
#####################
05/30 07:33:36PM searchStage_trainer.py:211 [INFO] Train: Epoch: [3][50/390]	Step 1223	lr 0.02479	Loss 1.0700 (1.2086)	Prec@(1,5) (58.6%, 94.7%)	
05/30 07:33:54PM searchStage_trainer.py:211 [INFO] Train: Epoch: [3][100/390]	Step 1273	lr 0.02479	Loss 1.2497 (1.2146)	Prec@(1,5) (57.5%, 94.9%)	
05/30 07:34:11PM searchStage_trainer.py:211 [INFO] Train: Epoch: [3][150/390]	Step 1323	lr 0.02479	Loss 1.1962 (1.1971)	Prec@(1,5) (57.8%, 95.1%)	
05/30 07:34:28PM searchStage_trainer.py:211 [INFO] Train: Epoch: [3][200/390]	Step 1373	lr 0.02479	Loss 1.2353 (1.1971)	Prec@(1,5) (57.6%, 94.9%)	
05/30 07:34:45PM searchStage_trainer.py:211 [INFO] Train: Epoch: [3][250/390]	Step 1423	lr 0.02479	Loss 1.0097 (1.1886)	Prec@(1,5) (57.8%, 95.1%)	
05/30 07:35:02PM searchStage_trainer.py:211 [INFO] Train: Epoch: [3][300/390]	Step 1473	lr 0.02479	Loss 0.9081 (1.1808)	Prec@(1,5) (58.0%, 95.2%)	
05/30 07:35:20PM searchStage_trainer.py:211 [INFO] Train: Epoch: [3][350/390]	Step 1523	lr 0.02479	Loss 1.0786 (1.1786)	Prec@(1,5) (58.1%, 95.2%)	
05/30 07:35:34PM searchStage_trainer.py:211 [INFO] Train: Epoch: [3][390/390]	Step 1563	lr 0.02479	Loss 1.5060 (1.1778)	Prec@(1,5) (58.1%, 95.1%)	
05/30 07:35:34PM searchStage_trainer.py:221 [INFO] Train: [  3/49] Final Prec@1 58.0640%
05/30 07:35:37PM searchStage_trainer.py:249 [INFO] Valid: Epoch: [3][50/391]	Step 1564	Loss 1.3210	Prec@(1,5) (55.7%, 94.0%)
05/30 07:35:39PM searchStage_trainer.py:249 [INFO] Valid: Epoch: [3][100/391]	Step 1564	Loss 1.3231	Prec@(1,5) (55.5%, 93.7%)
05/30 07:35:42PM searchStage_trainer.py:249 [INFO] Valid: Epoch: [3][150/391]	Step 1564	Loss 1.3208	Prec@(1,5) (55.0%, 93.8%)
05/30 07:35:45PM searchStage_trainer.py:249 [INFO] Valid: Epoch: [3][200/391]	Step 1564	Loss 1.3355	Prec@(1,5) (54.6%, 93.7%)
05/30 07:35:47PM searchStage_trainer.py:249 [INFO] Valid: Epoch: [3][250/391]	Step 1564	Loss 1.3396	Prec@(1,5) (54.5%, 93.7%)
05/30 07:35:50PM searchStage_trainer.py:249 [INFO] Valid: Epoch: [3][300/391]	Step 1564	Loss 1.3357	Prec@(1,5) (54.3%, 93.7%)
05/30 07:35:53PM searchStage_trainer.py:249 [INFO] Valid: Epoch: [3][350/391]	Step 1564	Loss 1.3394	Prec@(1,5) (54.2%, 93.5%)
05/30 07:35:55PM searchStage_trainer.py:249 [INFO] Valid: Epoch: [3][390/391]	Step 1564	Loss 1.3443	Prec@(1,5) (54.1%, 93.4%)
05/30 07:35:55PM searchStage_trainer.py:260 [INFO] Valid: [  3/49] Final Prec@1 54.1040%
05/30 07:35:55PM searchStage_main.py:59 [INFO] DAG = Genotype2(DAG1=[[('avg_pool_3x3', 1), ('avg_pool_3x3', 0)], [('avg_pool_3x3', 2), ('avg_pool_3x3', 1)], [('avg_pool_3x3', 3), ('avg_pool_3x3', 2)], [('avg_pool_3x3', 4), ('avg_pool_3x3', 3)], [('avg_pool_3x3', 5), ('avg_pool_3x3', 4)], [('avg_pool_3x3', 6), ('avg_pool_3x3', 5)]], DAG1_concat=range(6, 8), DAG2=[[('avg_pool_3x3', 1), ('avg_pool_3x3', 0)], [('avg_pool_3x3', 2), ('avg_pool_3x3', 0)], [('avg_pool_3x3', 3), ('avg_pool_3x3', 2)], [('skip_connect', 4), ('avg_pool_3x3', 3)], [('avg_pool_3x3', 5), ('max_pool_3x3', 4)], [('avg_pool_3x3', 6), ('avg_pool_3x3', 5)]], DAG2_concat=range(6, 8), DAG3=[[('avg_pool_3x3', 0), ('avg_pool_3x3', 1)], [('skip_connect', 2), ('avg_pool_3x3', 0)], [('avg_pool_3x3', 3), ('avg_pool_3x3', 2)], [('skip_connect', 4), ('avg_pool_3x3', 3)], [('skip_connect', 5), ('skip_connect', 4)], [('skip_connect', 5), ('skip_connect', 6)]], DAG3_concat=range(6, 8))
05/30 07:35:56PM searchStage_main.py:79 [INFO] Until now, best Prec@1 = 54.1040%
####### ALPHA #######
# Alpha - DAG
tensor([[0.2539, 0.2651, 0.2464, 0.2346],
        [0.2499, 0.2769, 0.2449, 0.2283]], device='cuda:0',
       grad_fn=<SoftmaxBackward0>)
tensor([[0.2586, 0.2694, 0.2433, 0.2288],
        [0.2488, 0.2719, 0.2475, 0.2318],
        [0.2602, 0.2871, 0.2264, 0.2263]], device='cuda:0',
       grad_fn=<SoftmaxBackward0>)
tensor([[0.2501, 0.2647, 0.2571, 0.2280],
        [0.2633, 0.2751, 0.2305, 0.2310],
        [0.2611, 0.2801, 0.2255, 0.2333]], device='cuda:0',
       grad_fn=<SoftmaxBackward0>)
tensor([[0.2599, 0.2682, 0.2371, 0.2348],
        [0.2581, 0.2709, 0.2362, 0.2348],
        [0.2582, 0.2699, 0.2342, 0.2377]], device='cuda:0',
       grad_fn=<SoftmaxBackward0>)
tensor([[0.2614, 0.2653, 0.2360, 0.2373],
        [0.2571, 0.2670, 0.2352, 0.2407],
        [0.2565, 0.2672, 0.2386, 0.2377]], device='cuda:0',
       grad_fn=<SoftmaxBackward0>)
tensor([[0.2593, 0.2611, 0.2353, 0.2443],
        [0.2540, 0.2639, 0.2404, 0.2418],
        [0.2540, 0.2633, 0.2418, 0.2409]], device='cuda:0',
       grad_fn=<SoftmaxBackward0>)
tensor([[0.2501, 0.2503, 0.2501, 0.2495],
        [0.2501, 0.2509, 0.2503, 0.2487]], device='cuda:0',
       grad_fn=<SoftmaxBackward0>)
tensor([[0.2490, 0.2511, 0.2510, 0.2490],
        [0.2502, 0.2497, 0.2504, 0.2497],
        [0.2508, 0.2522, 0.2509, 0.2462]], device='cuda:0',
       grad_fn=<SoftmaxBackward0>)
tensor([[0.2498, 0.2502, 0.2504, 0.2496],
        [0.2506, 0.2523, 0.2504, 0.2467],
        [0.2506, 0.2518, 0.2491, 0.2485]], device='cuda:0',
       grad_fn=<SoftmaxBackward0>)
tensor([[0.2509, 0.2505, 0.2495, 0.2491],
        [0.2506, 0.2507, 0.2490, 0.2497],
        [0.2505, 0.2506, 0.2509, 0.2479]], device='cuda:0',
       grad_fn=<SoftmaxBackward0>)
tensor([[0.2521, 0.2506, 0.2494, 0.2480],
        [0.2518, 0.2504, 0.2486, 0.2492],
        [0.2506, 0.2507, 0.2495, 0.2492]], device='cuda:0',
       grad_fn=<SoftmaxBackward0>)
tensor([[0.2502, 0.2507, 0.2491, 0.2500],
        [0.2497, 0.2513, 0.2503, 0.2487],
        [0.2501, 0.2514, 0.2504, 0.2481]], device='cuda:0',
       grad_fn=<SoftmaxBackward0>)
tensor([[0.2493, 0.2517, 0.2506, 0.2484],
        [0.2488, 0.2504, 0.2496, 0.2511]], device='cuda:0',
       grad_fn=<SoftmaxBackward0>)
tensor([[0.2480, 0.2523, 0.2520, 0.2477],
        [0.2472, 0.2505, 0.2499, 0.2525],
        [0.2472, 0.2515, 0.2516, 0.2498]], device='cuda:0',
       grad_fn=<SoftmaxBackward0>)
tensor([[0.2485, 0.2523, 0.2510, 0.2482],
        [0.2483, 0.2514, 0.2513, 0.2490],
        [0.2482, 0.2504, 0.2497, 0.2518]], device='cuda:0',
       grad_fn=<SoftmaxBackward0>)
tensor([[0.2485, 0.2505, 0.2519, 0.2491],
        [0.2480, 0.2509, 0.2508, 0.2504],
        [0.2469, 0.2507, 0.2522, 0.2502]], device='cuda:0',
       grad_fn=<SoftmaxBackward0>)
tensor([[0.2477, 0.2517, 0.2528, 0.2478],
        [0.2471, 0.2517, 0.2532, 0.2481],
        [0.2465, 0.2492, 0.2500, 0.2542]], device='cuda:0',
       grad_fn=<SoftmaxBackward0>)
tensor([[0.2484, 0.2511, 0.2526, 0.2479],
        [0.2448, 0.2516, 0.2554, 0.2482],
        [0.2482, 0.2469, 0.2502, 0.2546]], device='cuda:0',
       grad_fn=<SoftmaxBackward0>)
#####################
05/30 07:36:13PM searchStage_trainer.py:211 [INFO] Train: Epoch: [4][50/390]	Step 1614	lr 0.02462	Loss 1.1097 (1.0741)	Prec@(1,5) (62.2%, 95.6%)	
05/30 07:36:30PM searchStage_trainer.py:211 [INFO] Train: Epoch: [4][100/390]	Step 1664	lr 0.02462	Loss 1.0096 (1.0835)	Prec@(1,5) (61.8%, 95.7%)	
05/30 07:36:47PM searchStage_trainer.py:211 [INFO] Train: Epoch: [4][150/390]	Step 1714	lr 0.02462	Loss 1.2148 (1.0869)	Prec@(1,5) (61.6%, 95.7%)	
05/30 07:37:04PM searchStage_trainer.py:211 [INFO] Train: Epoch: [4][200/390]	Step 1764	lr 0.02462	Loss 0.9164 (1.0753)	Prec@(1,5) (62.0%, 95.8%)	
05/30 07:37:22PM searchStage_trainer.py:211 [INFO] Train: Epoch: [4][250/390]	Step 1814	lr 0.02462	Loss 1.4714 (1.0722)	Prec@(1,5) (62.0%, 96.0%)	
05/30 07:37:39PM searchStage_trainer.py:211 [INFO] Train: Epoch: [4][300/390]	Step 1864	lr 0.02462	Loss 1.1192 (1.0712)	Prec@(1,5) (62.2%, 96.1%)	
05/30 07:37:56PM searchStage_trainer.py:211 [INFO] Train: Epoch: [4][350/390]	Step 1914	lr 0.02462	Loss 0.8410 (1.0685)	Prec@(1,5) (62.2%, 96.0%)	
05/30 07:38:10PM searchStage_trainer.py:211 [INFO] Train: Epoch: [4][390/390]	Step 1954	lr 0.02462	Loss 1.0776 (1.0667)	Prec@(1,5) (62.2%, 96.0%)	
05/30 07:38:11PM searchStage_trainer.py:221 [INFO] Train: [  4/49] Final Prec@1 62.2400%
05/30 07:38:13PM searchStage_trainer.py:249 [INFO] Valid: Epoch: [4][50/391]	Step 1955	Loss 1.0786	Prec@(1,5) (62.6%, 95.5%)
05/30 07:38:16PM searchStage_trainer.py:249 [INFO] Valid: Epoch: [4][100/391]	Step 1955	Loss 1.0650	Prec@(1,5) (62.7%, 95.8%)
05/30 07:38:19PM searchStage_trainer.py:249 [INFO] Valid: Epoch: [4][150/391]	Step 1955	Loss 1.0622	Prec@(1,5) (62.9%, 95.9%)
05/30 07:38:21PM searchStage_trainer.py:249 [INFO] Valid: Epoch: [4][200/391]	Step 1955	Loss 1.0648	Prec@(1,5) (62.9%, 96.0%)
05/30 07:38:24PM searchStage_trainer.py:249 [INFO] Valid: Epoch: [4][250/391]	Step 1955	Loss 1.0618	Prec@(1,5) (62.9%, 96.1%)
05/30 07:38:27PM searchStage_trainer.py:249 [INFO] Valid: Epoch: [4][300/391]	Step 1955	Loss 1.0647	Prec@(1,5) (62.8%, 95.9%)
05/30 07:38:30PM searchStage_trainer.py:249 [INFO] Valid: Epoch: [4][350/391]	Step 1955	Loss 1.0760	Prec@(1,5) (62.4%, 95.7%)
05/30 07:38:32PM searchStage_trainer.py:249 [INFO] Valid: Epoch: [4][390/391]	Step 1955	Loss 1.0797	Prec@(1,5) (62.2%, 95.7%)
05/30 07:38:32PM searchStage_trainer.py:260 [INFO] Valid: [  4/49] Final Prec@1 62.1960%
05/30 07:38:32PM searchStage_main.py:59 [INFO] DAG = Genotype2(DAG1=[[('avg_pool_3x3', 1), ('avg_pool_3x3', 0)], [('avg_pool_3x3', 2), ('avg_pool_3x3', 1)], [('avg_pool_3x3', 3), ('avg_pool_3x3', 2)], [('avg_pool_3x3', 4), ('avg_pool_3x3', 3)], [('avg_pool_3x3', 5), ('avg_pool_3x3', 4)], [('avg_pool_3x3', 6), ('avg_pool_3x3', 5)]], DAG1_concat=range(6, 8), DAG2=[[('avg_pool_3x3', 1), ('avg_pool_3x3', 0)], [('avg_pool_3x3', 2), ('skip_connect', 0)], [('avg_pool_3x3', 3), ('avg_pool_3x3', 2)], [('skip_connect', 4), ('avg_pool_3x3', 3)], [('max_pool_3x3', 5), ('max_pool_3x3', 4)], [('avg_pool_3x3', 6), ('avg_pool_3x3', 5)]], DAG2_concat=range(6, 8), DAG3=[[('avg_pool_3x3', 0), ('avg_pool_3x3', 1)], [('skip_connect', 2), ('avg_pool_3x3', 0)], [('avg_pool_3x3', 3), ('avg_pool_3x3', 2)], [('skip_connect', 4), ('avg_pool_3x3', 3)], [('skip_connect', 5), ('skip_connect', 4)], [('skip_connect', 5), ('skip_connect', 6)]], DAG3_concat=range(6, 8))
05/30 07:38:32PM searchStage_main.py:79 [INFO] Until now, best Prec@1 = 62.1960%
####### ALPHA #######
# Alpha - DAG
tensor([[0.2549, 0.2713, 0.2437, 0.2301],
        [0.2520, 0.2853, 0.2411, 0.2216]], device='cuda:0',
       grad_fn=<SoftmaxBackward0>)
tensor([[0.2609, 0.2753, 0.2416, 0.2223],
        [0.2499, 0.2783, 0.2451, 0.2267],
        [0.2620, 0.2952, 0.2202, 0.2225]], device='cuda:0',
       grad_fn=<SoftmaxBackward0>)
tensor([[0.2507, 0.2683, 0.2580, 0.2230],
        [0.2653, 0.2797, 0.2276, 0.2274],
        [0.2627, 0.2859, 0.2217, 0.2297]], device='cuda:0',
       grad_fn=<SoftmaxBackward0>)
tensor([[0.2618, 0.2726, 0.2347, 0.2309],
        [0.2588, 0.2755, 0.2350, 0.2307],
        [0.2601, 0.2732, 0.2302, 0.2365]], device='cuda:0',
       grad_fn=<SoftmaxBackward0>)
tensor([[0.2632, 0.2688, 0.2331, 0.2350],
        [0.2589, 0.2704, 0.2326, 0.2381],
        [0.2572, 0.2707, 0.2365, 0.2357]], device='cuda:0',
       grad_fn=<SoftmaxBackward0>)
tensor([[0.2625, 0.2641, 0.2323, 0.2412],
        [0.2557, 0.2659, 0.2385, 0.2399],
        [0.2552, 0.2657, 0.2393, 0.2399]], device='cuda:0',
       grad_fn=<SoftmaxBackward0>)
tensor([[0.2501, 0.2506, 0.2502, 0.2491],
        [0.2502, 0.2509, 0.2501, 0.2488]], device='cuda:0',
       grad_fn=<SoftmaxBackward0>)
tensor([[0.2490, 0.2513, 0.2513, 0.2484],
        [0.2500, 0.2498, 0.2504, 0.2499],
        [0.2509, 0.2523, 0.2508, 0.2460]], device='cuda:0',
       grad_fn=<SoftmaxBackward0>)
tensor([[0.2498, 0.2503, 0.2505, 0.2494],
        [0.2505, 0.2524, 0.2504, 0.2467],
        [0.2506, 0.2519, 0.2492, 0.2483]], device='cuda:0',
       grad_fn=<SoftmaxBackward0>)
tensor([[0.2512, 0.2507, 0.2494, 0.2488],
        [0.2506, 0.2507, 0.2488, 0.2499],
        [0.2507, 0.2507, 0.2509, 0.2477]], device='cuda:0',
       grad_fn=<SoftmaxBackward0>)
tensor([[0.2522, 0.2507, 0.2495, 0.2475],
        [0.2519, 0.2505, 0.2482, 0.2494],
        [0.2508, 0.2508, 0.2494, 0.2491]], device='cuda:0',
       grad_fn=<SoftmaxBackward0>)
tensor([[0.2503, 0.2507, 0.2489, 0.2501],
        [0.2496, 0.2516, 0.2504, 0.2484],
        [0.2501, 0.2515, 0.2504, 0.2480]], device='cuda:0',
       grad_fn=<SoftmaxBackward0>)
tensor([[0.2493, 0.2519, 0.2507, 0.2481],
        [0.2486, 0.2504, 0.2496, 0.2514]], device='cuda:0',
       grad_fn=<SoftmaxBackward0>)
tensor([[0.2477, 0.2526, 0.2523, 0.2474],
        [0.2466, 0.2505, 0.2500, 0.2529],
        [0.2467, 0.2516, 0.2518, 0.2498]], device='cuda:0',
       grad_fn=<SoftmaxBackward0>)
tensor([[0.2481, 0.2526, 0.2511, 0.2481],
        [0.2481, 0.2516, 0.2515, 0.2488],
        [0.2479, 0.2504, 0.2498, 0.2519]], device='cuda:0',
       grad_fn=<SoftmaxBackward0>)
tensor([[0.2483, 0.2506, 0.2521, 0.2490],
        [0.2478, 0.2509, 0.2508, 0.2505],
        [0.2466, 0.2507, 0.2524, 0.2503]], device='cuda:0',
       grad_fn=<SoftmaxBackward0>)
tensor([[0.2474, 0.2519, 0.2532, 0.2475],
        [0.2467, 0.2519, 0.2536, 0.2479],
        [0.2461, 0.2491, 0.2500, 0.2548]], device='cuda:0',
       grad_fn=<SoftmaxBackward0>)
tensor([[0.2482, 0.2512, 0.2530, 0.2476],
        [0.2441, 0.2518, 0.2561, 0.2479],
        [0.2480, 0.2466, 0.2502, 0.2552]], device='cuda:0',
       grad_fn=<SoftmaxBackward0>)
#####################
05/30 07:38:50PM searchStage_trainer.py:211 [INFO] Train: Epoch: [5][50/390]	Step 2005	lr 0.02441	Loss 0.8784 (1.0098)	Prec@(1,5) (63.7%, 96.6%)	
05/30 07:39:07PM searchStage_trainer.py:211 [INFO] Train: Epoch: [5][100/390]	Step 2055	lr 0.02441	Loss 0.8239 (0.9991)	Prec@(1,5) (64.4%, 96.7%)	
05/30 07:39:24PM searchStage_trainer.py:211 [INFO] Train: Epoch: [5][150/390]	Step 2105	lr 0.02441	Loss 1.1581 (0.9842)	Prec@(1,5) (64.9%, 96.9%)	
05/30 07:39:41PM searchStage_trainer.py:211 [INFO] Train: Epoch: [5][200/390]	Step 2155	lr 0.02441	Loss 1.0849 (0.9816)	Prec@(1,5) (65.1%, 96.9%)	
05/30 07:39:58PM searchStage_trainer.py:211 [INFO] Train: Epoch: [5][250/390]	Step 2205	lr 0.02441	Loss 1.0089 (0.9800)	Prec@(1,5) (65.3%, 96.9%)	
05/30 07:40:16PM searchStage_trainer.py:211 [INFO] Train: Epoch: [5][300/390]	Step 2255	lr 0.02441	Loss 1.1553 (0.9810)	Prec@(1,5) (65.2%, 96.9%)	
05/30 07:40:33PM searchStage_trainer.py:211 [INFO] Train: Epoch: [5][350/390]	Step 2305	lr 0.02441	Loss 0.8820 (0.9801)	Prec@(1,5) (65.3%, 96.9%)	
05/30 07:40:48PM searchStage_trainer.py:211 [INFO] Train: Epoch: [5][390/390]	Step 2345	lr 0.02441	Loss 1.0379 (0.9782)	Prec@(1,5) (65.4%, 96.9%)	
