07/03 08:17:23PM parser.py:28 [INFO] 
07/03 08:17:23PM parser.py:29 [INFO] Parameters:
07/03 08:17:23PM parser.py:31 [INFO] DAG_PATH=results/search_Stage/CIFAR100/BASELINE/EXP-20240703-201723/DAG
07/03 08:17:23PM parser.py:31 [INFO] ALPHA_LR=0.0003
07/03 08:17:23PM parser.py:31 [INFO] ALPHA_WEIGHT_DECAY=0.001
07/03 08:17:23PM parser.py:31 [INFO] BATCH_SIZE=64
07/03 08:17:23PM parser.py:31 [INFO] CHECKPOINT_RESET=False
07/03 08:17:23PM parser.py:31 [INFO] DATA_PATH=../data/
07/03 08:17:23PM parser.py:31 [INFO] DATASET=CIFAR100
07/03 08:17:23PM parser.py:31 [INFO] EPOCHS=50
07/03 08:17:23PM parser.py:31 [INFO] EXP_NAME=EXP-20240703-201723
07/03 08:17:23PM parser.py:31 [INFO] GENOTYPE=Genotype3(normal1=[[('sep_conv_3x3', 0), ('sep_conv_3x3', 1)], [('sep_conv_3x3', 0), ('sep_conv_3x3', 1)], [('sep_conv_3x3', 0), ('sep_conv_3x3', 1)], [('sep_conv_3x3', 2), ('sep_conv_3x3', 3)]], normal1_concat=range(2, 6), reduce1=[[('max_pool_3x3', 0), ('skip_connect', 0)], [('max_pool_3x3', 0), ('max_pool_3x3', 2)], [('sep_conv_3x3', 0), ('skip_connect', 1)], [('sep_conv_3x3', 0), ('dil_conv_3x3', 4)]], reduce1_concat=range(2, 6), normal2=[[('skip_connect', 0), ('dil_conv_3x3', 1)], [('skip_connect', 0), ('sep_conv_3x3', 1)], [('skip_connect', 0), ('sep_conv_3x3', 1)], [('skip_connect', 0), ('sep_conv_3x3', 1)]], normal2_concat=range(2, 6), reduce2=[[('dil_conv_3x3', 0), ('max_pool_3x3', 1)], [('max_pool_3x3', 1), ('dil_conv_5x5', 2)], [('max_pool_3x3', 1), ('dil_conv_5x5', 3)], [('max_pool_3x3', 1), ('skip_connect', 4)]], reduce2_concat=range(2, 6), normal3=[[('dil_conv_5x5', 0), ('sep_conv_3x3', 1)], [('sep_conv_3x3', 1), ('dil_conv_3x3', 2)], [('dil_conv_3x3', 0), ('sep_conv_5x5', 2)], [('sep_conv_5x5', 3), ('sep_conv_3x3', 4)]], normal3_concat=range(2, 6))
07/03 08:17:23PM parser.py:31 [INFO] GPUS=[0]
07/03 08:17:23PM parser.py:31 [INFO] INIT_CHANNELS=16
07/03 08:17:23PM parser.py:31 [INFO] LAYERS=20
07/03 08:17:23PM parser.py:31 [INFO] LOCAL_RANK=0
07/03 08:17:23PM parser.py:31 [INFO] LOGGER=<Logger H-DAS (INFO)>
07/03 08:17:23PM parser.py:31 [INFO] NAME=BASELINE
07/03 08:17:23PM parser.py:31 [INFO] PATH=results/search_Stage/CIFAR100/BASELINE/EXP-20240703-201723
07/03 08:17:23PM parser.py:31 [INFO] PRINT_FREQ=50
07/03 08:17:23PM parser.py:31 [INFO] RESUME_PATH=None
07/03 08:17:23PM parser.py:31 [INFO] SAVE=EXP
07/03 08:17:23PM parser.py:31 [INFO] SEED=2
07/03 08:17:23PM parser.py:31 [INFO] SHARE_STAGE=False
07/03 08:17:23PM parser.py:31 [INFO] SPEC_CELL=True
07/03 08:17:23PM parser.py:31 [INFO] TRAIN_PORTION=0.5
07/03 08:17:23PM parser.py:31 [INFO] W_GRAD_CLIP=5.0
07/03 08:17:23PM parser.py:31 [INFO] W_LR=0.025
07/03 08:17:23PM parser.py:31 [INFO] W_LR_MIN=0.001
07/03 08:17:23PM parser.py:31 [INFO] W_MOMENTUM=0.9
07/03 08:17:23PM parser.py:31 [INFO] W_WEIGHT_DECAY=0.0003
07/03 08:17:23PM parser.py:31 [INFO] WORKERS=4
07/03 08:17:23PM parser.py:32 [INFO] 
07/03 08:17:25PM searchStage_trainer.py:103 [INFO] --> No loaded checkpoint!
####### ALPHA #######
# Alpha - DAG
tensor([[0.2502, 0.2500, 0.2500, 0.2498],
        [0.2502, 0.2497, 0.2500, 0.2500]], device='cuda:0',
       grad_fn=<SoftmaxBackward0>)
tensor([[0.2499, 0.2497, 0.2503, 0.2501],
        [0.2499, 0.2499, 0.2502, 0.2500],
        [0.2502, 0.2499, 0.2500, 0.2499]], device='cuda:0',
       grad_fn=<SoftmaxBackward0>)
tensor([[0.2502, 0.2498, 0.2503, 0.2498],
        [0.2499, 0.2501, 0.2501, 0.2500],
        [0.2500, 0.2501, 0.2500, 0.2499]], device='cuda:0',
       grad_fn=<SoftmaxBackward0>)
tensor([[0.2499, 0.2501, 0.2501, 0.2499],
        [0.2497, 0.2504, 0.2499, 0.2501],
        [0.2501, 0.2501, 0.2501, 0.2497]], device='cuda:0',
       grad_fn=<SoftmaxBackward0>)
tensor([[0.2498, 0.2501, 0.2499, 0.2502],
        [0.2502, 0.2499, 0.2499, 0.2500],
        [0.2498, 0.2501, 0.2502, 0.2499]], device='cuda:0',
       grad_fn=<SoftmaxBackward0>)
tensor([[0.2500, 0.2502, 0.2496, 0.2502],
        [0.2504, 0.2499, 0.2499, 0.2498],
        [0.2501, 0.2501, 0.2497, 0.2502]], device='cuda:0',
       grad_fn=<SoftmaxBackward0>)
tensor([[0.2495, 0.2500, 0.2501, 0.2503],
        [0.2501, 0.2498, 0.2503, 0.2498]], device='cuda:0',
       grad_fn=<SoftmaxBackward0>)
tensor([[0.2497, 0.2497, 0.2503, 0.2502],
        [0.2497, 0.2501, 0.2500, 0.2502],
        [0.2504, 0.2500, 0.2498, 0.2499]], device='cuda:0',
       grad_fn=<SoftmaxBackward0>)
tensor([[0.2496, 0.2502, 0.2500, 0.2502],
        [0.2500, 0.2503, 0.2497, 0.2499],
        [0.2497, 0.2498, 0.2502, 0.2503]], device='cuda:0',
       grad_fn=<SoftmaxBackward0>)
tensor([[0.2499, 0.2503, 0.2498, 0.2500],
        [0.2497, 0.2501, 0.2501, 0.2501],
        [0.2498, 0.2499, 0.2500, 0.2503]], device='cuda:0',
       grad_fn=<SoftmaxBackward0>)
tensor([[0.2499, 0.2499, 0.2502, 0.2501],
        [0.2503, 0.2500, 0.2499, 0.2498],
        [0.2502, 0.2501, 0.2497, 0.2500]], device='cuda:0',
       grad_fn=<SoftmaxBackward0>)
tensor([[0.2497, 0.2499, 0.2505, 0.2499],
        [0.2497, 0.2500, 0.2501, 0.2501],
        [0.2501, 0.2503, 0.2496, 0.2499]], device='cuda:0',
       grad_fn=<SoftmaxBackward0>)
tensor([[0.2500, 0.2497, 0.2502, 0.2501],
        [0.2497, 0.2500, 0.2502, 0.2501]], device='cuda:0',
       grad_fn=<SoftmaxBackward0>)
tensor([[0.2498, 0.2498, 0.2502, 0.2502],
        [0.2500, 0.2500, 0.2498, 0.2502],
        [0.2496, 0.2503, 0.2503, 0.2499]], device='cuda:0',
       grad_fn=<SoftmaxBackward0>)
tensor([[0.2501, 0.2500, 0.2502, 0.2498],
        [0.2497, 0.2498, 0.2504, 0.2501],
        [0.2501, 0.2500, 0.2499, 0.2500]], device='cuda:0',
       grad_fn=<SoftmaxBackward0>)
tensor([[0.2502, 0.2503, 0.2497, 0.2498],
        [0.2501, 0.2495, 0.2503, 0.2500],
        [0.2499, 0.2502, 0.2501, 0.2499]], device='cuda:0',
       grad_fn=<SoftmaxBackward0>)
tensor([[0.2502, 0.2501, 0.2499, 0.2498],
        [0.2502, 0.2500, 0.2496, 0.2502],
        [0.2498, 0.2502, 0.2500, 0.2499]], device='cuda:0',
       grad_fn=<SoftmaxBackward0>)
tensor([[0.2500, 0.2499, 0.2499, 0.2502],
        [0.2499, 0.2504, 0.2497, 0.2500],
        [0.2497, 0.2500, 0.2501, 0.2502]], device='cuda:0',
       grad_fn=<SoftmaxBackward0>)
#####################
07/03 08:17:44PM searchStage_trainer.py:214 [INFO] Train: Epoch: [0][50/390]	Step 50	lr 0.025	Loss 4.6014 (4.6456)	Architecture Loss 4.8997 (4.6258)	Prec@(1,5) (1.5%, 7.2%)	
07/03 08:18:01PM searchStage_trainer.py:214 [INFO] Train: Epoch: [0][100/390]	Step 100	lr 0.025	Loss 4.4645 (4.6158)	Architecture Loss 4.3008 (4.6156)	Prec@(1,5) (1.8%, 8.0%)	
07/03 08:18:19PM searchStage_trainer.py:214 [INFO] Train: Epoch: [0][150/390]	Step 150	lr 0.025	Loss 4.3612 (4.5533)	Architecture Loss 4.1845 (4.5519)	Prec@(1,5) (2.3%, 9.8%)	
07/03 08:18:36PM searchStage_trainer.py:214 [INFO] Train: Epoch: [0][200/390]	Step 200	lr 0.025	Loss 4.1915 (4.4861)	Architecture Loss 4.2789 (4.4880)	Prec@(1,5) (2.9%, 12.1%)	
07/03 08:18:54PM searchStage_trainer.py:214 [INFO] Train: Epoch: [0][250/390]	Step 250	lr 0.025	Loss 4.2692 (4.4229)	Architecture Loss 4.3364 (4.4284)	Prec@(1,5) (3.5%, 13.9%)	
07/03 08:19:11PM searchStage_trainer.py:214 [INFO] Train: Epoch: [0][300/390]	Step 300	lr 0.025	Loss 3.9089 (4.3740)	Architecture Loss 3.9192 (4.3759)	Prec@(1,5) (3.9%, 15.2%)	
07/03 08:19:29PM searchStage_trainer.py:214 [INFO] Train: Epoch: [0][350/390]	Step 350	lr 0.025	Loss 3.9655 (4.3243)	Architecture Loss 3.7374 (4.3246)	Prec@(1,5) (4.4%, 16.7%)	
07/03 08:19:43PM searchStage_trainer.py:214 [INFO] Train: Epoch: [0][390/390]	Step 390	lr 0.025	Loss 3.9460 (4.2930)	Architecture Loss 4.0260 (4.2893)	Prec@(1,5) (4.7%, 17.8%)	
07/03 08:19:44PM searchStage_trainer.py:225 [INFO] Train: [  0/49] Final Prec@1 4.6920%
07/03 08:19:47PM searchStage_trainer.py:253 [INFO] Valid: Epoch: [0][50/391]	Step 391	Loss 3.9418	Prec@(1,5) (8.7%, 29.1%)
07/03 08:19:49PM searchStage_trainer.py:253 [INFO] Valid: Epoch: [0][100/391]	Step 391	Loss 3.9633	Prec@(1,5) (8.5%, 28.0%)
07/03 08:19:52PM searchStage_trainer.py:253 [INFO] Valid: Epoch: [0][150/391]	Step 391	Loss 3.9503	Prec@(1,5) (8.8%, 28.6%)
07/03 08:19:54PM searchStage_trainer.py:253 [INFO] Valid: Epoch: [0][200/391]	Step 391	Loss 3.9477	Prec@(1,5) (8.8%, 29.0%)
07/03 08:19:56PM searchStage_trainer.py:253 [INFO] Valid: Epoch: [0][250/391]	Step 391	Loss 3.9459	Prec@(1,5) (8.8%, 29.0%)
07/03 08:19:59PM searchStage_trainer.py:253 [INFO] Valid: Epoch: [0][300/391]	Step 391	Loss 3.9424	Prec@(1,5) (9.0%, 29.1%)
07/03 08:20:01PM searchStage_trainer.py:253 [INFO] Valid: Epoch: [0][350/391]	Step 391	Loss 3.9433	Prec@(1,5) (8.9%, 29.0%)
07/03 08:20:03PM searchStage_trainer.py:253 [INFO] Valid: Epoch: [0][390/391]	Step 391	Loss 3.9465	Prec@(1,5) (8.8%, 28.9%)
07/03 08:20:03PM searchStage_trainer.py:264 [INFO] Valid: [  0/49] Final Prec@1 8.7680%
07/03 08:20:03PM searchStage_main.py:60 [INFO] DAG = Genotype2(DAG1=[[('skip_connect', 1), ('avg_pool_3x3', 0)], [('avg_pool_3x3', 2), ('skip_connect', 0)], [('max_pool_3x3', 3), ('avg_pool_3x3', 2)], [('max_pool_3x3', 4), ('avg_pool_3x3', 3)], [('avg_pool_3x3', 5), ('avg_pool_3x3', 4)], [('avg_pool_3x3', 4), ('avg_pool_3x3', 5)]], DAG1_concat=range(6, 8), DAG2=[[('skip_connect', 1), ('skip_connect', 0)], [('max_pool_3x3', 2), ('skip_connect', 0)], [('skip_connect', 3), ('avg_pool_3x3', 2)], [('skip_connect', 4), ('avg_pool_3x3', 3)], [('skip_connect', 3), ('avg_pool_3x3', 5)], [('skip_connect', 4), ('avg_pool_3x3', 6)]], DAG2_concat=range(6, 8), DAG3=[[('skip_connect', 0), ('skip_connect', 1)], [('avg_pool_3x3', 2), ('skip_connect', 0)], [('skip_connect', 2), ('avg_pool_3x3', 3)], [('skip_connect', 3), ('avg_pool_3x3', 4)], [('skip_connect', 5), ('skip_connect', 3)], [('skip_connect', 6), ('avg_pool_3x3', 5)]], DAG3_concat=range(6, 8))
07/03 08:20:04PM searchStage_main.py:82 [INFO] Until now, best Prec@1 = 8.7680%
####### ALPHA #######
# Alpha - DAG
tensor([[0.2503, 0.2511, 0.2488, 0.2499],
        [0.2503, 0.2501, 0.2506, 0.2490]], device='cuda:0',
       grad_fn=<SoftmaxBackward0>)
tensor([[0.2506, 0.2502, 0.2508, 0.2484],
        [0.2497, 0.2505, 0.2503, 0.2495],
        [0.2502, 0.2513, 0.2493, 0.2492]], device='cuda:0',
       grad_fn=<SoftmaxBackward0>)
tensor([[0.2504, 0.2502, 0.2505, 0.2488],
        [0.2500, 0.2501, 0.2498, 0.2501],
        [0.2503, 0.2503, 0.2493, 0.2501]], device='cuda:0',
       grad_fn=<SoftmaxBackward0>)
tensor([[0.2508, 0.2509, 0.2488, 0.2496],
        [0.2498, 0.2503, 0.2499, 0.2501],
        [0.2507, 0.2506, 0.2497, 0.2491]], device='cuda:0',
       grad_fn=<SoftmaxBackward0>)
tensor([[0.2496, 0.2506, 0.2496, 0.2503],
        [0.2500, 0.2506, 0.2499, 0.2496],
        [0.2494, 0.2507, 0.2501, 0.2498]], device='cuda:0',
       grad_fn=<SoftmaxBackward0>)
tensor([[0.2500, 0.2506, 0.2494, 0.2500],
        [0.2503, 0.2505, 0.2493, 0.2499],
        [0.2501, 0.2503, 0.2499, 0.2496]], device='cuda:0',
       grad_fn=<SoftmaxBackward0>)
tensor([[0.2494, 0.2500, 0.2502, 0.2503],
        [0.2501, 0.2497, 0.2505, 0.2497]], device='cuda:0',
       grad_fn=<SoftmaxBackward0>)
tensor([[0.2498, 0.2497, 0.2503, 0.2502],
        [0.2498, 0.2500, 0.2501, 0.2502],
        [0.2504, 0.2500, 0.2499, 0.2496]], device='cuda:0',
       grad_fn=<SoftmaxBackward0>)
tensor([[0.2496, 0.2504, 0.2502, 0.2498],
        [0.2498, 0.2503, 0.2498, 0.2501],
        [0.2496, 0.2498, 0.2503, 0.2502]], device='cuda:0',
       grad_fn=<SoftmaxBackward0>)
tensor([[0.2498, 0.2503, 0.2499, 0.2501],
        [0.2497, 0.2502, 0.2501, 0.2499],
        [0.2498, 0.2499, 0.2500, 0.2503]], device='cuda:0',
       grad_fn=<SoftmaxBackward0>)
tensor([[0.2497, 0.2501, 0.2506, 0.2496],
        [0.2501, 0.2500, 0.2500, 0.2499],
        [0.2500, 0.2501, 0.2497, 0.2502]], device='cuda:0',
       grad_fn=<SoftmaxBackward0>)
tensor([[0.2497, 0.2501, 0.2506, 0.2496],
        [0.2496, 0.2501, 0.2501, 0.2503],
        [0.2501, 0.2504, 0.2495, 0.2500]], device='cuda:0',
       grad_fn=<SoftmaxBackward0>)
tensor([[0.2500, 0.2496, 0.2503, 0.2501],
        [0.2495, 0.2501, 0.2503, 0.2501]], device='cuda:0',
       grad_fn=<SoftmaxBackward0>)
tensor([[0.2496, 0.2498, 0.2506, 0.2500],
        [0.2498, 0.2501, 0.2501, 0.2499],
        [0.2492, 0.2503, 0.2501, 0.2503]], device='cuda:0',
       grad_fn=<SoftmaxBackward0>)
tensor([[0.2503, 0.2501, 0.2506, 0.2490],
        [0.2495, 0.2497, 0.2504, 0.2504],
        [0.2498, 0.2501, 0.2498, 0.2503]], device='cuda:0',
       grad_fn=<SoftmaxBackward0>)
tensor([[0.2501, 0.2503, 0.2498, 0.2498],
        [0.2501, 0.2495, 0.2505, 0.2500],
        [0.2496, 0.2502, 0.2502, 0.2499]], device='cuda:0',
       grad_fn=<SoftmaxBackward0>)
tensor([[0.2498, 0.2503, 0.2507, 0.2493],
        [0.2496, 0.2501, 0.2503, 0.2499],
        [0.2491, 0.2501, 0.2503, 0.2506]], device='cuda:0',
       grad_fn=<SoftmaxBackward0>)
tensor([[0.2498, 0.2500, 0.2504, 0.2498],
        [0.2495, 0.2503, 0.2501, 0.2501],
        [0.2492, 0.2499, 0.2506, 0.2504]], device='cuda:0',
       grad_fn=<SoftmaxBackward0>)
#####################
07/03 08:20:22午後 searchStage_trainer.py:214 [INFO] Train: Epoch: [1][50/390]	Step 441	lr 0.02498	Loss 4.0888 (3.9193)	Architecture Loss 3.7680 (3.9414)	Prec@(1,5) (8.1%, 29.3%)	
07/03 08:20:40午後 searchStage_trainer.py:214 [INFO] Train: Epoch: [1][100/390]	Step 491	lr 0.02498	Loss 3.7321 (3.8995)	Architecture Loss 3.9706 (3.8892)	Prec@(1,5) (8.6%, 29.7%)	
07/03 08:20:58午後 searchStage_trainer.py:214 [INFO] Train: Epoch: [1][150/390]	Step 541	lr 0.02498	Loss 3.7342 (3.8770)	Architecture Loss 3.6895 (3.8699)	Prec@(1,5) (9.2%, 30.6%)	
07/03 08:21:16午後 searchStage_trainer.py:214 [INFO] Train: Epoch: [1][200/390]	Step 591	lr 0.02498	Loss 4.0335 (3.8492)	Architecture Loss 3.7179 (3.8430)	Prec@(1,5) (9.7%, 31.3%)	
07/03 08:21:34午後 searchStage_trainer.py:214 [INFO] Train: Epoch: [1][250/390]	Step 641	lr 0.02498	Loss 3.7266 (3.8245)	Architecture Loss 3.7886 (3.8116)	Prec@(1,5) (10.1%, 32.2%)	
07/03 08:21:51午後 searchStage_trainer.py:214 [INFO] Train: Epoch: [1][300/390]	Step 691	lr 0.02498	Loss 3.4901 (3.8040)	Architecture Loss 3.5523 (3.7881)	Prec@(1,5) (10.5%, 32.9%)	
07/03 08:22:09午後 searchStage_trainer.py:214 [INFO] Train: Epoch: [1][350/390]	Step 741	lr 0.02498	Loss 3.7422 (3.7812)	Architecture Loss 3.6247 (3.7674)	Prec@(1,5) (10.9%, 33.6%)	
07/03 08:22:23午後 searchStage_trainer.py:214 [INFO] Train: Epoch: [1][390/390]	Step 781	lr 0.02498	Loss 3.5505 (3.7637)	Architecture Loss 3.4852 (3.7460)	Prec@(1,5) (11.3%, 34.2%)	
07/03 08:22:23午後 searchStage_trainer.py:225 [INFO] Train: [  1/49] Final Prec@1 11.2600%
07/03 08:22:26午後 searchStage_trainer.py:253 [INFO] Valid: Epoch: [1][50/391]	Step 782	Loss 3.6035	Prec@(1,5) (13.4%, 39.2%)
07/03 08:22:28午後 searchStage_trainer.py:253 [INFO] Valid: Epoch: [1][100/391]	Step 782	Loss 3.6093	Prec@(1,5) (13.5%, 38.6%)
07/03 08:22:31午後 searchStage_trainer.py:253 [INFO] Valid: Epoch: [1][150/391]	Step 782	Loss 3.5891	Prec@(1,5) (13.9%, 39.2%)
07/03 08:22:33午後 searchStage_trainer.py:253 [INFO] Valid: Epoch: [1][200/391]	Step 782	Loss 3.5949	Prec@(1,5) (13.9%, 38.9%)
07/03 08:22:35午後 searchStage_trainer.py:253 [INFO] Valid: Epoch: [1][250/391]	Step 782	Loss 3.5970	Prec@(1,5) (13.9%, 38.8%)
07/03 08:22:38午後 searchStage_trainer.py:253 [INFO] Valid: Epoch: [1][300/391]	Step 782	Loss 3.5912	Prec@(1,5) (13.9%, 38.9%)
07/03 08:22:40午後 searchStage_trainer.py:253 [INFO] Valid: Epoch: [1][350/391]	Step 782	Loss 3.5873	Prec@(1,5) (14.0%, 39.1%)
07/03 08:22:42午後 searchStage_trainer.py:253 [INFO] Valid: Epoch: [1][390/391]	Step 782	Loss 3.5870	Prec@(1,5) (14.1%, 39.2%)
07/03 08:22:42午後 searchStage_trainer.py:264 [INFO] Valid: [  1/49] Final Prec@1 14.1240%
07/03 08:22:42午後 searchStage_main.py:60 [INFO] DAG = Genotype2(DAG1=[[('skip_connect', 1), ('avg_pool_3x3', 0)], [('avg_pool_3x3', 2), ('skip_connect', 0)], [('max_pool_3x3', 3), ('avg_pool_3x3', 2)], [('max_pool_3x3', 4), ('avg_pool_3x3', 3)], [('avg_pool_3x3', 5), ('avg_pool_3x3', 4)], [('avg_pool_3x3', 5), ('avg_pool_3x3', 6)]], DAG1_concat=range(6, 8), DAG2=[[('skip_connect', 1), ('skip_connect', 0)], [('max_pool_3x3', 2), ('skip_connect', 0)], [('skip_connect', 3), ('avg_pool_3x3', 2)], [('skip_connect', 4), ('skip_connect', 3)], [('avg_pool_3x3', 5), ('skip_connect', 4)], [('avg_pool_3x3', 6), ('skip_connect', 4)]], DAG2_concat=range(6, 8), DAG3=[[('skip_connect', 0), ('skip_connect', 1)], [('avg_pool_3x3', 2), ('skip_connect', 0)], [('avg_pool_3x3', 3), ('skip_connect', 2)], [('skip_connect', 3), ('skip_connect', 4)], [('skip_connect', 5), ('skip_connect', 3)], [('skip_connect', 6), ('skip_connect', 4)]], DAG3_concat=range(6, 8))
07/03 08:22:43午後 searchStage_main.py:82 [INFO] Until now, best Prec@1 = 14.1240%
####### ALPHA #######
# Alpha - DAG
tensor([[0.2501, 0.2512, 0.2488, 0.2498],
        [0.2502, 0.2500, 0.2508, 0.2489]], device='cuda:0',
       grad_fn=<SoftmaxBackward0>)
tensor([[0.2505, 0.2501, 0.2510, 0.2483],
        [0.2496, 0.2506, 0.2505, 0.2493],
        [0.2502, 0.2514, 0.2493, 0.2491]], device='cuda:0',
       grad_fn=<SoftmaxBackward0>)
tensor([[0.2507, 0.2503, 0.2508, 0.2482],
        [0.2500, 0.2501, 0.2498, 0.2501],
        [0.2502, 0.2502, 0.2491, 0.2505]], device='cuda:0',
       grad_fn=<SoftmaxBackward0>)
tensor([[0.2508, 0.2509, 0.2488, 0.2494],
        [0.2498, 0.2503, 0.2500, 0.2499],
        [0.2506, 0.2506, 0.2495, 0.2492]], device='cuda:0',
       grad_fn=<SoftmaxBackward0>)
tensor([[0.2494, 0.2506, 0.2498, 0.2502],
        [0.2500, 0.2505, 0.2500, 0.2495],
        [0.2493, 0.2507, 0.2502, 0.2498]], device='cuda:0',
       grad_fn=<SoftmaxBackward0>)
tensor([[0.2499, 0.2507, 0.2496, 0.2497],
        [0.2502, 0.2506, 0.2494, 0.2498],
        [0.2500, 0.2503, 0.2498, 0.2498]], device='cuda:0',
       grad_fn=<SoftmaxBackward0>)
tensor([[0.2493, 0.2499, 0.2505, 0.2503],
        [0.2500, 0.2497, 0.2507, 0.2497]], device='cuda:0',
       grad_fn=<SoftmaxBackward0>)
tensor([[0.2496, 0.2496, 0.2507, 0.2500],
        [0.2497, 0.2499, 0.2504, 0.2500],
        [0.2502, 0.2499, 0.2499, 0.2499]], device='cuda:0',
       grad_fn=<SoftmaxBackward0>)
tensor([[0.2496, 0.2504, 0.2506, 0.2494],
        [0.2497, 0.2502, 0.2499, 0.2503],
        [0.2495, 0.2498, 0.2505, 0.2503]], device='cuda:0',
       grad_fn=<SoftmaxBackward0>)
tensor([[0.2497, 0.2502, 0.2501, 0.2499],
        [0.2496, 0.2502, 0.2502, 0.2500],
        [0.2496, 0.2499, 0.2501, 0.2504]], device='cuda:0',
       grad_fn=<SoftmaxBackward0>)
tensor([[0.2494, 0.2501, 0.2511, 0.2494],
        [0.2499, 0.2500, 0.2504, 0.2498],
        [0.2498, 0.2500, 0.2498, 0.2505]], device='cuda:0',
       grad_fn=<SoftmaxBackward0>)
tensor([[0.2495, 0.2501, 0.2510, 0.2494],
        [0.2494, 0.2500, 0.2503, 0.2503],
        [0.2500, 0.2503, 0.2496, 0.2501]], device='cuda:0',
       grad_fn=<SoftmaxBackward0>)
tensor([[0.2499, 0.2495, 0.2505, 0.2501],
        [0.2494, 0.2499, 0.2505, 0.2502]], device='cuda:0',
       grad_fn=<SoftmaxBackward0>)
tensor([[0.2496, 0.2496, 0.2511, 0.2496],
        [0.2498, 0.2499, 0.2507, 0.2496],
        [0.2491, 0.2502, 0.2499, 0.2508]], device='cuda:0',
       grad_fn=<SoftmaxBackward0>)
tensor([[0.2506, 0.2503, 0.2514, 0.2477],
        [0.2491, 0.2495, 0.2503, 0.2511],
        [0.2496, 0.2500, 0.2498, 0.2506]], device='cuda:0',
       grad_fn=<SoftmaxBackward0>)
tensor([[0.2500, 0.2503, 0.2501, 0.2497],
        [0.2500, 0.2494, 0.2505, 0.2500],
        [0.2495, 0.2502, 0.2503, 0.2501]], device='cuda:0',
       grad_fn=<SoftmaxBackward0>)
tensor([[0.2498, 0.2505, 0.2513, 0.2485],
        [0.2497, 0.2501, 0.2505, 0.2497],
        [0.2487, 0.2499, 0.2499, 0.2516]], device='cuda:0',
       grad_fn=<SoftmaxBackward0>)
tensor([[0.2500, 0.2503, 0.2510, 0.2488],
        [0.2494, 0.2502, 0.2498, 0.2506],
        [0.2490, 0.2497, 0.2503, 0.2510]], device='cuda:0',
       grad_fn=<SoftmaxBackward0>)
#####################
07/03 08:23:01午後 searchStage_trainer.py:214 [INFO] Train: Epoch: [2][50/390]	Step 832	lr 0.02491	Loss 3.5903 (3.5535)	Architecture Loss 3.5061 (3.5688)	Prec@(1,5) (14.5%, 40.8%)	
07/03 08:23:18午後 searchStage_trainer.py:214 [INFO] Train: Epoch: [2][100/390]	Step 882	lr 0.02491	Loss 3.6122 (3.5204)	Architecture Loss 3.6587 (3.5564)	Prec@(1,5) (15.1%, 41.8%)	
07/03 08:23:35午後 searchStage_trainer.py:214 [INFO] Train: Epoch: [2][150/390]	Step 932	lr 0.02491	Loss 3.6946 (3.5084)	Architecture Loss 3.3595 (3.5294)	Prec@(1,5) (15.6%, 41.8%)	
07/03 08:23:53午後 searchStage_trainer.py:214 [INFO] Train: Epoch: [2][200/390]	Step 982	lr 0.02491	Loss 3.4382 (3.4945)	Architecture Loss 3.8673 (3.5161)	Prec@(1,5) (15.8%, 41.9%)	
07/03 08:24:11午後 searchStage_trainer.py:214 [INFO] Train: Epoch: [2][250/390]	Step 1032	lr 0.02491	Loss 3.5815 (3.4881)	Architecture Loss 3.4731 (3.5087)	Prec@(1,5) (15.9%, 42.2%)	
07/03 08:24:29午後 searchStage_trainer.py:214 [INFO] Train: Epoch: [2][300/390]	Step 1082	lr 0.02491	Loss 3.5968 (3.4764)	Architecture Loss 3.3948 (3.4868)	Prec@(1,5) (16.1%, 42.5%)	
07/03 08:24:46午後 searchStage_trainer.py:214 [INFO] Train: Epoch: [2][350/390]	Step 1132	lr 0.02491	Loss 3.3616 (3.4572)	Architecture Loss 3.4389 (3.4724)	Prec@(1,5) (16.5%, 43.1%)	
07/03 08:25:00午後 searchStage_trainer.py:214 [INFO] Train: Epoch: [2][390/390]	Step 1172	lr 0.02491	Loss 3.3997 (3.4442)	Architecture Loss 3.3868 (3.4555)	Prec@(1,5) (16.7%, 43.5%)	
07/03 08:25:01午後 searchStage_trainer.py:225 [INFO] Train: [  2/49] Final Prec@1 16.7160%
07/03 08:25:03午後 searchStage_trainer.py:253 [INFO] Valid: Epoch: [2][50/391]	Step 1173	Loss 3.3547	Prec@(1,5) (18.1%, 47.1%)
07/03 08:25:06午後 searchStage_trainer.py:253 [INFO] Valid: Epoch: [2][100/391]	Step 1173	Loss 3.3751	Prec@(1,5) (18.0%, 46.2%)
07/03 08:25:08午後 searchStage_trainer.py:253 [INFO] Valid: Epoch: [2][150/391]	Step 1173	Loss 3.3729	Prec@(1,5) (18.2%, 46.0%)
07/03 08:25:10午後 searchStage_trainer.py:253 [INFO] Valid: Epoch: [2][200/391]	Step 1173	Loss 3.3758	Prec@(1,5) (18.5%, 45.8%)
07/03 08:25:13午後 searchStage_trainer.py:253 [INFO] Valid: Epoch: [2][250/391]	Step 1173	Loss 3.3666	Prec@(1,5) (18.4%, 46.1%)
07/03 08:25:15午後 searchStage_trainer.py:253 [INFO] Valid: Epoch: [2][300/391]	Step 1173	Loss 3.3685	Prec@(1,5) (18.6%, 46.1%)
07/03 08:25:17午後 searchStage_trainer.py:253 [INFO] Valid: Epoch: [2][350/391]	Step 1173	Loss 3.3708	Prec@(1,5) (18.5%, 45.9%)
07/03 08:25:19午後 searchStage_trainer.py:253 [INFO] Valid: Epoch: [2][390/391]	Step 1173	Loss 3.3707	Prec@(1,5) (18.4%, 46.0%)
07/03 08:25:19午後 searchStage_trainer.py:264 [INFO] Valid: [  2/49] Final Prec@1 18.4200%
07/03 08:25:19午後 searchStage_main.py:60 [INFO] DAG = Genotype2(DAG1=[[('skip_connect', 1), ('avg_pool_3x3', 0)], [('avg_pool_3x3', 2), ('skip_connect', 0)], [('max_pool_3x3', 3), ('avg_pool_3x3', 2)], [('avg_pool_3x3', 4), ('avg_pool_3x3', 3)], [('avg_pool_3x3', 5), ('avg_pool_3x3', 4)], [('avg_pool_3x3', 6), ('avg_pool_3x3', 5)]], DAG1_concat=range(6, 8), DAG2=[[('skip_connect', 1), ('skip_connect', 0)], [('max_pool_3x3', 2), ('skip_connect', 0)], [('skip_connect', 3), ('avg_pool_3x3', 2)], [('skip_connect', 4), ('skip_connect', 3)], [('skip_connect', 5), ('skip_connect', 4)], [('avg_pool_3x3', 6), ('skip_connect', 5)]], DAG2_concat=range(6, 8), DAG3=[[('skip_connect', 0), ('skip_connect', 1)], [('avg_pool_3x3', 2), ('skip_connect', 0)], [('avg_pool_3x3', 3), ('skip_connect', 2)], [('skip_connect', 4), ('skip_connect', 3)], [('skip_connect', 5), ('skip_connect', 4)], [('skip_connect', 6), ('avg_pool_3x3', 5)]], DAG3_concat=range(6, 8))
07/03 08:25:20午後 searchStage_main.py:82 [INFO] Until now, best Prec@1 = 18.4200%
####### ALPHA #######
# Alpha - DAG
tensor([[0.2501, 0.2511, 0.2491, 0.2498],
        [0.2502, 0.2499, 0.2510, 0.2490]], device='cuda:0',
       grad_fn=<SoftmaxBackward0>)
tensor([[0.2504, 0.2500, 0.2514, 0.2482],
        [0.2494, 0.2504, 0.2510, 0.2492],
        [0.2501, 0.2514, 0.2494, 0.2491]], device='cuda:0',
       grad_fn=<SoftmaxBackward0>)
tensor([[0.2510, 0.2502, 0.2513, 0.2474],
        [0.2499, 0.2500, 0.2497, 0.2504],
        [0.2502, 0.2500, 0.2492, 0.2507]], device='cuda:0',
       grad_fn=<SoftmaxBackward0>)
tensor([[0.2508, 0.2509, 0.2490, 0.2493],
        [0.2497, 0.2502, 0.2500, 0.2501],
        [0.2506, 0.2506, 0.2497, 0.2492]], device='cuda:0',
       grad_fn=<SoftmaxBackward0>)
tensor([[0.2493, 0.2505, 0.2502, 0.2499],
        [0.2500, 0.2505, 0.2501, 0.2494],
        [0.2490, 0.2506, 0.2502, 0.2501]], device='cuda:0',
       grad_fn=<SoftmaxBackward0>)
tensor([[0.2499, 0.2506, 0.2498, 0.2496],
        [0.2501, 0.2506, 0.2496, 0.2497],
        [0.2499, 0.2503, 0.2498, 0.2499]], device='cuda:0',
       grad_fn=<SoftmaxBackward0>)
tensor([[0.2491, 0.2499, 0.2507, 0.2503],
        [0.2498, 0.2496, 0.2509, 0.2497]], device='cuda:0',
       grad_fn=<SoftmaxBackward0>)
tensor([[0.2495, 0.2496, 0.2510, 0.2499],
        [0.2495, 0.2499, 0.2507, 0.2499],
        [0.2501, 0.2498, 0.2500, 0.2501]], device='cuda:0',
       grad_fn=<SoftmaxBackward0>)
tensor([[0.2496, 0.2505, 0.2510, 0.2489],
        [0.2495, 0.2500, 0.2499, 0.2505],
        [0.2494, 0.2497, 0.2505, 0.2504]], device='cuda:0',
       grad_fn=<SoftmaxBackward0>)
tensor([[0.2496, 0.2502, 0.2503, 0.2499],
        [0.2495, 0.2501, 0.2504, 0.2499],
        [0.2495, 0.2498, 0.2501, 0.2506]], device='cuda:0',
       grad_fn=<SoftmaxBackward0>)
tensor([[0.2493, 0.2501, 0.2516, 0.2490],
        [0.2496, 0.2498, 0.2506, 0.2500],
        [0.2496, 0.2499, 0.2499, 0.2507]], device='cuda:0',
       grad_fn=<SoftmaxBackward0>)
tensor([[0.2495, 0.2500, 0.2512, 0.2493],
        [0.2493, 0.2500, 0.2504, 0.2503],
        [0.2499, 0.2502, 0.2496, 0.2502]], device='cuda:0',
       grad_fn=<SoftmaxBackward0>)
tensor([[0.2497, 0.2494, 0.2508, 0.2502],
        [0.2493, 0.2498, 0.2507, 0.2502]], device='cuda:0',
       grad_fn=<SoftmaxBackward0>)
tensor([[0.2497, 0.2494, 0.2518, 0.2492],
        [0.2499, 0.2496, 0.2512, 0.2493],
        [0.2489, 0.2500, 0.2497, 0.2514]], device='cuda:0',
       grad_fn=<SoftmaxBackward0>)
tensor([[0.2512, 0.2505, 0.2523, 0.2460],
        [0.2489, 0.2493, 0.2502, 0.2516],
        [0.2493, 0.2498, 0.2497, 0.2512]], device='cuda:0',
       grad_fn=<SoftmaxBackward0>)
tensor([[0.2500, 0.2503, 0.2503, 0.2494],
        [0.2498, 0.2493, 0.2506, 0.2503],
        [0.2493, 0.2501, 0.2504, 0.2502]], device='cuda:0',
       grad_fn=<SoftmaxBackward0>)
tensor([[0.2499, 0.2507, 0.2520, 0.2474],
        [0.2495, 0.2499, 0.2506, 0.2499],
        [0.2483, 0.2496, 0.2497, 0.2524]], device='cuda:0',
       grad_fn=<SoftmaxBackward0>)
tensor([[0.2503, 0.2506, 0.2516, 0.2476],
        [0.2493, 0.2501, 0.2498, 0.2509],
        [0.2486, 0.2495, 0.2501, 0.2518]], device='cuda:0',
       grad_fn=<SoftmaxBackward0>)
#####################
07/03 08:25:38午後 searchStage_trainer.py:214 [INFO] Train: Epoch: [3][50/390]	Step 1223	lr 0.02479	Loss 3.2757 (3.2333)	Architecture Loss 3.6711 (3.3226)	Prec@(1,5) (20.1%, 49.1%)	
07/03 08:25:56午後 searchStage_trainer.py:214 [INFO] Train: Epoch: [3][100/390]	Step 1273	lr 0.02479	Loss 3.2947 (3.2480)	Architecture Loss 3.1933 (3.3228)	Prec@(1,5) (20.2%, 48.6%)	
07/03 08:26:14午後 searchStage_trainer.py:214 [INFO] Train: Epoch: [3][150/390]	Step 1323	lr 0.02479	Loss 3.6041 (3.2622)	Architecture Loss 3.4389 (3.3154)	Prec@(1,5) (19.7%, 48.0%)	
07/03 08:26:31午後 searchStage_trainer.py:214 [INFO] Train: Epoch: [3][200/390]	Step 1373	lr 0.02479	Loss 3.2705 (3.2583)	Architecture Loss 3.1859 (3.2939)	Prec@(1,5) (19.8%, 48.4%)	
07/03 08:26:49午後 searchStage_trainer.py:214 [INFO] Train: Epoch: [3][250/390]	Step 1423	lr 0.02479	Loss 3.0094 (3.2417)	Architecture Loss 3.3447 (3.2918)	Prec@(1,5) (20.2%, 48.7%)	
07/03 08:27:07午後 searchStage_trainer.py:214 [INFO] Train: Epoch: [3][300/390]	Step 1473	lr 0.02479	Loss 2.9453 (3.2413)	Architecture Loss 3.3367 (3.2785)	Prec@(1,5) (20.2%, 48.8%)	
07/03 08:27:24午後 searchStage_trainer.py:214 [INFO] Train: Epoch: [3][350/390]	Step 1523	lr 0.02479	Loss 3.3140 (3.2384)	Architecture Loss 3.0964 (3.2733)	Prec@(1,5) (20.2%, 48.7%)	
07/03 08:27:38午後 searchStage_trainer.py:214 [INFO] Train: Epoch: [3][390/390]	Step 1563	lr 0.02479	Loss 3.0047 (3.2322)	Architecture Loss 3.0869 (3.2708)	Prec@(1,5) (20.4%, 49.0%)	
07/03 08:27:39午後 searchStage_trainer.py:225 [INFO] Train: [  3/49] Final Prec@1 20.3840%
07/03 08:27:41午後 searchStage_trainer.py:253 [INFO] Valid: Epoch: [3][50/391]	Step 1564	Loss 3.2176	Prec@(1,5) (19.9%, 50.3%)
07/03 08:27:44午後 searchStage_trainer.py:253 [INFO] Valid: Epoch: [3][100/391]	Step 1564	Loss 3.2316	Prec@(1,5) (19.7%, 49.5%)
07/03 08:27:46午後 searchStage_trainer.py:253 [INFO] Valid: Epoch: [3][150/391]	Step 1564	Loss 3.2262	Prec@(1,5) (20.2%, 49.3%)
07/03 08:27:49午後 searchStage_trainer.py:253 [INFO] Valid: Epoch: [3][200/391]	Step 1564	Loss 3.2376	Prec@(1,5) (20.0%, 49.2%)
07/03 08:27:51午後 searchStage_trainer.py:253 [INFO] Valid: Epoch: [3][250/391]	Step 1564	Loss 3.2429	Prec@(1,5) (20.1%, 49.1%)
07/03 08:27:53午後 searchStage_trainer.py:253 [INFO] Valid: Epoch: [3][300/391]	Step 1564	Loss 3.2340	Prec@(1,5) (20.2%, 49.5%)
07/03 08:27:55午後 searchStage_trainer.py:253 [INFO] Valid: Epoch: [3][350/391]	Step 1564	Loss 3.2345	Prec@(1,5) (20.3%, 49.5%)
07/03 08:27:57午後 searchStage_trainer.py:253 [INFO] Valid: Epoch: [3][390/391]	Step 1564	Loss 3.2385	Prec@(1,5) (20.2%, 49.4%)
07/03 08:27:57午後 searchStage_trainer.py:264 [INFO] Valid: [  3/49] Final Prec@1 20.2040%
07/03 08:27:57午後 searchStage_main.py:60 [INFO] DAG = Genotype2(DAG1=[[('skip_connect', 1), ('avg_pool_3x3', 0)], [('avg_pool_3x3', 2), ('skip_connect', 0)], [('avg_pool_3x3', 3), ('avg_pool_3x3', 2)], [('avg_pool_3x3', 4), ('skip_connect', 3)], [('avg_pool_3x3', 5), ('skip_connect', 4)], [('avg_pool_3x3', 6), ('avg_pool_3x3', 5)]], DAG1_concat=range(6, 8), DAG2=[[('skip_connect', 1), ('skip_connect', 0)], [('skip_connect', 2), ('skip_connect', 0)], [('skip_connect', 3), ('skip_connect', 2)], [('skip_connect', 4), ('skip_connect', 3)], [('skip_connect', 5), ('skip_connect', 4)], [('avg_pool_3x3', 6), ('skip_connect', 5)]], DAG2_concat=range(6, 8), DAG3=[[('skip_connect', 0), ('skip_connect', 1)], [('avg_pool_3x3', 2), ('skip_connect', 0)], [('skip_connect', 3), ('skip_connect', 2)], [('skip_connect', 4), ('skip_connect', 3)], [('skip_connect', 5), ('skip_connect', 4)], [('skip_connect', 6), ('avg_pool_3x3', 5)]], DAG3_concat=range(6, 8))
07/03 08:27:58午後 searchStage_main.py:82 [INFO] Until now, best Prec@1 = 20.2040%
####### ALPHA #######
# Alpha - DAG
tensor([[0.2498, 0.2510, 0.2494, 0.2498],
        [0.2499, 0.2498, 0.2513, 0.2490]], device='cuda:0',
       grad_fn=<SoftmaxBackward0>)
tensor([[0.2501, 0.2499, 0.2519, 0.2481],
        [0.2489, 0.2504, 0.2516, 0.2491],
        [0.2500, 0.2514, 0.2494, 0.2492]], device='cuda:0',
       grad_fn=<SoftmaxBackward0>)
tensor([[0.2508, 0.2502, 0.2520, 0.2470],
        [0.2498, 0.2499, 0.2498, 0.2505],
        [0.2499, 0.2500, 0.2494, 0.2508]], device='cuda:0',
       grad_fn=<SoftmaxBackward0>)
tensor([[0.2506, 0.2510, 0.2494, 0.2490],
        [0.2494, 0.2502, 0.2502, 0.2502],
        [0.2503, 0.2505, 0.2499, 0.2493]], device='cuda:0',
       grad_fn=<SoftmaxBackward0>)
tensor([[0.2492, 0.2505, 0.2507, 0.2497],
        [0.2499, 0.2503, 0.2504, 0.2493],
        [0.2488, 0.2505, 0.2504, 0.2503]], device='cuda:0',
       grad_fn=<SoftmaxBackward0>)
tensor([[0.2499, 0.2506, 0.2501, 0.2494],
        [0.2500, 0.2506, 0.2496, 0.2498],
        [0.2498, 0.2503, 0.2499, 0.2500]], device='cuda:0',
       grad_fn=<SoftmaxBackward0>)
tensor([[0.2489, 0.2499, 0.2509, 0.2503],
        [0.2496, 0.2495, 0.2512, 0.2497]], device='cuda:0',
       grad_fn=<SoftmaxBackward0>)
tensor([[0.2490, 0.2497, 0.2515, 0.2498],
        [0.2491, 0.2499, 0.2511, 0.2498],
        [0.2499, 0.2497, 0.2501, 0.2503]], device='cuda:0',
       grad_fn=<SoftmaxBackward0>)
tensor([[0.2494, 0.2507, 0.2516, 0.2483],
        [0.2493, 0.2499, 0.2501, 0.2507],
        [0.2492, 0.2496, 0.2506, 0.2507]], device='cuda:0',
       grad_fn=<SoftmaxBackward0>)
tensor([[0.2495, 0.2502, 0.2505, 0.2498],
        [0.2494, 0.2501, 0.2506, 0.2499],
        [0.2494, 0.2497, 0.2502, 0.2506]], device='cuda:0',
       grad_fn=<SoftmaxBackward0>)
tensor([[0.2491, 0.2501, 0.2521, 0.2487],
        [0.2494, 0.2497, 0.2509, 0.2500],
        [0.2494, 0.2497, 0.2500, 0.2510]], device='cuda:0',
       grad_fn=<SoftmaxBackward0>)
tensor([[0.2493, 0.2500, 0.2515, 0.2491],
        [0.2492, 0.2499, 0.2507, 0.2502],
        [0.2497, 0.2501, 0.2497, 0.2504]], device='cuda:0',
       grad_fn=<SoftmaxBackward0>)
tensor([[0.2495, 0.2493, 0.2511, 0.2502],
        [0.2491, 0.2497, 0.2510, 0.2503]], device='cuda:0',
       grad_fn=<SoftmaxBackward0>)
tensor([[0.2497, 0.2492, 0.2523, 0.2488],
        [0.2499, 0.2494, 0.2517, 0.2491],
        [0.2487, 0.2498, 0.2496, 0.2518]], device='cuda:0',
       grad_fn=<SoftmaxBackward0>)
tensor([[0.2516, 0.2507, 0.2533, 0.2444],
        [0.2486, 0.2491, 0.2501, 0.2522],
        [0.2491, 0.2496, 0.2496, 0.2517]], device='cuda:0',
       grad_fn=<SoftmaxBackward0>)
tensor([[0.2499, 0.2503, 0.2507, 0.2491],
        [0.2497, 0.2491, 0.2507, 0.2505],
        [0.2492, 0.2499, 0.2504, 0.2505]], device='cuda:0',
       grad_fn=<SoftmaxBackward0>)
tensor([[0.2502, 0.2509, 0.2527, 0.2462],
        [0.2495, 0.2497, 0.2507, 0.2501],
        [0.2480, 0.2492, 0.2495, 0.2533]], device='cuda:0',
       grad_fn=<SoftmaxBackward0>)
tensor([[0.2504, 0.2507, 0.2521, 0.2468],
        [0.2491, 0.2499, 0.2499, 0.2511],
        [0.2484, 0.2493, 0.2501, 0.2523]], device='cuda:0',
       grad_fn=<SoftmaxBackward0>)
#####################
07/03 08:28:17午後 searchStage_trainer.py:214 [INFO] Train: Epoch: [4][50/390]	Step 1614	lr 0.02462	Loss 3.1096 (3.1367)	Architecture Loss 3.3716 (3.2056)	Prec@(1,5) (21.8%, 51.6%)	
07/03 08:28:34午後 searchStage_trainer.py:214 [INFO] Train: Epoch: [4][100/390]	Step 1664	lr 0.02462	Loss 3.3781 (3.1007)	Architecture Loss 2.9849 (3.1887)	Prec@(1,5) (22.0%, 52.4%)	
07/03 08:28:52午後 searchStage_trainer.py:214 [INFO] Train: Epoch: [4][150/390]	Step 1714	lr 0.02462	Loss 2.9065 (3.0812)	Architecture Loss 2.6438 (3.1649)	Prec@(1,5) (22.6%, 53.1%)	
07/03 08:29:10午後 searchStage_trainer.py:214 [INFO] Train: Epoch: [4][200/390]	Step 1764	lr 0.02462	Loss 3.1450 (3.0835)	Architecture Loss 3.0069 (3.1614)	Prec@(1,5) (22.7%, 53.1%)	
07/03 08:29:27午後 searchStage_trainer.py:214 [INFO] Train: Epoch: [4][250/390]	Step 1814	lr 0.02462	Loss 3.4041 (3.0699)	Architecture Loss 3.2209 (3.1509)	Prec@(1,5) (23.0%, 53.5%)	
07/03 08:29:45午後 searchStage_trainer.py:214 [INFO] Train: Epoch: [4][300/390]	Step 1864	lr 0.02462	Loss 3.3756 (3.0658)	Architecture Loss 3.4725 (3.1410)	Prec@(1,5) (23.0%, 53.7%)	
07/03 08:30:03午後 searchStage_trainer.py:214 [INFO] Train: Epoch: [4][350/390]	Step 1914	lr 0.02462	Loss 2.8370 (3.0692)	Architecture Loss 3.0055 (3.1292)	Prec@(1,5) (22.9%, 53.6%)	
07/03 08:30:17午後 searchStage_trainer.py:214 [INFO] Train: Epoch: [4][390/390]	Step 1954	lr 0.02462	Loss 2.9702 (3.0634)	Architecture Loss 3.2695 (3.1238)	Prec@(1,5) (23.0%, 53.7%)	
07/03 08:30:18午後 searchStage_trainer.py:225 [INFO] Train: [  4/49] Final Prec@1 22.9720%
07/03 08:30:20午後 searchStage_trainer.py:253 [INFO] Valid: Epoch: [4][50/391]	Step 1955	Loss 3.0846	Prec@(1,5) (22.8%, 53.4%)
07/03 08:30:23午後 searchStage_trainer.py:253 [INFO] Valid: Epoch: [4][100/391]	Step 1955	Loss 3.1050	Prec@(1,5) (22.3%, 53.2%)
07/03 08:30:25午後 searchStage_trainer.py:253 [INFO] Valid: Epoch: [4][150/391]	Step 1955	Loss 3.0845	Prec@(1,5) (22.7%, 53.8%)
07/03 08:30:27午後 searchStage_trainer.py:253 [INFO] Valid: Epoch: [4][200/391]	Step 1955	Loss 3.0890	Prec@(1,5) (22.8%, 53.7%)
07/03 08:30:30午後 searchStage_trainer.py:253 [INFO] Valid: Epoch: [4][250/391]	Step 1955	Loss 3.0907	Prec@(1,5) (22.8%, 53.5%)
07/03 08:30:32午後 searchStage_trainer.py:253 [INFO] Valid: Epoch: [4][300/391]	Step 1955	Loss 3.1012	Prec@(1,5) (22.6%, 53.4%)
07/03 08:30:34午後 searchStage_trainer.py:253 [INFO] Valid: Epoch: [4][350/391]	Step 1955	Loss 3.0967	Prec@(1,5) (22.7%, 53.5%)
07/03 08:30:36午後 searchStage_trainer.py:253 [INFO] Valid: Epoch: [4][390/391]	Step 1955	Loss 3.0947	Prec@(1,5) (22.7%, 53.6%)
07/03 08:30:36午後 searchStage_trainer.py:264 [INFO] Valid: [  4/49] Final Prec@1 22.6600%
07/03 08:30:36午後 searchStage_main.py:60 [INFO] DAG = Genotype2(DAG1=[[('skip_connect', 1), ('avg_pool_3x3', 0)], [('avg_pool_3x3', 2), ('skip_connect', 0)], [('avg_pool_3x3', 3), ('skip_connect', 2)], [('avg_pool_3x3', 4), ('skip_connect', 3)], [('skip_connect', 5), ('skip_connect', 4)], [('avg_pool_3x3', 6), ('avg_pool_3x3', 5)]], DAG1_concat=range(6, 8), DAG2=[[('skip_connect', 1), ('skip_connect', 0)], [('skip_connect', 2), ('skip_connect', 0)], [('skip_connect', 3), ('skip_connect', 2)], [('skip_connect', 4), ('skip_connect', 3)], [('skip_connect', 5), ('skip_connect', 4)], [('avg_pool_3x3', 6), ('skip_connect', 5)]], DAG2_concat=range(6, 8), DAG3=[[('skip_connect', 0), ('skip_connect', 1)], [('avg_pool_3x3', 2), ('skip_connect', 0)], [('skip_connect', 3), ('skip_connect', 2)], [('skip_connect', 4), ('skip_connect', 3)], [('skip_connect', 5), ('skip_connect', 4)], [('skip_connect', 6), ('skip_connect', 5)]], DAG3_concat=range(6, 8))
07/03 08:30:37午後 searchStage_main.py:82 [INFO] Until now, best Prec@1 = 22.6600%
####### ALPHA #######
# Alpha - DAG
tensor([[0.2496, 0.2509, 0.2497, 0.2498],
        [0.2497, 0.2497, 0.2516, 0.2490]], device='cuda:0',
       grad_fn=<SoftmaxBackward0>)
tensor([[0.2498, 0.2497, 0.2527, 0.2478],
        [0.2486, 0.2502, 0.2523, 0.2489],
        [0.2498, 0.2513, 0.2494, 0.2494]], device='cuda:0',
       grad_fn=<SoftmaxBackward0>)
tensor([[0.2505, 0.2501, 0.2530, 0.2465],
        [0.2496, 0.2499, 0.2499, 0.2506],
        [0.2496, 0.2499, 0.2496, 0.2509]], device='cuda:0',
       grad_fn=<SoftmaxBackward0>)
tensor([[0.2506, 0.2509, 0.2495, 0.2489],
        [0.2493, 0.2502, 0.2504, 0.2501],
        [0.2502, 0.2505, 0.2499, 0.2494]], device='cuda:0',
       grad_fn=<SoftmaxBackward0>)
tensor([[0.2490, 0.2504, 0.2511, 0.2495],
        [0.2496, 0.2503, 0.2509, 0.2492],
        [0.2485, 0.2505, 0.2505, 0.2505]], device='cuda:0',
       grad_fn=<SoftmaxBackward0>)
tensor([[0.2499, 0.2505, 0.2505, 0.2491],
        [0.2499, 0.2505, 0.2497, 0.2499],
        [0.2497, 0.2503, 0.2499, 0.2501]], device='cuda:0',
       grad_fn=<SoftmaxBackward0>)
tensor([[0.2487, 0.2498, 0.2511, 0.2503],
        [0.2494, 0.2494, 0.2514, 0.2498]], device='cuda:0',
       grad_fn=<SoftmaxBackward0>)
tensor([[0.2488, 0.2497, 0.2519, 0.2497],
        [0.2489, 0.2499, 0.2515, 0.2496],
        [0.2497, 0.2497, 0.2502, 0.2505]], device='cuda:0',
       grad_fn=<SoftmaxBackward0>)
tensor([[0.2493, 0.2509, 0.2521, 0.2477],
        [0.2491, 0.2499, 0.2502, 0.2508],
        [0.2490, 0.2495, 0.2506, 0.2509]], device='cuda:0',
       grad_fn=<SoftmaxBackward0>)
tensor([[0.2495, 0.2503, 0.2507, 0.2496],
        [0.2493, 0.2500, 0.2508, 0.2499],
        [0.2493, 0.2497, 0.2503, 0.2508]], device='cuda:0',
       grad_fn=<SoftmaxBackward0>)
tensor([[0.2488, 0.2502, 0.2527, 0.2482],
        [0.2492, 0.2496, 0.2512, 0.2501],
        [0.2491, 0.2496, 0.2500, 0.2513]], device='cuda:0',
       grad_fn=<SoftmaxBackward0>)
tensor([[0.2493, 0.2500, 0.2518, 0.2489],
        [0.2491, 0.2499, 0.2508, 0.2502],
        [0.2495, 0.2500, 0.2498, 0.2506]], device='cuda:0',
       grad_fn=<SoftmaxBackward0>)
tensor([[0.2493, 0.2491, 0.2514, 0.2502],
        [0.2489, 0.2495, 0.2512, 0.2503]], device='cuda:0',
       grad_fn=<SoftmaxBackward0>)
tensor([[0.2495, 0.2490, 0.2528, 0.2486],
        [0.2498, 0.2491, 0.2521, 0.2489],
        [0.2487, 0.2497, 0.2495, 0.2521]], device='cuda:0',
       grad_fn=<SoftmaxBackward0>)
tensor([[0.2519, 0.2509, 0.2543, 0.2428],
        [0.2484, 0.2488, 0.2500, 0.2528],
        [0.2489, 0.2495, 0.2496, 0.2520]], device='cuda:0',
       grad_fn=<SoftmaxBackward0>)
tensor([[0.2499, 0.2503, 0.2510, 0.2487],
        [0.2496, 0.2490, 0.2508, 0.2506],
        [0.2490, 0.2498, 0.2505, 0.2508]], device='cuda:0',
       grad_fn=<SoftmaxBackward0>)
tensor([[0.2503, 0.2510, 0.2533, 0.2454],
        [0.2494, 0.2495, 0.2510, 0.2501],
        [0.2477, 0.2489, 0.2494, 0.2540]], device='cuda:0',
       grad_fn=<SoftmaxBackward0>)
tensor([[0.2506, 0.2508, 0.2526, 0.2460],
