05/27 07:13:57PM parser.py:28 [INFO] 
05/27 07:13:57PM parser.py:29 [INFO] Parameters:
05/27 07:13:57PM parser.py:31 [INFO] DAG_PATH=results/search_Stage/CIFAR10/SCRATCH_SPEC/EXP-20240527-191357/DAG
05/27 07:13:57PM parser.py:31 [INFO] ALPHA_LR=0.0003
05/27 07:13:57PM parser.py:31 [INFO] ALPHA_WEIGHT_DECAY=0.001
05/27 07:13:57PM parser.py:31 [INFO] BATCH_SIZE=64
05/27 07:13:57PM parser.py:31 [INFO] CHECKPOINT_RESET=False
05/27 07:13:57PM parser.py:31 [INFO] DATA_PATH=../data/
05/27 07:13:57PM parser.py:31 [INFO] DATASET=CIFAR10
05/27 07:13:57PM parser.py:31 [INFO] EPOCHS=50
05/27 07:13:57PM parser.py:31 [INFO] EXP_NAME=EXP-20240527-191357
05/27 07:13:57PM parser.py:31 [INFO] GENOTYPE=Genotype(normal=[[('sep_conv_3x3', 1), ('sep_conv_3x3', 0)], [('skip_connect', 0), ('sep_conv_3x3', 1)], [('skip_connect', 0), ('sep_conv_3x3', 1)], [('sep_conv_3x3', 0), ('skip_connect', 2)]], normal_concat=[2, 3, 4, 5], reduce=[[('max_pool_3x3', 0), ('max_pool_3x3', 1)], [('skip_connect', 2), ('max_pool_3x3', 0)], [('max_pool_3x3', 0), ('skip_connect', 2)], [('skip_connect', 2), ('avg_pool_3x3', 0)]], reduce_concat=[2, 3, 4, 5])
05/27 07:13:57PM parser.py:31 [INFO] GPUS=[0]
05/27 07:13:57PM parser.py:31 [INFO] INIT_CHANNELS=16
05/27 07:13:57PM parser.py:31 [INFO] LAYERS=20
05/27 07:13:57PM parser.py:31 [INFO] LOCAL_RANK=0
05/27 07:13:57PM parser.py:31 [INFO] LOGGER=<Logger H-DAS (INFO)>
05/27 07:13:57PM parser.py:31 [INFO] NAME=SCRATCH_SPEC
05/27 07:13:57PM parser.py:31 [INFO] PATH=results/search_Stage/CIFAR10/SCRATCH_SPEC/EXP-20240527-191357
05/27 07:13:57PM parser.py:31 [INFO] PRINT_FREQ=50
05/27 07:13:57PM parser.py:31 [INFO] RESUME_PATH=None
05/27 07:13:57PM parser.py:31 [INFO] SAVE=EXP
05/27 07:13:57PM parser.py:31 [INFO] SEED=0
05/27 07:13:57PM parser.py:31 [INFO] SHARE_STAGE=False
05/27 07:13:57PM parser.py:31 [INFO] TRAIN_PORTION=0.5
05/27 07:13:57PM parser.py:31 [INFO] W_GRAD_CLIP=5.0
05/27 07:13:57PM parser.py:31 [INFO] W_LR=0.025
05/27 07:13:57PM parser.py:31 [INFO] W_LR_MIN=0.001
05/27 07:13:57PM parser.py:31 [INFO] W_MOMENTUM=0.9
05/27 07:13:57PM parser.py:31 [INFO] W_WEIGHT_DECAY=0.0003
05/27 07:13:57PM parser.py:31 [INFO] WORKERS=4
05/27 07:13:57PM parser.py:32 [INFO] 
05/27 07:13:59PM searchStage_trainer.py:103 [INFO] --> No loaded checkpoint!
####### ALPHA #######
# Alpha - DAG
tensor([[0.2504, 0.2499, 0.2495, 0.2502],
        [0.2498, 0.2497, 0.2502, 0.2503]], device='cuda:0',
       grad_fn=<SoftmaxBackward0>)
tensor([[0.2499, 0.2500, 0.2499, 0.2501],
        [0.2498, 0.2503, 0.2498, 0.2501],
        [0.2500, 0.2503, 0.2499, 0.2498]], device='cuda:0',
       grad_fn=<SoftmaxBackward0>)
tensor([[0.2499, 0.2501, 0.2500, 0.2500],
        [0.2501, 0.2504, 0.2497, 0.2498],
        [0.2501, 0.2499, 0.2502, 0.2498]], device='cuda:0',
       grad_fn=<SoftmaxBackward0>)
tensor([[0.2501, 0.2502, 0.2495, 0.2501],
        [0.2499, 0.2500, 0.2502, 0.2499],
        [0.2500, 0.2501, 0.2500, 0.2498]], device='cuda:0',
       grad_fn=<SoftmaxBackward0>)
tensor([[0.2498, 0.2500, 0.2501, 0.2500],
        [0.2504, 0.2499, 0.2499, 0.2497],
        [0.2501, 0.2505, 0.2498, 0.2496]], device='cuda:0',
       grad_fn=<SoftmaxBackward0>)
tensor([[0.2497, 0.2499, 0.2504, 0.2501],
        [0.2496, 0.2497, 0.2502, 0.2505],
        [0.2500, 0.2500, 0.2497, 0.2504]], device='cuda:0',
       grad_fn=<SoftmaxBackward0>)
tensor([[0.2503, 0.2502, 0.2500, 0.2495],
        [0.2496, 0.2502, 0.2502, 0.2500]], device='cuda:0',
       grad_fn=<SoftmaxBackward0>)
tensor([[0.2500, 0.2501, 0.2498, 0.2500],
        [0.2500, 0.2502, 0.2498, 0.2500],
        [0.2499, 0.2503, 0.2499, 0.2499]], device='cuda:0',
       grad_fn=<SoftmaxBackward0>)
tensor([[0.2499, 0.2501, 0.2497, 0.2503],
        [0.2501, 0.2500, 0.2500, 0.2499],
        [0.2501, 0.2502, 0.2499, 0.2498]], device='cuda:0',
       grad_fn=<SoftmaxBackward0>)
tensor([[0.2502, 0.2505, 0.2497, 0.2496],
        [0.2496, 0.2505, 0.2496, 0.2503],
        [0.2502, 0.2500, 0.2500, 0.2498]], device='cuda:0',
       grad_fn=<SoftmaxBackward0>)
tensor([[0.2499, 0.2500, 0.2500, 0.2500],
        [0.2498, 0.2501, 0.2502, 0.2499],
        [0.2496, 0.2501, 0.2503, 0.2500]], device='cuda:0',
       grad_fn=<SoftmaxBackward0>)
tensor([[0.2503, 0.2500, 0.2497, 0.2501],
        [0.2501, 0.2500, 0.2500, 0.2499],
        [0.2496, 0.2502, 0.2500, 0.2502]], device='cuda:0',
       grad_fn=<SoftmaxBackward0>)
tensor([[0.2500, 0.2504, 0.2496, 0.2499],
        [0.2503, 0.2503, 0.2498, 0.2497]], device='cuda:0',
       grad_fn=<SoftmaxBackward0>)
tensor([[0.2501, 0.2500, 0.2499, 0.2500],
        [0.2499, 0.2495, 0.2504, 0.2501],
        [0.2503, 0.2498, 0.2499, 0.2500]], device='cuda:0',
       grad_fn=<SoftmaxBackward0>)
tensor([[0.2497, 0.2502, 0.2503, 0.2498],
        [0.2498, 0.2504, 0.2500, 0.2498],
        [0.2502, 0.2497, 0.2501, 0.2500]], device='cuda:0',
       grad_fn=<SoftmaxBackward0>)
tensor([[0.2501, 0.2499, 0.2500, 0.2499],
        [0.2498, 0.2500, 0.2499, 0.2503],
        [0.2499, 0.2504, 0.2499, 0.2499]], device='cuda:0',
       grad_fn=<SoftmaxBackward0>)
tensor([[0.2497, 0.2503, 0.2500, 0.2500],
        [0.2499, 0.2502, 0.2501, 0.2499],
        [0.2499, 0.2505, 0.2497, 0.2499]], device='cuda:0',
       grad_fn=<SoftmaxBackward0>)
tensor([[0.2500, 0.2502, 0.2499, 0.2499],
        [0.2502, 0.2496, 0.2504, 0.2499],
        [0.2501, 0.2502, 0.2499, 0.2499]], device='cuda:0',
       grad_fn=<SoftmaxBackward0>)
#####################
05/27 07:14:15PM searchStage_trainer.py:211 [INFO] Train: Epoch: [0][50/390]	Step 50	lr 0.025	Loss 2.2398 (2.2765)	Prec@(1,5) (16.4%, 64.5%)	
05/27 07:14:30PM searchStage_trainer.py:211 [INFO] Train: Epoch: [0][100/390]	Step 100	lr 0.025	Loss 2.0607 (2.2172)	Prec@(1,5) (19.2%, 70.1%)	
05/27 07:14:44PM searchStage_trainer.py:211 [INFO] Train: Epoch: [0][150/390]	Step 150	lr 0.025	Loss 2.0552 (2.1335)	Prec@(1,5) (21.0%, 74.1%)	
05/27 07:14:59PM searchStage_trainer.py:211 [INFO] Train: Epoch: [0][200/390]	Step 200	lr 0.025	Loss 1.8198 (2.0600)	Prec@(1,5) (23.3%, 76.6%)	
05/27 07:15:14PM searchStage_trainer.py:211 [INFO] Train: Epoch: [0][250/390]	Step 250	lr 0.025	Loss 1.7477 (1.9986)	Prec@(1,5) (25.2%, 78.7%)	
05/27 07:15:29PM searchStage_trainer.py:211 [INFO] Train: Epoch: [0][300/390]	Step 300	lr 0.025	Loss 1.6820 (1.9550)	Prec@(1,5) (26.7%, 80.1%)	
05/27 07:15:44PM searchStage_trainer.py:211 [INFO] Train: Epoch: [0][350/390]	Step 350	lr 0.025	Loss 1.5802 (1.9131)	Prec@(1,5) (28.2%, 81.2%)	
05/27 07:15:56PM searchStage_trainer.py:211 [INFO] Train: Epoch: [0][390/390]	Step 390	lr 0.025	Loss 1.3796 (1.8833)	Prec@(1,5) (29.3%, 82.1%)	
05/27 07:15:57PM searchStage_trainer.py:221 [INFO] Train: [  0/49] Final Prec@1 29.3360%
05/27 07:16:00PM searchStage_trainer.py:249 [INFO] Valid: Epoch: [0][50/391]	Step 391	Loss 1.6283	Prec@(1,5) (39.5%, 89.0%)
05/27 07:16:02PM searchStage_trainer.py:249 [INFO] Valid: Epoch: [0][100/391]	Step 391	Loss 1.6499	Prec@(1,5) (38.8%, 89.0%)
05/27 07:16:05PM searchStage_trainer.py:249 [INFO] Valid: Epoch: [0][150/391]	Step 391	Loss 1.6414	Prec@(1,5) (39.3%, 89.1%)
05/27 07:16:07PM searchStage_trainer.py:249 [INFO] Valid: Epoch: [0][200/391]	Step 391	Loss 1.6417	Prec@(1,5) (39.6%, 89.2%)
05/27 07:16:10PM searchStage_trainer.py:249 [INFO] Valid: Epoch: [0][250/391]	Step 391	Loss 1.6320	Prec@(1,5) (39.9%, 89.4%)
05/27 07:16:12PM searchStage_trainer.py:249 [INFO] Valid: Epoch: [0][300/391]	Step 391	Loss 1.6340	Prec@(1,5) (39.8%, 89.4%)
05/27 07:16:15PM searchStage_trainer.py:249 [INFO] Valid: Epoch: [0][350/391]	Step 391	Loss 1.6386	Prec@(1,5) (39.6%, 89.3%)
05/27 07:16:17PM searchStage_trainer.py:249 [INFO] Valid: Epoch: [0][390/391]	Step 391	Loss 1.6396	Prec@(1,5) (39.7%, 89.2%)
05/27 07:16:17PM searchStage_trainer.py:260 [INFO] Valid: [  0/49] Final Prec@1 39.6880%
05/27 07:16:17PM searchStage_main.py:53 [INFO] DAG = Genotype2(DAG1=[[('max_pool_3x3', 1), ('skip_connect', 0)], [('avg_pool_3x3', 2), ('avg_pool_3x3', 1)], [('avg_pool_3x3', 2), ('avg_pool_3x3', 3)], [('avg_pool_3x3', 2), ('avg_pool_3x3', 4)], [('max_pool_3x3', 4), ('avg_pool_3x3', 5)], [('avg_pool_3x3', 5), ('avg_pool_3x3', 6)]], DAG1_concat=range(6, 8), DAG2=[[('avg_pool_3x3', 0), ('avg_pool_3x3', 1)], [('avg_pool_3x3', 2), ('skip_connect', 0)], [('max_pool_3x3', 2), ('avg_pool_3x3', 3)], [('avg_pool_3x3', 2), ('avg_pool_3x3', 3)], [('avg_pool_3x3', 5), ('avg_pool_3x3', 4)], [('max_pool_3x3', 4), ('max_pool_3x3', 5)]], DAG2_concat=range(6, 8), DAG3=[[('avg_pool_3x3', 0), ('avg_pool_3x3', 1)], [('avg_pool_3x3', 2), ('skip_connect', 1)], [('avg_pool_3x3', 2), ('max_pool_3x3', 3)], [('avg_pool_3x3', 4), ('skip_connect', 2)], [('skip_connect', 5), ('skip_connect', 4)], [('skip_connect', 4), ('skip_connect', 5)]], DAG3_concat=range(6, 8))
05/27 07:16:17PM searchStage_main.py:68 [INFO] Until now, best Prec@1 = 39.6880%
####### ALPHA #######
# Alpha - DAG
tensor([[0.2478, 0.2526, 0.2532, 0.2464],
        [0.2531, 0.2519, 0.2496, 0.2453]], device='cuda:0',
       grad_fn=<SoftmaxBackward0>)
tensor([[0.2511, 0.2512, 0.2518, 0.2459],
        [0.2499, 0.2528, 0.2514, 0.2459],
        [0.2533, 0.2568, 0.2459, 0.2440]], device='cuda:0',
       grad_fn=<SoftmaxBackward0>)
tensor([[0.2499, 0.2512, 0.2504, 0.2485],
        [0.2514, 0.2556, 0.2484, 0.2447],
        [0.2527, 0.2549, 0.2463, 0.2461]], device='cuda:0',
       grad_fn=<SoftmaxBackward0>)
tensor([[0.2516, 0.2533, 0.2478, 0.2474],
        [0.2534, 0.2529, 0.2477, 0.2460],
        [0.2526, 0.2531, 0.2470, 0.2473]], device='cuda:0',
       grad_fn=<SoftmaxBackward0>)
tensor([[0.2522, 0.2519, 0.2490, 0.2469],
        [0.2545, 0.2524, 0.2450, 0.2480],
        [0.2531, 0.2540, 0.2474, 0.2455]], device='cuda:0',
       grad_fn=<SoftmaxBackward0>)
tensor([[0.2511, 0.2525, 0.2483, 0.2481],
        [0.2505, 0.2527, 0.2470, 0.2498],
        [0.2515, 0.2527, 0.2484, 0.2473]], device='cuda:0',
       grad_fn=<SoftmaxBackward0>)
tensor([[0.2500, 0.2511, 0.2507, 0.2481],
        [0.2490, 0.2506, 0.2498, 0.2506]], device='cuda:0',
       grad_fn=<SoftmaxBackward0>)
tensor([[0.2501, 0.2503, 0.2506, 0.2491],
        [0.2496, 0.2503, 0.2497, 0.2504],
        [0.2500, 0.2514, 0.2502, 0.2484]], device='cuda:0',
       grad_fn=<SoftmaxBackward0>)
tensor([[0.2500, 0.2504, 0.2499, 0.2497],
        [0.2511, 0.2505, 0.2495, 0.2489],
        [0.2506, 0.2509, 0.2487, 0.2498]], device='cuda:0',
       grad_fn=<SoftmaxBackward0>)
tensor([[0.2501, 0.2509, 0.2496, 0.2494],
        [0.2496, 0.2512, 0.2498, 0.2494],
        [0.2500, 0.2505, 0.2496, 0.2498]], device='cuda:0',
       grad_fn=<SoftmaxBackward0>)
tensor([[0.2502, 0.2503, 0.2491, 0.2504],
        [0.2498, 0.2507, 0.2496, 0.2499],
        [0.2504, 0.2511, 0.2502, 0.2484]], device='cuda:0',
       grad_fn=<SoftmaxBackward0>)
tensor([[0.2507, 0.2501, 0.2490, 0.2502],
        [0.2504, 0.2502, 0.2495, 0.2498],
        [0.2503, 0.2504, 0.2499, 0.2494]], device='cuda:0',
       grad_fn=<SoftmaxBackward0>)
tensor([[0.2503, 0.2505, 0.2497, 0.2495],
        [0.2499, 0.2504, 0.2497, 0.2500]], device='cuda:0',
       grad_fn=<SoftmaxBackward0>)
tensor([[0.2498, 0.2502, 0.2503, 0.2498],
        [0.2496, 0.2496, 0.2508, 0.2500],
        [0.2498, 0.2500, 0.2500, 0.2502]], device='cuda:0',
       grad_fn=<SoftmaxBackward0>)
tensor([[0.2497, 0.2501, 0.2506, 0.2496],
        [0.2494, 0.2509, 0.2508, 0.2488],
        [0.2500, 0.2496, 0.2495, 0.2509]], device='cuda:0',
       grad_fn=<SoftmaxBackward0>)
tensor([[0.2500, 0.2497, 0.2504, 0.2500],
        [0.2500, 0.2498, 0.2500, 0.2502],
        [0.2498, 0.2504, 0.2499, 0.2499]], device='cuda:0',
       grad_fn=<SoftmaxBackward0>)
tensor([[0.2495, 0.2494, 0.2494, 0.2518],
        [0.2488, 0.2505, 0.2516, 0.2492],
        [0.2484, 0.2508, 0.2521, 0.2488]], device='cuda:0',
       grad_fn=<SoftmaxBackward0>)
tensor([[0.2492, 0.2504, 0.2513, 0.2491],
        [0.2496, 0.2491, 0.2504, 0.2509],
        [0.2498, 0.2503, 0.2503, 0.2495]], device='cuda:0',
       grad_fn=<SoftmaxBackward0>)
#####################
05/27 07:16:33PM searchStage_trainer.py:211 [INFO] Train: Epoch: [1][50/390]	Step 441	lr 0.02498	Loss 1.4616 (1.6012)	Prec@(1,5) (40.3%, 89.6%)	
05/27 07:16:48PM searchStage_trainer.py:211 [INFO] Train: Epoch: [1][100/390]	Step 491	lr 0.02498	Loss 1.6105 (1.6014)	Prec@(1,5) (40.2%, 89.4%)	
05/27 07:17:03PM searchStage_trainer.py:211 [INFO] Train: Epoch: [1][150/390]	Step 541	lr 0.02498	Loss 1.6031 (1.5745)	Prec@(1,5) (41.2%, 90.0%)	
05/27 07:17:18PM searchStage_trainer.py:211 [INFO] Train: Epoch: [1][200/390]	Step 591	lr 0.02498	Loss 1.9744 (1.5596)	Prec@(1,5) (42.0%, 90.2%)	
05/27 07:17:34PM searchStage_trainer.py:211 [INFO] Train: Epoch: [1][250/390]	Step 641	lr 0.02498	Loss 1.7757 (1.5468)	Prec@(1,5) (42.7%, 90.5%)	
05/27 07:17:49PM searchStage_trainer.py:211 [INFO] Train: Epoch: [1][300/390]	Step 691	lr 0.02498	Loss 1.3612 (1.5288)	Prec@(1,5) (43.7%, 90.8%)	
05/27 07:18:04PM searchStage_trainer.py:211 [INFO] Train: Epoch: [1][350/390]	Step 741	lr 0.02498	Loss 1.4115 (1.5118)	Prec@(1,5) (44.3%, 91.1%)	
05/27 07:18:17PM searchStage_trainer.py:211 [INFO] Train: Epoch: [1][390/390]	Step 781	lr 0.02498	Loss 1.4710 (1.5079)	Prec@(1,5) (44.5%, 91.2%)	
05/27 07:18:17PM searchStage_trainer.py:221 [INFO] Train: [  1/49] Final Prec@1 44.5040%
05/27 07:18:20PM searchStage_trainer.py:249 [INFO] Valid: Epoch: [1][50/391]	Step 782	Loss 1.4178	Prec@(1,5) (47.1%, 93.0%)
05/27 07:18:22PM searchStage_trainer.py:249 [INFO] Valid: Epoch: [1][100/391]	Step 782	Loss 1.4457	Prec@(1,5) (46.4%, 92.4%)
05/27 07:18:25PM searchStage_trainer.py:249 [INFO] Valid: Epoch: [1][150/391]	Step 782	Loss 1.4359	Prec@(1,5) (46.7%, 92.5%)
05/27 07:18:27PM searchStage_trainer.py:249 [INFO] Valid: Epoch: [1][200/391]	Step 782	Loss 1.4359	Prec@(1,5) (46.7%, 92.7%)
05/27 07:18:30PM searchStage_trainer.py:249 [INFO] Valid: Epoch: [1][250/391]	Step 782	Loss 1.4342	Prec@(1,5) (46.7%, 92.6%)
05/27 07:18:32PM searchStage_trainer.py:249 [INFO] Valid: Epoch: [1][300/391]	Step 782	Loss 1.4363	Prec@(1,5) (46.9%, 92.6%)
05/27 07:18:35PM searchStage_trainer.py:249 [INFO] Valid: Epoch: [1][350/391]	Step 782	Loss 1.4354	Prec@(1,5) (46.9%, 92.6%)
05/27 07:18:37PM searchStage_trainer.py:249 [INFO] Valid: Epoch: [1][390/391]	Step 782	Loss 1.4321	Prec@(1,5) (46.9%, 92.6%)
05/27 07:18:37PM searchStage_trainer.py:260 [INFO] Valid: [  1/49] Final Prec@1 46.9080%
05/27 07:18:37PM searchStage_main.py:53 [INFO] DAG = Genotype2(DAG1=[[('avg_pool_3x3', 1), ('skip_connect', 0)], [('avg_pool_3x3', 2), ('avg_pool_3x3', 1)], [('avg_pool_3x3', 2), ('avg_pool_3x3', 3)], [('avg_pool_3x3', 4), ('avg_pool_3x3', 2)], [('avg_pool_3x3', 5), ('max_pool_3x3', 4)], [('avg_pool_3x3', 5), ('avg_pool_3x3', 6)]], DAG1_concat=range(6, 8), DAG2=[[('avg_pool_3x3', 1), ('skip_connect', 0)], [('avg_pool_3x3', 2), ('skip_connect', 0)], [('max_pool_3x3', 3), ('max_pool_3x3', 2)], [('avg_pool_3x3', 4), ('avg_pool_3x3', 3)], [('avg_pool_3x3', 5), ('avg_pool_3x3', 4)], [('avg_pool_3x3', 6), ('max_pool_3x3', 4)]], DAG2_concat=range(6, 8), DAG3=[[('avg_pool_3x3', 0), ('avg_pool_3x3', 1)], [('skip_connect', 2), ('skip_connect', 1)], [('skip_connect', 2), ('avg_pool_3x3', 3)], [('avg_pool_3x3', 4), ('skip_connect', 2)], [('skip_connect', 5), ('skip_connect', 4)], [('skip_connect', 4), ('skip_connect', 6)]], DAG3_concat=range(6, 8))
05/27 07:18:37PM searchStage_main.py:68 [INFO] Until now, best Prec@1 = 46.9080%
####### ALPHA #######
# Alpha - DAG
tensor([[0.2473, 0.2553, 0.2558, 0.2416],
        [0.2527, 0.2552, 0.2517, 0.2404]], device='cuda:0',
       grad_fn=<SoftmaxBackward0>)
tensor([[0.2527, 0.2539, 0.2522, 0.2413],
        [0.2495, 0.2575, 0.2553, 0.2377],
        [0.2526, 0.2638, 0.2411, 0.2425]], device='cuda:0',
       grad_fn=<SoftmaxBackward0>)
tensor([[0.2514, 0.2544, 0.2500, 0.2441],
        [0.2539, 0.2619, 0.2460, 0.2382],
        [0.2539, 0.2593, 0.2418, 0.2449]], device='cuda:0',
       grad_fn=<SoftmaxBackward0>)
tensor([[0.2521, 0.2562, 0.2448, 0.2469],
        [0.2550, 0.2563, 0.2473, 0.2414],
        [0.2547, 0.2570, 0.2447, 0.2436]], device='cuda:0',
       grad_fn=<SoftmaxBackward0>)
tensor([[0.2547, 0.2549, 0.2454, 0.2451],
        [0.2567, 0.2565, 0.2410, 0.2458],
        [0.2537, 0.2589, 0.2471, 0.2403]], device='cuda:0',
       grad_fn=<SoftmaxBackward0>)
tensor([[0.2531, 0.2546, 0.2455, 0.2468],
        [0.2518, 0.2557, 0.2447, 0.2478],
        [0.2540, 0.2561, 0.2460, 0.2439]], device='cuda:0',
       grad_fn=<SoftmaxBackward0>)
tensor([[0.2502, 0.2509, 0.2509, 0.2480],
        [0.2485, 0.2512, 0.2504, 0.2499]], device='cuda:0',
       grad_fn=<SoftmaxBackward0>)
tensor([[0.2501, 0.2506, 0.2512, 0.2482],
        [0.2499, 0.2494, 0.2496, 0.2511],
        [0.2502, 0.2523, 0.2507, 0.2468]], device='cuda:0',
       grad_fn=<SoftmaxBackward0>)
tensor([[0.2511, 0.2505, 0.2500, 0.2484],
        [0.2515, 0.2507, 0.2492, 0.2486],
        [0.2511, 0.2510, 0.2481, 0.2499]], device='cuda:0',
       grad_fn=<SoftmaxBackward0>)
tensor([[0.2498, 0.2515, 0.2499, 0.2488],
        [0.2498, 0.2515, 0.2497, 0.2489],
        [0.2504, 0.2507, 0.2491, 0.2498]], device='cuda:0',
       grad_fn=<SoftmaxBackward0>)
tensor([[0.2505, 0.2508, 0.2492, 0.2495],
        [0.2500, 0.2510, 0.2493, 0.2497],
        [0.2502, 0.2514, 0.2501, 0.2484]], device='cuda:0',
       grad_fn=<SoftmaxBackward0>)
tensor([[0.2511, 0.2503, 0.2485, 0.2501],
        [0.2509, 0.2502, 0.2491, 0.2499],
        [0.2506, 0.2508, 0.2500, 0.2485]], device='cuda:0',
       grad_fn=<SoftmaxBackward0>)
tensor([[0.2503, 0.2505, 0.2498, 0.2494],
        [0.2498, 0.2504, 0.2498, 0.2500]], device='cuda:0',
       grad_fn=<SoftmaxBackward0>)
tensor([[0.2498, 0.2501, 0.2503, 0.2498],
        [0.2490, 0.2497, 0.2513, 0.2501],
        [0.2491, 0.2502, 0.2506, 0.2501]], device='cuda:0',
       grad_fn=<SoftmaxBackward0>)
tensor([[0.2495, 0.2501, 0.2508, 0.2496],
        [0.2491, 0.2514, 0.2517, 0.2477],
        [0.2495, 0.2495, 0.2493, 0.2517]], device='cuda:0',
       grad_fn=<SoftmaxBackward0>)
tensor([[0.2499, 0.2496, 0.2506, 0.2498],
        [0.2501, 0.2498, 0.2500, 0.2501],
        [0.2497, 0.2504, 0.2500, 0.2499]], device='cuda:0',
       grad_fn=<SoftmaxBackward0>)
tensor([[0.2493, 0.2486, 0.2487, 0.2534],
        [0.2480, 0.2507, 0.2531, 0.2482],
        [0.2472, 0.2510, 0.2539, 0.2480]], device='cuda:0',
       grad_fn=<SoftmaxBackward0>)
tensor([[0.2484, 0.2505, 0.2528, 0.2483],
        [0.2492, 0.2486, 0.2503, 0.2519],
        [0.2496, 0.2504, 0.2507, 0.2493]], device='cuda:0',
       grad_fn=<SoftmaxBackward0>)
#####################
05/27 07:18:53PM searchStage_trainer.py:211 [INFO] Train: Epoch: [2][50/390]	Step 832	lr 0.02491	Loss 1.5451 (1.3541)	Prec@(1,5) (49.2%, 94.3%)	
05/27 07:19:08PM searchStage_trainer.py:211 [INFO] Train: Epoch: [2][100/390]	Step 882	lr 0.02491	Loss 1.2225 (1.3582)	Prec@(1,5) (49.7%, 93.4%)	
05/27 07:19:23PM searchStage_trainer.py:211 [INFO] Train: Epoch: [2][150/390]	Step 932	lr 0.02491	Loss 1.1890 (1.3466)	Prec@(1,5) (50.2%, 93.3%)	
05/27 07:19:38PM searchStage_trainer.py:211 [INFO] Train: Epoch: [2][200/390]	Step 982	lr 0.02491	Loss 1.3656 (1.3508)	Prec@(1,5) (50.6%, 93.2%)	
05/27 07:19:53PM searchStage_trainer.py:211 [INFO] Train: Epoch: [2][250/390]	Step 1032	lr 0.02491	Loss 1.2180 (1.3446)	Prec@(1,5) (51.0%, 93.2%)	
05/27 07:20:09PM searchStage_trainer.py:211 [INFO] Train: Epoch: [2][300/390]	Step 1082	lr 0.02491	Loss 1.4061 (1.3339)	Prec@(1,5) (51.4%, 93.4%)	
05/27 07:20:24PM searchStage_trainer.py:211 [INFO] Train: Epoch: [2][350/390]	Step 1132	lr 0.02491	Loss 1.4462 (1.3266)	Prec@(1,5) (51.8%, 93.4%)	
05/27 07:20:36PM searchStage_trainer.py:211 [INFO] Train: Epoch: [2][390/390]	Step 1172	lr 0.02491	Loss 1.1234 (1.3214)	Prec@(1,5) (52.0%, 93.5%)	
05/27 07:20:36PM searchStage_trainer.py:221 [INFO] Train: [  2/49] Final Prec@1 51.9760%
05/27 07:20:39PM searchStage_trainer.py:249 [INFO] Valid: Epoch: [2][50/391]	Step 1173	Loss 1.5727	Prec@(1,5) (45.6%, 92.5%)
05/27 07:20:41PM searchStage_trainer.py:249 [INFO] Valid: Epoch: [2][100/391]	Step 1173	Loss 1.5822	Prec@(1,5) (45.8%, 92.0%)
05/27 07:20:44PM searchStage_trainer.py:249 [INFO] Valid: Epoch: [2][150/391]	Step 1173	Loss 1.5767	Prec@(1,5) (45.5%, 91.9%)
05/27 07:20:46PM searchStage_trainer.py:249 [INFO] Valid: Epoch: [2][200/391]	Step 1173	Loss 1.5789	Prec@(1,5) (45.5%, 91.7%)
05/27 07:20:49PM searchStage_trainer.py:249 [INFO] Valid: Epoch: [2][250/391]	Step 1173	Loss 1.5776	Prec@(1,5) (45.4%, 91.7%)
05/27 07:20:51PM searchStage_trainer.py:249 [INFO] Valid: Epoch: [2][300/391]	Step 1173	Loss 1.5831	Prec@(1,5) (45.3%, 91.5%)
05/27 07:20:54PM searchStage_trainer.py:249 [INFO] Valid: Epoch: [2][350/391]	Step 1173	Loss 1.5849	Prec@(1,5) (45.3%, 91.5%)
05/27 07:20:56PM searchStage_trainer.py:249 [INFO] Valid: Epoch: [2][390/391]	Step 1173	Loss 1.5844	Prec@(1,5) (45.1%, 91.5%)
05/27 07:20:56PM searchStage_trainer.py:260 [INFO] Valid: [  2/49] Final Prec@1 45.1360%
05/27 07:20:56PM searchStage_main.py:53 [INFO] DAG = Genotype2(DAG1=[[('avg_pool_3x3', 1), ('skip_connect', 0)], [('avg_pool_3x3', 2), ('avg_pool_3x3', 1)], [('avg_pool_3x3', 2), ('avg_pool_3x3', 3)], [('avg_pool_3x3', 4), ('avg_pool_3x3', 3)], [('avg_pool_3x3', 5), ('avg_pool_3x3', 4)], [('avg_pool_3x3', 5), ('avg_pool_3x3', 6)]], DAG1_concat=range(6, 8), DAG2=[[('avg_pool_3x3', 1), ('avg_pool_3x3', 0)], [('avg_pool_3x3', 2), ('skip_connect', 0)], [('max_pool_3x3', 3), ('max_pool_3x3', 2)], [('avg_pool_3x3', 4), ('avg_pool_3x3', 3)], [('avg_pool_3x3', 5), ('avg_pool_3x3', 4)], [('avg_pool_3x3', 6), ('max_pool_3x3', 5)]], DAG2_concat=range(6, 8), DAG3=[[('avg_pool_3x3', 0), ('avg_pool_3x3', 1)], [('skip_connect', 2), ('skip_connect', 1)], [('skip_connect', 2), ('avg_pool_3x3', 3)], [('avg_pool_3x3', 4), ('max_pool_3x3', 3)], [('skip_connect', 5), ('skip_connect', 4)], [('skip_connect', 4), ('skip_connect', 6)]], DAG3_concat=range(6, 8))
05/27 07:20:56PM searchStage_main.py:68 [INFO] Until now, best Prec@1 = 46.9080%
####### ALPHA #######
# Alpha - DAG
tensor([[0.2478, 0.2556, 0.2577, 0.2389],
        [0.2555, 0.2594, 0.2518, 0.2334]], device='cuda:0',
       grad_fn=<SoftmaxBackward0>)
tensor([[0.2546, 0.2557, 0.2517, 0.2379],
        [0.2502, 0.2601, 0.2566, 0.2331],
        [0.2556, 0.2687, 0.2388, 0.2368]], device='cuda:0',
       grad_fn=<SoftmaxBackward0>)
tensor([[0.2530, 0.2569, 0.2504, 0.2398],
        [0.2562, 0.2650, 0.2441, 0.2346],
        [0.2556, 0.2628, 0.2397, 0.2419]], device='cuda:0',
       grad_fn=<SoftmaxBackward0>)
tensor([[0.2534, 0.2583, 0.2436, 0.2446],
        [0.2574, 0.2588, 0.2452, 0.2386],
        [0.2566, 0.2597, 0.2431, 0.2406]], device='cuda:0',
       grad_fn=<SoftmaxBackward0>)
tensor([[0.2575, 0.2580, 0.2435, 0.2411],
        [0.2588, 0.2591, 0.2376, 0.2445],
        [0.2563, 0.2617, 0.2448, 0.2372]], device='cuda:0',
       grad_fn=<SoftmaxBackward0>)
tensor([[0.2546, 0.2568, 0.2448, 0.2438],
        [0.2533, 0.2579, 0.2438, 0.2450],
        [0.2559, 0.2577, 0.2431, 0.2434]], device='cuda:0',
       grad_fn=<SoftmaxBackward0>)
tensor([[0.2504, 0.2508, 0.2506, 0.2482],
        [0.2483, 0.2519, 0.2509, 0.2490]], device='cuda:0',
       grad_fn=<SoftmaxBackward0>)
tensor([[0.2506, 0.2508, 0.2510, 0.2477],
        [0.2502, 0.2499, 0.2497, 0.2502],
        [0.2500, 0.2527, 0.2507, 0.2466]], device='cuda:0',
       grad_fn=<SoftmaxBackward0>)
tensor([[0.2516, 0.2506, 0.2499, 0.2480],
        [0.2517, 0.2510, 0.2490, 0.2483],
        [0.2513, 0.2512, 0.2480, 0.2496]], device='cuda:0',
       grad_fn=<SoftmaxBackward0>)
tensor([[0.2499, 0.2515, 0.2498, 0.2488],
        [0.2497, 0.2520, 0.2501, 0.2482],
        [0.2506, 0.2509, 0.2488, 0.2497]], device='cuda:0',
       grad_fn=<SoftmaxBackward0>)
tensor([[0.2510, 0.2510, 0.2486, 0.2494],
        [0.2499, 0.2512, 0.2492, 0.2497],
        [0.2506, 0.2518, 0.2499, 0.2476]], device='cuda:0',
       grad_fn=<SoftmaxBackward0>)
tensor([[0.2511, 0.2505, 0.2486, 0.2498],
        [0.2511, 0.2502, 0.2486, 0.2501],
        [0.2509, 0.2511, 0.2501, 0.2479]], device='cuda:0',
       grad_fn=<SoftmaxBackward0>)
tensor([[0.2505, 0.2506, 0.2498, 0.2491],
        [0.2497, 0.2502, 0.2499, 0.2502]], device='cuda:0',
       grad_fn=<SoftmaxBackward0>)
tensor([[0.2496, 0.2501, 0.2505, 0.2498],
        [0.2486, 0.2498, 0.2517, 0.2499],
        [0.2488, 0.2503, 0.2507, 0.2503]], device='cuda:0',
       grad_fn=<SoftmaxBackward0>)
tensor([[0.2493, 0.2502, 0.2510, 0.2495],
        [0.2489, 0.2517, 0.2523, 0.2470],
        [0.2492, 0.2495, 0.2491, 0.2522]], device='cuda:0',
       grad_fn=<SoftmaxBackward0>)
tensor([[0.2500, 0.2495, 0.2508, 0.2497],
        [0.2502, 0.2497, 0.2500, 0.2501],
        [0.2495, 0.2503, 0.2501, 0.2500]], device='cuda:0',
       grad_fn=<SoftmaxBackward0>)
tensor([[0.2490, 0.2480, 0.2482, 0.2547],
        [0.2473, 0.2509, 0.2543, 0.2474],
        [0.2460, 0.2511, 0.2555, 0.2474]], device='cuda:0',
       grad_fn=<SoftmaxBackward0>)
tensor([[0.2478, 0.2507, 0.2541, 0.2475],
        [0.2488, 0.2483, 0.2502, 0.2527],
        [0.2493, 0.2505, 0.2511, 0.2491]], device='cuda:0',
       grad_fn=<SoftmaxBackward0>)
#####################
05/27 07:21:12PM searchStage_trainer.py:211 [INFO] Train: Epoch: [3][50/390]	Step 1223	lr 0.02479	Loss 1.1958 (1.2766)	Prec@(1,5) (54.2%, 94.0%)	
05/27 07:21:27PM searchStage_trainer.py:211 [INFO] Train: Epoch: [3][100/390]	Step 1273	lr 0.02479	Loss 1.4698 (1.2499)	Prec@(1,5) (54.2%, 94.6%)	
05/27 07:21:43PM searchStage_trainer.py:211 [INFO] Train: Epoch: [3][150/390]	Step 1323	lr 0.02479	Loss 1.2367 (1.2426)	Prec@(1,5) (54.1%, 94.7%)	
05/27 07:21:58PM searchStage_trainer.py:211 [INFO] Train: Epoch: [3][200/390]	Step 1373	lr 0.02479	Loss 1.2302 (1.2381)	Prec@(1,5) (54.6%, 94.5%)	
05/27 07:22:13PM searchStage_trainer.py:211 [INFO] Train: Epoch: [3][250/390]	Step 1423	lr 0.02479	Loss 1.0875 (1.2322)	Prec@(1,5) (54.9%, 94.5%)	
05/27 07:22:28PM searchStage_trainer.py:211 [INFO] Train: Epoch: [3][300/390]	Step 1473	lr 0.02479	Loss 1.2832 (1.2205)	Prec@(1,5) (55.5%, 94.6%)	
05/27 07:22:44PM searchStage_trainer.py:211 [INFO] Train: Epoch: [3][350/390]	Step 1523	lr 0.02479	Loss 1.3602 (1.2097)	Prec@(1,5) (55.9%, 94.8%)	
05/27 07:22:56PM searchStage_trainer.py:211 [INFO] Train: Epoch: [3][390/390]	Step 1563	lr 0.02479	Loss 1.3534 (1.2055)	Prec@(1,5) (56.1%, 94.9%)	
05/27 07:22:56PM searchStage_trainer.py:221 [INFO] Train: [  3/49] Final Prec@1 56.0800%
05/27 07:22:59PM searchStage_trainer.py:249 [INFO] Valid: Epoch: [3][50/391]	Step 1564	Loss 1.2639	Prec@(1,5) (54.6%, 94.9%)
05/27 07:23:02PM searchStage_trainer.py:249 [INFO] Valid: Epoch: [3][100/391]	Step 1564	Loss 1.2697	Prec@(1,5) (54.1%, 94.8%)
05/27 07:23:04PM searchStage_trainer.py:249 [INFO] Valid: Epoch: [3][150/391]	Step 1564	Loss 1.2657	Prec@(1,5) (54.2%, 94.9%)
05/27 07:23:07PM searchStage_trainer.py:249 [INFO] Valid: Epoch: [3][200/391]	Step 1564	Loss 1.2819	Prec@(1,5) (53.8%, 94.8%)
05/27 07:23:09PM searchStage_trainer.py:249 [INFO] Valid: Epoch: [3][250/391]	Step 1564	Loss 1.2794	Prec@(1,5) (53.9%, 94.9%)
05/27 07:23:12PM searchStage_trainer.py:249 [INFO] Valid: Epoch: [3][300/391]	Step 1564	Loss 1.2829	Prec@(1,5) (53.8%, 95.0%)
05/27 07:23:14PM searchStage_trainer.py:249 [INFO] Valid: Epoch: [3][350/391]	Step 1564	Loss 1.2844	Prec@(1,5) (53.8%, 94.9%)
05/27 07:23:16PM searchStage_trainer.py:249 [INFO] Valid: Epoch: [3][390/391]	Step 1564	Loss 1.2818	Prec@(1,5) (53.8%, 94.9%)
05/27 07:23:16PM searchStage_trainer.py:260 [INFO] Valid: [  3/49] Final Prec@1 53.8200%
05/27 07:23:16PM searchStage_main.py:53 [INFO] DAG = Genotype2(DAG1=[[('avg_pool_3x3', 1), ('avg_pool_3x3', 0)], [('avg_pool_3x3', 2), ('avg_pool_3x3', 1)], [('avg_pool_3x3', 3), ('avg_pool_3x3', 2)], [('avg_pool_3x3', 4), ('avg_pool_3x3', 3)], [('avg_pool_3x3', 5), ('avg_pool_3x3', 4)], [('avg_pool_3x3', 6), ('avg_pool_3x3', 5)]], DAG1_concat=range(6, 8), DAG2=[[('avg_pool_3x3', 1), ('skip_connect', 0)], [('avg_pool_3x3', 2), ('skip_connect', 0)], [('max_pool_3x3', 3), ('max_pool_3x3', 2)], [('avg_pool_3x3', 4), ('avg_pool_3x3', 3)], [('avg_pool_3x3', 5), ('avg_pool_3x3', 4)], [('avg_pool_3x3', 6), ('max_pool_3x3', 5)]], DAG2_concat=range(6, 8), DAG3=[[('avg_pool_3x3', 0), ('avg_pool_3x3', 1)], [('skip_connect', 2), ('skip_connect', 1)], [('skip_connect', 2), ('avg_pool_3x3', 3)], [('skip_connect', 4), ('max_pool_3x3', 3)], [('skip_connect', 5), ('skip_connect', 4)], [('skip_connect', 6), ('skip_connect', 4)]], DAG3_concat=range(6, 8))
05/27 07:23:17PM searchStage_main.py:68 [INFO] Until now, best Prec@1 = 53.8200%
####### ALPHA #######
# Alpha - DAG
tensor([[0.2478, 0.2590, 0.2589, 0.2342],
        [0.2556, 0.2620, 0.2537, 0.2287]], device='cuda:0',
       grad_fn=<SoftmaxBackward0>)
tensor([[0.2554, 0.2580, 0.2540, 0.2326],
        [0.2509, 0.2619, 0.2575, 0.2297],
        [0.2576, 0.2723, 0.2374, 0.2328]], device='cuda:0',
       grad_fn=<SoftmaxBackward0>)
tensor([[0.2537, 0.2590, 0.2518, 0.2354],
        [0.2577, 0.2675, 0.2433, 0.2314],
        [0.2572, 0.2648, 0.2381, 0.2399]], device='cuda:0',
       grad_fn=<SoftmaxBackward0>)
tensor([[0.2544, 0.2600, 0.2427, 0.2429],
        [0.2582, 0.2605, 0.2445, 0.2369],
        [0.2576, 0.2617, 0.2430, 0.2376]], device='cuda:0',
       grad_fn=<SoftmaxBackward0>)
tensor([[0.2583, 0.2602, 0.2434, 0.2382],
        [0.2597, 0.2617, 0.2362, 0.2424],
        [0.2579, 0.2636, 0.2433, 0.2351]], device='cuda:0',
       grad_fn=<SoftmaxBackward0>)
tensor([[0.2558, 0.2587, 0.2438, 0.2417],
        [0.2542, 0.2594, 0.2434, 0.2430],
        [0.2568, 0.2599, 0.2414, 0.2419]], device='cuda:0',
       grad_fn=<SoftmaxBackward0>)
tensor([[0.2499, 0.2508, 0.2511, 0.2483],
        [0.2482, 0.2526, 0.2508, 0.2484]], device='cuda:0',
       grad_fn=<SoftmaxBackward0>)
tensor([[0.2509, 0.2511, 0.2512, 0.2468],
        [0.2503, 0.2497, 0.2494, 0.2506],
        [0.2501, 0.2528, 0.2509, 0.2462]], device='cuda:0',
       grad_fn=<SoftmaxBackward0>)
tensor([[0.2516, 0.2506, 0.2501, 0.2477],
        [0.2518, 0.2511, 0.2491, 0.2480],
        [0.2514, 0.2513, 0.2479, 0.2494]], device='cuda:0',
       grad_fn=<SoftmaxBackward0>)
tensor([[0.2501, 0.2516, 0.2495, 0.2489],
        [0.2499, 0.2521, 0.2497, 0.2483],
        [0.2507, 0.2512, 0.2490, 0.2490]], device='cuda:0',
       grad_fn=<SoftmaxBackward0>)
tensor([[0.2510, 0.2511, 0.2485, 0.2495],
        [0.2499, 0.2515, 0.2493, 0.2493],
        [0.2509, 0.2522, 0.2496, 0.2473]], device='cuda:0',
       grad_fn=<SoftmaxBackward0>)
tensor([[0.2512, 0.2505, 0.2483, 0.2500],
        [0.2511, 0.2505, 0.2489, 0.2496],
        [0.2505, 0.2514, 0.2503, 0.2478]], device='cuda:0',
       grad_fn=<SoftmaxBackward0>)
tensor([[0.2505, 0.2506, 0.2499, 0.2490],
        [0.2497, 0.2502, 0.2499, 0.2501]], device='cuda:0',
       grad_fn=<SoftmaxBackward0>)
tensor([[0.2495, 0.2501, 0.2509, 0.2495],
        [0.2483, 0.2498, 0.2520, 0.2499],
        [0.2485, 0.2503, 0.2507, 0.2505]], device='cuda:0',
       grad_fn=<SoftmaxBackward0>)
tensor([[0.2491, 0.2503, 0.2512, 0.2494],
        [0.2488, 0.2520, 0.2527, 0.2465],
        [0.2490, 0.2493, 0.2490, 0.2527]], device='cuda:0',
       grad_fn=<SoftmaxBackward0>)
tensor([[0.2499, 0.2495, 0.2510, 0.2497],
        [0.2502, 0.2496, 0.2501, 0.2501],
        [0.2494, 0.2503, 0.2503, 0.2500]], device='cuda:0',
       grad_fn=<SoftmaxBackward0>)
tensor([[0.2488, 0.2476, 0.2479, 0.2557],
        [0.2467, 0.2511, 0.2553, 0.2469],
        [0.2452, 0.2511, 0.2567, 0.2470]], device='cuda:0',
       grad_fn=<SoftmaxBackward0>)
tensor([[0.2472, 0.2508, 0.2551, 0.2468],
        [0.2485, 0.2479, 0.2502, 0.2534],
        [0.2491, 0.2505, 0.2514, 0.2490]], device='cuda:0',
       grad_fn=<SoftmaxBackward0>)
#####################
05/27 07:23:32PM searchStage_trainer.py:211 [INFO] Train: Epoch: [4][50/390]	Step 1614	lr 0.02462	Loss 0.9559 (1.0970)	Prec@(1,5) (60.5%, 95.9%)	
05/27 07:23:48PM searchStage_trainer.py:211 [INFO] Train: Epoch: [4][100/390]	Step 1664	lr 0.02462	Loss 1.0949 (1.0844)	Prec@(1,5) (61.2%, 96.0%)	
05/27 07:24:03PM searchStage_trainer.py:211 [INFO] Train: Epoch: [4][150/390]	Step 1714	lr 0.02462	Loss 1.0849 (1.0961)	Prec@(1,5) (60.6%, 96.1%)	
05/27 07:24:18PM searchStage_trainer.py:211 [INFO] Train: Epoch: [4][200/390]	Step 1764	lr 0.02462	Loss 1.2206 (1.1005)	Prec@(1,5) (60.2%, 96.0%)	
05/27 07:24:34PM searchStage_trainer.py:211 [INFO] Train: Epoch: [4][250/390]	Step 1814	lr 0.02462	Loss 1.2102 (1.0986)	Prec@(1,5) (60.2%, 96.1%)	
05/27 07:24:49PM searchStage_trainer.py:211 [INFO] Train: Epoch: [4][300/390]	Step 1864	lr 0.02462	Loss 0.9613 (1.0933)	Prec@(1,5) (60.6%, 96.1%)	
05/27 07:25:05PM searchStage_trainer.py:211 [INFO] Train: Epoch: [4][350/390]	Step 1914	lr 0.02462	Loss 1.2897 (1.0926)	Prec@(1,5) (60.7%, 96.0%)	
05/27 07:25:17PM searchStage_trainer.py:211 [INFO] Train: Epoch: [4][390/390]	Step 1954	lr 0.02462	Loss 1.0498 (1.0926)	Prec@(1,5) (60.9%, 95.9%)	
05/27 07:25:17PM searchStage_trainer.py:221 [INFO] Train: [  4/49] Final Prec@1 60.8880%
05/27 07:25:20PM searchStage_trainer.py:249 [INFO] Valid: Epoch: [4][50/391]	Step 1955	Loss 1.1054	Prec@(1,5) (59.8%, 96.3%)
05/27 07:25:22PM searchStage_trainer.py:249 [INFO] Valid: Epoch: [4][100/391]	Step 1955	Loss 1.0953	Prec@(1,5) (60.5%, 96.2%)
05/27 07:25:25PM searchStage_trainer.py:249 [INFO] Valid: Epoch: [4][150/391]	Step 1955	Loss 1.0934	Prec@(1,5) (60.7%, 96.3%)
05/27 07:25:27PM searchStage_trainer.py:249 [INFO] Valid: Epoch: [4][200/391]	Step 1955	Loss 1.0921	Prec@(1,5) (60.9%, 96.3%)
05/27 07:25:30PM searchStage_trainer.py:249 [INFO] Valid: Epoch: [4][250/391]	Step 1955	Loss 1.0920	Prec@(1,5) (60.9%, 96.3%)
05/27 07:25:32PM searchStage_trainer.py:249 [INFO] Valid: Epoch: [4][300/391]	Step 1955	Loss 1.0935	Prec@(1,5) (60.9%, 96.2%)
05/27 07:25:35PM searchStage_trainer.py:249 [INFO] Valid: Epoch: [4][350/391]	Step 1955	Loss 1.0988	Prec@(1,5) (60.5%, 96.2%)
05/27 07:25:37PM searchStage_trainer.py:249 [INFO] Valid: Epoch: [4][390/391]	Step 1955	Loss 1.1010	Prec@(1,5) (60.4%, 96.2%)
05/27 07:25:37PM searchStage_trainer.py:260 [INFO] Valid: [  4/49] Final Prec@1 60.3720%
05/27 07:25:37PM searchStage_main.py:53 [INFO] DAG = Genotype2(DAG1=[[('avg_pool_3x3', 1), ('skip_connect', 0)], [('avg_pool_3x3', 2), ('avg_pool_3x3', 1)], [('avg_pool_3x3', 3), ('avg_pool_3x3', 2)], [('avg_pool_3x3', 4), ('avg_pool_3x3', 3)], [('avg_pool_3x3', 5), ('avg_pool_3x3', 4)], [('avg_pool_3x3', 6), ('avg_pool_3x3', 5)]], DAG1_concat=range(6, 8), DAG2=[[('avg_pool_3x3', 1), ('skip_connect', 0)], [('avg_pool_3x3', 2), ('max_pool_3x3', 0)], [('avg_pool_3x3', 3), ('max_pool_3x3', 2)], [('avg_pool_3x3', 4), ('avg_pool_3x3', 3)], [('avg_pool_3x3', 5), ('avg_pool_3x3', 4)], [('avg_pool_3x3', 6), ('max_pool_3x3', 5)]], DAG2_concat=range(6, 8), DAG3=[[('avg_pool_3x3', 0), ('avg_pool_3x3', 1)], [('skip_connect', 2), ('skip_connect', 1)], [('avg_pool_3x3', 3), ('skip_connect', 2)], [('skip_connect', 4), ('max_pool_3x3', 3)], [('skip_connect', 5), ('skip_connect', 4)], [('skip_connect', 6), ('skip_connect', 4)]], DAG3_concat=range(6, 8))
05/27 07:25:37PM searchStage_main.py:68 [INFO] Until now, best Prec@1 = 60.3720%
####### ALPHA #######
# Alpha - DAG
tensor([[0.2488, 0.2594, 0.2595, 0.2324],
        [0.2577, 0.2651, 0.2543, 0.2229]], device='cuda:0',
       grad_fn=<SoftmaxBackward0>)
tensor([[0.2564, 0.2605, 0.2541, 0.2290],
        [0.2517, 0.2649, 0.2583, 0.2251],
        [0.2593, 0.2745, 0.2351, 0.2311]], device='cuda:0',
       grad_fn=<SoftmaxBackward0>)
tensor([[0.2545, 0.2610, 0.2524, 0.2322],
        [0.2580, 0.2701, 0.2436, 0.2283],
        [0.2574, 0.2667, 0.2368, 0.2391]], device='cuda:0',
       grad_fn=<SoftmaxBackward0>)
tensor([[0.2553, 0.2611, 0.2424, 0.2412],
        [0.2589, 0.2620, 0.2431, 0.2360],
        [0.2584, 0.2634, 0.2426, 0.2356]], device='cuda:0',
       grad_fn=<SoftmaxBackward0>)
tensor([[0.2591, 0.2621, 0.2427, 0.2360],
        [0.2606, 0.2634, 0.2351, 0.2410],
        [0.2590, 0.2651, 0.2425, 0.2334]], device='cuda:0',
       grad_fn=<SoftmaxBackward0>)
tensor([[0.2566, 0.2601, 0.2438, 0.2395],
        [0.2548, 0.2609, 0.2427, 0.2416],
        [0.2582, 0.2615, 0.2392, 0.2411]], device='cuda:0',
       grad_fn=<SoftmaxBackward0>)
tensor([[0.2498, 0.2510, 0.2510, 0.2482],
        [0.2481, 0.2528, 0.2509, 0.2482]], device='cuda:0',
       grad_fn=<SoftmaxBackward0>)
tensor([[0.2513, 0.2509, 0.2513, 0.2465],
        [0.2501, 0.2497, 0.2495, 0.2507],
        [0.2500, 0.2531, 0.2511, 0.2458]], device='cuda:0',
       grad_fn=<SoftmaxBackward0>)
tensor([[0.2517, 0.2505, 0.2502, 0.2477],
        [0.2518, 0.2511, 0.2492, 0.2480],
        [0.2514, 0.2515, 0.2480, 0.2490]], device='cuda:0',
       grad_fn=<SoftmaxBackward0>)
tensor([[0.2501, 0.2517, 0.2497, 0.2485],
        [0.2500, 0.2520, 0.2497, 0.2483],
        [0.2509, 0.2512, 0.2488, 0.2490]], device='cuda:0',
       grad_fn=<SoftmaxBackward0>)
tensor([[0.2509, 0.2512, 0.2488, 0.2491],
        [0.2498, 0.2517, 0.2492, 0.2493],
        [0.2510, 0.2523, 0.2494, 0.2474]], device='cuda:0',
       grad_fn=<SoftmaxBackward0>)
tensor([[0.2512, 0.2506, 0.2485, 0.2497],
        [0.2510, 0.2505, 0.2486, 0.2499],
        [0.2505, 0.2515, 0.2506, 0.2474]], device='cuda:0',
       grad_fn=<SoftmaxBackward0>)
tensor([[0.2505, 0.2506, 0.2500, 0.2489],
        [0.2496, 0.2502, 0.2500, 0.2502]], device='cuda:0',
       grad_fn=<SoftmaxBackward0>)
tensor([[0.2495, 0.2501, 0.2511, 0.2493],
        [0.2480, 0.2499, 0.2523, 0.2498],
        [0.2484, 0.2503, 0.2507, 0.2506]], device='cuda:0',
       grad_fn=<SoftmaxBackward0>)
tensor([[0.2490, 0.2503, 0.2513, 0.2494],
        [0.2487, 0.2521, 0.2531, 0.2461],
        [0.2488, 0.2493, 0.2490, 0.2530]], device='cuda:0',
       grad_fn=<SoftmaxBackward0>)
tensor([[0.2498, 0.2494, 0.2512, 0.2496],
        [0.2502, 0.2496, 0.2502, 0.2500],
        [0.2493, 0.2502, 0.2504, 0.2501]], device='cuda:0',
       grad_fn=<SoftmaxBackward0>)
tensor([[0.2487, 0.2472, 0.2476, 0.2565],
        [0.2463, 0.2512, 0.2560, 0.2465],
        [0.2446, 0.2512, 0.2576, 0.2466]], device='cuda:0',
       grad_fn=<SoftmaxBackward0>)
tensor([[0.2468, 0.2509, 0.2559, 0.2464],
        [0.2483, 0.2477, 0.2501, 0.2539],
        [0.2490, 0.2505, 0.2516, 0.2488]], device='cuda:0',
       grad_fn=<SoftmaxBackward0>)
#####################
05/27 07:25:53PM searchStage_trainer.py:211 [INFO] Train: Epoch: [5][50/390]	Step 2005	lr 0.02441	Loss 1.4643 (1.0256)	Prec@(1,5) (63.7%, 96.4%)	
05/27 07:26:09PM searchStage_trainer.py:211 [INFO] Train: Epoch: [5][100/390]	Step 2055	lr 0.02441	Loss 1.1857 (1.0168)	Prec@(1,5) (63.5%, 96.8%)	
05/27 07:26:24PM searchStage_trainer.py:211 [INFO] Train: Epoch: [5][150/390]	Step 2105	lr 0.02441	Loss 0.9533 (1.0116)	Prec@(1,5) (63.7%, 96.7%)	
05/27 07:26:39PM searchStage_trainer.py:211 [INFO] Train: Epoch: [5][200/390]	Step 2155	lr 0.02441	Loss 0.8767 (1.0092)	Prec@(1,5) (63.8%, 96.8%)	
05/27 07:26:55PM searchStage_trainer.py:211 [INFO] Train: Epoch: [5][250/390]	Step 2205	lr 0.02441	Loss 0.9125 (1.0034)	Prec@(1,5) (64.2%, 96.9%)	
05/27 07:27:10PM searchStage_trainer.py:211 [INFO] Train: Epoch: [5][300/390]	Step 2255	lr 0.02441	Loss 1.0405 (0.9981)	Prec@(1,5) (64.4%, 96.9%)	
05/27 07:27:25PM searchStage_trainer.py:211 [INFO] Train: Epoch: [5][350/390]	Step 2305	lr 0.02441	Loss 0.8168 (0.9908)	Prec@(1,5) (64.8%, 96.9%)	
05/27 07:27:38PM searchStage_trainer.py:211 [INFO] Train: Epoch: [5][390/390]	Step 2345	lr 0.02441	Loss 1.1037 (0.9872)	Prec@(1,5) (64.9%, 97.0%)	
05/27 07:27:38PM searchStage_trainer.py:221 [INFO] Train: [  5/49] Final Prec@1 64.9400%
05/27 07:27:41PM searchStage_trainer.py:249 [INFO] Valid: Epoch: [5][50/391]	Step 2346	Loss 1.0301	Prec@(1,5) (63.2%, 96.7%)
05/27 07:27:43PM searchStage_trainer.py:249 [INFO] Valid: Epoch: [5][100/391]	Step 2346	Loss 1.0309	Prec@(1,5) (63.0%, 96.6%)
05/27 07:27:46PM searchStage_trainer.py:249 [INFO] Valid: Epoch: [5][150/391]	Step 2346	Loss 1.0420	Prec@(1,5) (63.0%, 96.4%)
05/27 07:27:48PM searchStage_trainer.py:249 [INFO] Valid: Epoch: [5][200/391]	Step 2346	Loss 1.0431	Prec@(1,5) (63.1%, 96.4%)
