05/30 09:22:20PM parser.py:28 [INFO] 
05/30 09:22:20PM parser.py:29 [INFO] Parameters:
05/30 09:22:20PM parser.py:31 [INFO] DAG_PATH=results/search_Stage/CIFAR10/SCRATCH_SIMPLE_SPEC/EXP-20240530-212220/DAG
05/30 09:22:20PM parser.py:31 [INFO] ALPHA_LR=0.0003
05/30 09:22:20PM parser.py:31 [INFO] ALPHA_WEIGHT_DECAY=0.001
05/30 09:22:20PM parser.py:31 [INFO] BATCH_SIZE=64
05/30 09:22:20PM parser.py:31 [INFO] CHECKPOINT_RESET=False
05/30 09:22:20PM parser.py:31 [INFO] DATA_PATH=../data/
05/30 09:22:20PM parser.py:31 [INFO] DATASET=CIFAR10
05/30 09:22:20PM parser.py:31 [INFO] EPOCHS=50
05/30 09:22:20PM parser.py:31 [INFO] EXP_NAME=EXP-20240530-212220
05/30 09:22:20PM parser.py:31 [INFO] GENOTYPE=Genotype(normal=[[('sep_conv_3x3', 0), ('skip_connect', 1)], [('skip_connect', 1), ('dil_conv_3x3', 2)], [('sep_conv_3x3', 1), ('dil_conv_3x3', 3)], [('sep_conv_3x3', 1), ('sep_conv_5x5', 4)]], normal_concat=range(2, 6), reduce=[[('sep_conv_3x3', 0), ('sep_conv_3x3', 1)], [('none', 1), ('avg_pool_3x3', 2)], [('skip_connect', 2), ('sep_conv_5x5', 3)], [('none', 3), ('avg_pool_3x3', 4)]], reduce_concat=range(2, 6))
05/30 09:22:20PM parser.py:31 [INFO] GPUS=[1]
05/30 09:22:20PM parser.py:31 [INFO] INIT_CHANNELS=16
05/30 09:22:20PM parser.py:31 [INFO] LAYERS=20
05/30 09:22:20PM parser.py:31 [INFO] LOCAL_RANK=0
05/30 09:22:20PM parser.py:31 [INFO] LOGGER=<Logger H-DAS (INFO)>
05/30 09:22:20PM parser.py:31 [INFO] NAME=SCRATCH_SIMPLE_SPEC
05/30 09:22:20PM parser.py:31 [INFO] PATH=results/search_Stage/CIFAR10/SCRATCH_SIMPLE_SPEC/EXP-20240530-212220
05/30 09:22:20PM parser.py:31 [INFO] PRINT_FREQ=50
05/30 09:22:20PM parser.py:31 [INFO] RESUME_PATH=None
05/30 09:22:20PM parser.py:31 [INFO] SAVE=EXP
05/30 09:22:20PM parser.py:31 [INFO] SEED=1
05/30 09:22:20PM parser.py:31 [INFO] SHARE_STAGE=False
05/30 09:22:20PM parser.py:31 [INFO] SPEC_CELL=False
05/30 09:22:20PM parser.py:31 [INFO] TRAIN_PORTION=0.5
05/30 09:22:20PM parser.py:31 [INFO] W_GRAD_CLIP=5.0
05/30 09:22:20PM parser.py:31 [INFO] W_LR=0.025
05/30 09:22:20PM parser.py:31 [INFO] W_LR_MIN=0.001
05/30 09:22:20PM parser.py:31 [INFO] W_MOMENTUM=0.9
05/30 09:22:20PM parser.py:31 [INFO] W_WEIGHT_DECAY=0.0003
05/30 09:22:20PM parser.py:31 [INFO] WORKERS=4
05/30 09:22:20PM parser.py:32 [INFO] 
05/30 09:22:22PM searchStage_trainer.py:103 [INFO] --> No loaded checkpoint!
####### ALPHA #######
# Alpha - DAG
tensor([[0.2501, 0.2500, 0.2499, 0.2501],
        [0.2500, 0.2501, 0.2497, 0.2502]], device='cuda:1',
       grad_fn=<SoftmaxBackward0>)
tensor([[0.2499, 0.2500, 0.2499, 0.2501],
        [0.2500, 0.2498, 0.2501, 0.2501],
        [0.2501, 0.2500, 0.2498, 0.2501]], device='cuda:1',
       grad_fn=<SoftmaxBackward0>)
tensor([[0.2508, 0.2494, 0.2503, 0.2496],
        [0.2498, 0.2496, 0.2501, 0.2504],
        [0.2502, 0.2498, 0.2498, 0.2502]], device='cuda:1',
       grad_fn=<SoftmaxBackward0>)
tensor([[0.2501, 0.2495, 0.2503, 0.2501],
        [0.2502, 0.2499, 0.2498, 0.2501],
        [0.2500, 0.2501, 0.2498, 0.2501]], device='cuda:1',
       grad_fn=<SoftmaxBackward0>)
tensor([[0.2499, 0.2502, 0.2501, 0.2498],
        [0.2499, 0.2502, 0.2500, 0.2499],
        [0.2497, 0.2503, 0.2501, 0.2499]], device='cuda:1',
       grad_fn=<SoftmaxBackward0>)
tensor([[0.2501, 0.2498, 0.2501, 0.2500],
        [0.2495, 0.2498, 0.2503, 0.2503],
        [0.2499, 0.2503, 0.2497, 0.2501]], device='cuda:1',
       grad_fn=<SoftmaxBackward0>)
tensor([[0.2498, 0.2499, 0.2501, 0.2502],
        [0.2500, 0.2503, 0.2496, 0.2501]], device='cuda:1',
       grad_fn=<SoftmaxBackward0>)
tensor([[0.2500, 0.2502, 0.2500, 0.2498],
        [0.2501, 0.2499, 0.2502, 0.2498],
        [0.2504, 0.2499, 0.2502, 0.2495]], device='cuda:1',
       grad_fn=<SoftmaxBackward0>)
tensor([[0.2499, 0.2498, 0.2503, 0.2500],
        [0.2498, 0.2502, 0.2502, 0.2498],
        [0.2502, 0.2502, 0.2502, 0.2494]], device='cuda:1',
       grad_fn=<SoftmaxBackward0>)
tensor([[0.2502, 0.2499, 0.2497, 0.2502],
        [0.2500, 0.2498, 0.2499, 0.2503],
        [0.2502, 0.2498, 0.2503, 0.2497]], device='cuda:1',
       grad_fn=<SoftmaxBackward0>)
tensor([[0.2500, 0.2499, 0.2500, 0.2501],
        [0.2501, 0.2498, 0.2500, 0.2502],
        [0.2500, 0.2497, 0.2503, 0.2500]], device='cuda:1',
       grad_fn=<SoftmaxBackward0>)
tensor([[0.2497, 0.2501, 0.2500, 0.2501],
        [0.2499, 0.2505, 0.2498, 0.2498],
        [0.2502, 0.2500, 0.2500, 0.2499]], device='cuda:1',
       grad_fn=<SoftmaxBackward0>)
tensor([[0.2502, 0.2499, 0.2499, 0.2500],
        [0.2501, 0.2502, 0.2499, 0.2497]], device='cuda:1',
       grad_fn=<SoftmaxBackward0>)
tensor([[0.2499, 0.2501, 0.2499, 0.2501],
        [0.2499, 0.2504, 0.2494, 0.2504],
        [0.2499, 0.2501, 0.2501, 0.2499]], device='cuda:1',
       grad_fn=<SoftmaxBackward0>)
tensor([[0.2500, 0.2503, 0.2498, 0.2499],
        [0.2501, 0.2503, 0.2499, 0.2497],
        [0.2500, 0.2500, 0.2499, 0.2500]], device='cuda:1',
       grad_fn=<SoftmaxBackward0>)
tensor([[0.2499, 0.2499, 0.2503, 0.2498],
        [0.2498, 0.2502, 0.2498, 0.2502],
        [0.2499, 0.2500, 0.2505, 0.2497]], device='cuda:1',
       grad_fn=<SoftmaxBackward0>)
tensor([[0.2500, 0.2499, 0.2500, 0.2500],
        [0.2499, 0.2499, 0.2500, 0.2501],
        [0.2499, 0.2500, 0.2500, 0.2501]], device='cuda:1',
       grad_fn=<SoftmaxBackward0>)
tensor([[0.2497, 0.2500, 0.2500, 0.2503],
        [0.2495, 0.2498, 0.2503, 0.2504],
        [0.2498, 0.2498, 0.2501, 0.2503]], device='cuda:1',
       grad_fn=<SoftmaxBackward0>)
#####################
05/30 09:22:53PM searchStage_trainer.py:211 [INFO] Train: Epoch: [0][50/390]	Step 50	lr 0.025	Loss 2.2157 (2.2955)	Prec@(1,5) (16.1%, 64.0%)	
05/30 09:23:21PM searchStage_trainer.py:211 [INFO] Train: Epoch: [0][100/390]	Step 100	lr 0.025	Loss 2.1002 (2.2189)	Prec@(1,5) (18.8%, 69.4%)	
05/30 09:23:48PM searchStage_trainer.py:211 [INFO] Train: Epoch: [0][150/390]	Step 150	lr 0.025	Loss 1.9663 (2.1399)	Prec@(1,5) (20.9%, 72.9%)	
05/30 09:24:16PM searchStage_trainer.py:211 [INFO] Train: Epoch: [0][200/390]	Step 200	lr 0.025	Loss 1.7989 (2.0868)	Prec@(1,5) (22.8%, 75.1%)	
05/30 09:24:44PM searchStage_trainer.py:211 [INFO] Train: Epoch: [0][250/390]	Step 250	lr 0.025	Loss 1.8667 (2.0344)	Prec@(1,5) (24.4%, 77.1%)	
05/30 09:25:12PM searchStage_trainer.py:211 [INFO] Train: Epoch: [0][300/390]	Step 300	lr 0.025	Loss 1.7302 (1.9975)	Prec@(1,5) (25.6%, 78.6%)	
05/30 09:25:40PM searchStage_trainer.py:211 [INFO] Train: Epoch: [0][350/390]	Step 350	lr 0.025	Loss 1.5659 (1.9542)	Prec@(1,5) (27.0%, 80.0%)	
05/30 09:26:03PM searchStage_trainer.py:211 [INFO] Train: Epoch: [0][390/390]	Step 390	lr 0.025	Loss 1.5980 (1.9271)	Prec@(1,5) (28.0%, 80.9%)	
05/30 09:26:04PM searchStage_trainer.py:221 [INFO] Train: [  0/49] Final Prec@1 28.0120%
05/30 09:26:09PM searchStage_trainer.py:249 [INFO] Valid: Epoch: [0][50/391]	Step 391	Loss 1.7517	Prec@(1,5) (32.9%, 87.0%)
05/30 09:26:14PM searchStage_trainer.py:249 [INFO] Valid: Epoch: [0][100/391]	Step 391	Loss 1.7622	Prec@(1,5) (32.9%, 86.8%)
05/30 09:26:19PM searchStage_trainer.py:249 [INFO] Valid: Epoch: [0][150/391]	Step 391	Loss 1.7566	Prec@(1,5) (33.3%, 86.7%)
05/30 09:26:23PM searchStage_trainer.py:249 [INFO] Valid: Epoch: [0][200/391]	Step 391	Loss 1.7550	Prec@(1,5) (33.5%, 86.7%)
05/30 09:26:28PM searchStage_trainer.py:249 [INFO] Valid: Epoch: [0][250/391]	Step 391	Loss 1.7533	Prec@(1,5) (33.6%, 86.7%)
05/30 09:26:32PM searchStage_trainer.py:249 [INFO] Valid: Epoch: [0][300/391]	Step 391	Loss 1.7537	Prec@(1,5) (33.7%, 86.6%)
05/30 09:26:37PM searchStage_trainer.py:249 [INFO] Valid: Epoch: [0][350/391]	Step 391	Loss 1.7529	Prec@(1,5) (33.6%, 86.7%)
05/30 09:26:41PM searchStage_trainer.py:249 [INFO] Valid: Epoch: [0][390/391]	Step 391	Loss 1.7555	Prec@(1,5) (33.5%, 86.6%)
05/30 09:26:41PM searchStage_trainer.py:260 [INFO] Valid: [  0/49] Final Prec@1 33.4320%
05/30 09:26:41PM searchStage_main.py:59 [INFO] DAG = Genotype2(DAG1=[[('skip_connect', 0), ('avg_pool_3x3', 1)], [('avg_pool_3x3', 2), ('avg_pool_3x3', 1)], [('avg_pool_3x3', 2), ('avg_pool_3x3', 3)], [('avg_pool_3x3', 4), ('avg_pool_3x3', 3)], [('avg_pool_3x3', 5), ('avg_pool_3x3', 4)], [('avg_pool_3x3', 6), ('avg_pool_3x3', 4)]], DAG1_concat=range(6, 8), DAG2=[[('skip_connect', 0), ('avg_pool_3x3', 1)], [('avg_pool_3x3', 2), ('max_pool_3x3', 1)], [('avg_pool_3x3', 2), ('avg_pool_3x3', 3)], [('max_pool_3x3', 4), ('max_pool_3x3', 2)], [('max_pool_3x3', 3), ('max_pool_3x3', 4)], [('avg_pool_3x3', 6), ('avg_pool_3x3', 5)]], DAG2_concat=range(6, 8), DAG3=[[('avg_pool_3x3', 1), ('skip_connect', 0)], [('avg_pool_3x3', 2), ('avg_pool_3x3', 0)], [('avg_pool_3x3', 3), ('avg_pool_3x3', 2)], [('skip_connect', 4), ('skip_connect', 2)], [('skip_connect', 4), ('skip_connect', 5)], [('skip_connect', 4), ('skip_connect', 5)]], DAG3_concat=range(6, 8))
05/30 09:26:41PM searchStage_main.py:79 [INFO] Until now, best Prec@1 = 33.4320%
####### ALPHA #######
# Alpha - DAG
tensor([[0.2486, 0.2522, 0.2533, 0.2459],
        [0.2503, 0.2527, 0.2509, 0.2461]], device='cuda:1',
       grad_fn=<SoftmaxBackward0>)
tensor([[0.2463, 0.2524, 0.2540, 0.2472],
        [0.2518, 0.2553, 0.2533, 0.2395],
        [0.2508, 0.2586, 0.2433, 0.2473]], device='cuda:1',
       grad_fn=<SoftmaxBackward0>)
tensor([[0.2528, 0.2526, 0.2520, 0.2426],
        [0.2535, 0.2581, 0.2502, 0.2382],
        [0.2533, 0.2561, 0.2419, 0.2487]], device='cuda:1',
       grad_fn=<SoftmaxBackward0>)
tensor([[0.2533, 0.2551, 0.2484, 0.2431],
        [0.2507, 0.2581, 0.2458, 0.2453],
        [0.2526, 0.2574, 0.2463, 0.2438]], device='cuda:1',
       grad_fn=<SoftmaxBackward0>)
tensor([[0.2555, 0.2542, 0.2432, 0.2471],
        [0.2546, 0.2580, 0.2464, 0.2410],
        [0.2549, 0.2601, 0.2449, 0.2401]], device='cuda:1',
       grad_fn=<SoftmaxBackward0>)
tensor([[0.2526, 0.2555, 0.2490, 0.2429],
        [0.2499, 0.2562, 0.2462, 0.2478],
        [0.2517, 0.2572, 0.2456, 0.2456]], device='cuda:1',
       grad_fn=<SoftmaxBackward0>)
tensor([[0.2492, 0.2497, 0.2512, 0.2498],
        [0.2496, 0.2511, 0.2504, 0.2489]], device='cuda:1',
       grad_fn=<SoftmaxBackward0>)
tensor([[0.2505, 0.2497, 0.2505, 0.2493],
        [0.2520, 0.2500, 0.2505, 0.2475],
        [0.2510, 0.2511, 0.2487, 0.2492]], device='cuda:1',
       grad_fn=<SoftmaxBackward0>)
tensor([[0.2498, 0.2501, 0.2506, 0.2496],
        [0.2503, 0.2519, 0.2503, 0.2475],
        [0.2508, 0.2510, 0.2484, 0.2498]], device='cuda:1',
       grad_fn=<SoftmaxBackward0>)
tensor([[0.2511, 0.2502, 0.2493, 0.2494],
        [0.2507, 0.2504, 0.2494, 0.2495],
        [0.2508, 0.2501, 0.2499, 0.2493]], device='cuda:1',
       grad_fn=<SoftmaxBackward0>)
tensor([[0.2514, 0.2503, 0.2495, 0.2488],
        [0.2513, 0.2503, 0.2492, 0.2492],
        [0.2507, 0.2499, 0.2486, 0.2509]], device='cuda:1',
       grad_fn=<SoftmaxBackward0>)
tensor([[0.2492, 0.2506, 0.2498, 0.2504],
        [0.2503, 0.2507, 0.2494, 0.2495],
        [0.2502, 0.2507, 0.2501, 0.2490]], device='cuda:1',
       grad_fn=<SoftmaxBackward0>)
tensor([[0.2498, 0.2499, 0.2501, 0.2502],
        [0.2495, 0.2507, 0.2503, 0.2495]], device='cuda:1',
       grad_fn=<SoftmaxBackward0>)
tensor([[0.2496, 0.2508, 0.2501, 0.2495],
        [0.2493, 0.2505, 0.2491, 0.2511],
        [0.2492, 0.2508, 0.2503, 0.2497]], device='cuda:1',
       grad_fn=<SoftmaxBackward0>)
tensor([[0.2494, 0.2506, 0.2499, 0.2500],
        [0.2494, 0.2505, 0.2496, 0.2504],
        [0.2490, 0.2512, 0.2508, 0.2491]], device='cuda:1',
       grad_fn=<SoftmaxBackward0>)
tensor([[0.2497, 0.2501, 0.2505, 0.2497],
        [0.2497, 0.2504, 0.2493, 0.2506],
        [0.2497, 0.2505, 0.2507, 0.2492]], device='cuda:1',
       grad_fn=<SoftmaxBackward0>)
tensor([[0.2494, 0.2487, 0.2494, 0.2525],
        [0.2484, 0.2510, 0.2521, 0.2486],
        [0.2481, 0.2507, 0.2520, 0.2491]], device='cuda:1',
       grad_fn=<SoftmaxBackward0>)
tensor([[0.2449, 0.2521, 0.2540, 0.2489],
        [0.2443, 0.2521, 0.2536, 0.2500],
        [0.2463, 0.2503, 0.2515, 0.2520]], device='cuda:1',
       grad_fn=<SoftmaxBackward0>)
#####################
05/30 09:27:11午後 searchStage_trainer.py:211 [INFO] Train: Epoch: [1][50/390]	Step 441	lr 0.02498	Loss 2.0065 (1.6991)	Prec@(1,5) (36.7%, 88.1%)	
05/30 09:27:39午後 searchStage_trainer.py:211 [INFO] Train: Epoch: [1][100/390]	Step 491	lr 0.02498	Loss 1.5054 (1.6685)	Prec@(1,5) (38.0%, 88.7%)	
05/30 09:28:06午後 searchStage_trainer.py:211 [INFO] Train: Epoch: [1][150/390]	Step 541	lr 0.02498	Loss 1.5256 (1.6503)	Prec@(1,5) (38.7%, 88.9%)	
05/30 09:28:34午後 searchStage_trainer.py:211 [INFO] Train: Epoch: [1][200/390]	Step 591	lr 0.02498	Loss 1.3575 (1.6366)	Prec@(1,5) (39.3%, 89.0%)	
05/30 09:29:02午後 searchStage_trainer.py:211 [INFO] Train: Epoch: [1][250/390]	Step 641	lr 0.02498	Loss 1.3524 (1.6210)	Prec@(1,5) (39.9%, 89.4%)	
05/30 09:29:30午後 searchStage_trainer.py:211 [INFO] Train: Epoch: [1][300/390]	Step 691	lr 0.02498	Loss 1.4510 (1.6066)	Prec@(1,5) (40.6%, 89.6%)	
05/30 09:29:58午後 searchStage_trainer.py:211 [INFO] Train: Epoch: [1][350/390]	Step 741	lr 0.02498	Loss 1.5536 (1.5944)	Prec@(1,5) (41.0%, 90.0%)	
05/30 09:30:21午後 searchStage_trainer.py:211 [INFO] Train: Epoch: [1][390/390]	Step 781	lr 0.02498	Loss 1.3312 (1.5868)	Prec@(1,5) (41.4%, 90.1%)	
05/30 09:30:21午後 searchStage_trainer.py:221 [INFO] Train: [  1/49] Final Prec@1 41.4040%
05/30 09:30:26午後 searchStage_trainer.py:249 [INFO] Valid: Epoch: [1][50/391]	Step 782	Loss 1.6243	Prec@(1,5) (38.7%, 89.7%)
05/30 09:30:30午後 searchStage_trainer.py:249 [INFO] Valid: Epoch: [1][100/391]	Step 782	Loss 1.6352	Prec@(1,5) (38.0%, 89.5%)
05/30 09:30:35午後 searchStage_trainer.py:249 [INFO] Valid: Epoch: [1][150/391]	Step 782	Loss 1.6316	Prec@(1,5) (38.4%, 89.3%)
05/30 09:30:40午後 searchStage_trainer.py:249 [INFO] Valid: Epoch: [1][200/391]	Step 782	Loss 1.6254	Prec@(1,5) (39.0%, 89.5%)
05/30 09:30:44午後 searchStage_trainer.py:249 [INFO] Valid: Epoch: [1][250/391]	Step 782	Loss 1.6265	Prec@(1,5) (39.1%, 89.4%)
05/30 09:30:49午後 searchStage_trainer.py:249 [INFO] Valid: Epoch: [1][300/391]	Step 782	Loss 1.6287	Prec@(1,5) (39.0%, 89.4%)
05/30 09:30:53午後 searchStage_trainer.py:249 [INFO] Valid: Epoch: [1][350/391]	Step 782	Loss 1.6312	Prec@(1,5) (38.7%, 89.4%)
05/30 09:30:57午後 searchStage_trainer.py:249 [INFO] Valid: Epoch: [1][390/391]	Step 782	Loss 1.6303	Prec@(1,5) (38.8%, 89.3%)
05/30 09:30:57午後 searchStage_trainer.py:260 [INFO] Valid: [  1/49] Final Prec@1 38.8240%
05/30 09:30:57午後 searchStage_main.py:59 [INFO] DAG = Genotype2(DAG1=[[('avg_pool_3x3', 1), ('avg_pool_3x3', 0)], [('avg_pool_3x3', 2), ('avg_pool_3x3', 0)], [('avg_pool_3x3', 2), ('avg_pool_3x3', 3)], [('avg_pool_3x3', 4), ('avg_pool_3x3', 2)], [('avg_pool_3x3', 5), ('avg_pool_3x3', 4)], [('avg_pool_3x3', 5), ('avg_pool_3x3', 4)]], DAG1_concat=range(6, 8), DAG2=[[('skip_connect', 0), ('avg_pool_3x3', 1)], [('avg_pool_3x3', 2), ('max_pool_3x3', 1)], [('avg_pool_3x3', 3), ('avg_pool_3x3', 2)], [('max_pool_3x3', 4), ('max_pool_3x3', 3)], [('max_pool_3x3', 5), ('max_pool_3x3', 4)], [('avg_pool_3x3', 6), ('avg_pool_3x3', 5)]], DAG2_concat=range(6, 8), DAG3=[[('avg_pool_3x3', 1), ('skip_connect', 0)], [('avg_pool_3x3', 2), ('avg_pool_3x3', 0)], [('avg_pool_3x3', 3), ('avg_pool_3x3', 2)], [('skip_connect', 4), ('avg_pool_3x3', 3)], [('skip_connect', 5), ('skip_connect', 4)], [('skip_connect', 4), ('skip_connect', 5)]], DAG3_concat=range(6, 8))
05/30 09:30:58午後 searchStage_main.py:79 [INFO] Until now, best Prec@1 = 38.8240%
####### ALPHA #######
# Alpha - DAG
tensor([[0.2500, 0.2550, 0.2522, 0.2429],
        [0.2555, 0.2570, 0.2486, 0.2389]], device='cuda:1',
       grad_fn=<SoftmaxBackward0>)
tensor([[0.2440, 0.2607, 0.2532, 0.2421],
        [0.2508, 0.2592, 0.2562, 0.2338],
        [0.2504, 0.2704, 0.2392, 0.2399]], device='cuda:1',
       grad_fn=<SoftmaxBackward0>)
tensor([[0.2526, 0.2570, 0.2547, 0.2357],
        [0.2560, 0.2697, 0.2490, 0.2253],
        [0.2557, 0.2639, 0.2347, 0.2457]], device='cuda:1',
       grad_fn=<SoftmaxBackward0>)
tensor([[0.2537, 0.2641, 0.2466, 0.2357],
        [0.2541, 0.2657, 0.2414, 0.2388],
        [0.2544, 0.2670, 0.2418, 0.2368]], device='cuda:1',
       grad_fn=<SoftmaxBackward0>)
tensor([[0.2575, 0.2616, 0.2400, 0.2409],
        [0.2598, 0.2654, 0.2437, 0.2311],
        [0.2581, 0.2678, 0.2392, 0.2349]], device='cuda:1',
       grad_fn=<SoftmaxBackward0>)
tensor([[0.2580, 0.2607, 0.2450, 0.2364],
        [0.2531, 0.2624, 0.2422, 0.2423],
        [0.2548, 0.2621, 0.2421, 0.2410]], device='cuda:1',
       grad_fn=<SoftmaxBackward0>)
tensor([[0.2483, 0.2504, 0.2520, 0.2494],
        [0.2497, 0.2517, 0.2504, 0.2482]], device='cuda:1',
       grad_fn=<SoftmaxBackward0>)
tensor([[0.2508, 0.2493, 0.2510, 0.2489],
        [0.2529, 0.2510, 0.2512, 0.2449],
        [0.2517, 0.2521, 0.2472, 0.2490]], device='cuda:1',
       grad_fn=<SoftmaxBackward0>)
tensor([[0.2495, 0.2501, 0.2511, 0.2494],
        [0.2513, 0.2528, 0.2489, 0.2469],
        [0.2517, 0.2518, 0.2482, 0.2483]], device='cuda:1',
       grad_fn=<SoftmaxBackward0>)
tensor([[0.2506, 0.2510, 0.2495, 0.2489],
        [0.2512, 0.2512, 0.2493, 0.2482],
        [0.2515, 0.2507, 0.2488, 0.2491]], device='cuda:1',
       grad_fn=<SoftmaxBackward0>)
tensor([[0.2515, 0.2512, 0.2496, 0.2477],
        [0.2524, 0.2508, 0.2479, 0.2488],
        [0.2516, 0.2501, 0.2476, 0.2508]], device='cuda:1',
       grad_fn=<SoftmaxBackward0>)
tensor([[0.2496, 0.2509, 0.2488, 0.2506],
        [0.2509, 0.2511, 0.2490, 0.2490],
        [0.2508, 0.2513, 0.2495, 0.2484]], device='cuda:1',
       grad_fn=<SoftmaxBackward0>)
tensor([[0.2495, 0.2499, 0.2501, 0.2505],
        [0.2488, 0.2514, 0.2505, 0.2492]], device='cuda:1',
       grad_fn=<SoftmaxBackward0>)
tensor([[0.2490, 0.2514, 0.2505, 0.2490],
        [0.2490, 0.2504, 0.2492, 0.2514],
        [0.2485, 0.2511, 0.2505, 0.2498]], device='cuda:1',
       grad_fn=<SoftmaxBackward0>)
tensor([[0.2488, 0.2509, 0.2500, 0.2504],
        [0.2486, 0.2509, 0.2497, 0.2509],
        [0.2479, 0.2522, 0.2518, 0.2480]], device='cuda:1',
       grad_fn=<SoftmaxBackward0>)
tensor([[0.2493, 0.2504, 0.2508, 0.2495],
        [0.2494, 0.2505, 0.2491, 0.2510],
        [0.2495, 0.2508, 0.2509, 0.2488]], device='cuda:1',
       grad_fn=<SoftmaxBackward0>)
tensor([[0.2487, 0.2477, 0.2488, 0.2547],
        [0.2468, 0.2520, 0.2539, 0.2472],
        [0.2469, 0.2512, 0.2536, 0.2483]], device='cuda:1',
       grad_fn=<SoftmaxBackward0>)
tensor([[0.2408, 0.2539, 0.2575, 0.2478],
        [0.2400, 0.2539, 0.2564, 0.2498],
        [0.2432, 0.2507, 0.2528, 0.2533]], device='cuda:1',
       grad_fn=<SoftmaxBackward0>)
#####################
05/30 09:31:26午後 searchStage_trainer.py:211 [INFO] Train: Epoch: [2][50/390]	Step 832	lr 0.02491	Loss 1.4064 (1.4923)	Prec@(1,5) (44.5%, 92.2%)	
05/30 09:31:54午後 searchStage_trainer.py:211 [INFO] Train: Epoch: [2][100/390]	Step 882	lr 0.02491	Loss 1.5943 (1.4703)	Prec@(1,5) (45.7%, 92.1%)	
05/30 09:32:22午後 searchStage_trainer.py:211 [INFO] Train: Epoch: [2][150/390]	Step 932	lr 0.02491	Loss 1.3847 (1.4492)	Prec@(1,5) (46.6%, 92.3%)	
05/30 09:32:50午後 searchStage_trainer.py:211 [INFO] Train: Epoch: [2][200/390]	Step 982	lr 0.02491	Loss 1.3227 (1.4359)	Prec@(1,5) (47.3%, 92.5%)	
05/30 09:33:18午後 searchStage_trainer.py:211 [INFO] Train: Epoch: [2][250/390]	Step 1032	lr 0.02491	Loss 1.2280 (1.4225)	Prec@(1,5) (48.0%, 92.5%)	
05/30 09:33:46午後 searchStage_trainer.py:211 [INFO] Train: Epoch: [2][300/390]	Step 1082	lr 0.02491	Loss 1.4705 (1.4147)	Prec@(1,5) (48.5%, 92.7%)	
05/30 09:34:14午後 searchStage_trainer.py:211 [INFO] Train: Epoch: [2][350/390]	Step 1132	lr 0.02491	Loss 1.4210 (1.4031)	Prec@(1,5) (48.9%, 92.8%)	
05/30 09:34:37午後 searchStage_trainer.py:211 [INFO] Train: Epoch: [2][390/390]	Step 1172	lr 0.02491	Loss 1.4256 (1.3994)	Prec@(1,5) (49.0%, 92.9%)	
05/30 09:34:37午後 searchStage_trainer.py:221 [INFO] Train: [  2/49] Final Prec@1 48.9440%
05/30 09:34:42午後 searchStage_trainer.py:249 [INFO] Valid: Epoch: [2][50/391]	Step 1173	Loss 1.3478	Prec@(1,5) (50.5%, 93.9%)
05/30 09:34:46午後 searchStage_trainer.py:249 [INFO] Valid: Epoch: [2][100/391]	Step 1173	Loss 1.3615	Prec@(1,5) (50.2%, 93.5%)
05/30 09:34:51午後 searchStage_trainer.py:249 [INFO] Valid: Epoch: [2][150/391]	Step 1173	Loss 1.3663	Prec@(1,5) (50.0%, 93.5%)
05/30 09:34:56午後 searchStage_trainer.py:249 [INFO] Valid: Epoch: [2][200/391]	Step 1173	Loss 1.3599	Prec@(1,5) (50.5%, 93.6%)
05/30 09:35:00午後 searchStage_trainer.py:249 [INFO] Valid: Epoch: [2][250/391]	Step 1173	Loss 1.3607	Prec@(1,5) (50.2%, 93.6%)
05/30 09:35:05午後 searchStage_trainer.py:249 [INFO] Valid: Epoch: [2][300/391]	Step 1173	Loss 1.3632	Prec@(1,5) (50.2%, 93.5%)
05/30 09:35:09午後 searchStage_trainer.py:249 [INFO] Valid: Epoch: [2][350/391]	Step 1173	Loss 1.3638	Prec@(1,5) (50.3%, 93.5%)
05/30 09:35:13午後 searchStage_trainer.py:249 [INFO] Valid: Epoch: [2][390/391]	Step 1173	Loss 1.3606	Prec@(1,5) (50.5%, 93.4%)
05/30 09:35:13午後 searchStage_trainer.py:260 [INFO] Valid: [  2/49] Final Prec@1 50.5360%
05/30 09:35:13午後 searchStage_main.py:59 [INFO] DAG = Genotype2(DAG1=[[('avg_pool_3x3', 0), ('avg_pool_3x3', 1)], [('avg_pool_3x3', 2), ('avg_pool_3x3', 1)], [('avg_pool_3x3', 2), ('avg_pool_3x3', 3)], [('avg_pool_3x3', 4), ('avg_pool_3x3', 2)], [('avg_pool_3x3', 5), ('avg_pool_3x3', 4)], [('avg_pool_3x3', 5), ('avg_pool_3x3', 6)]], DAG1_concat=range(6, 8), DAG2=[[('skip_connect', 0), ('avg_pool_3x3', 1)], [('avg_pool_3x3', 2), ('max_pool_3x3', 1)], [('avg_pool_3x3', 3), ('avg_pool_3x3', 2)], [('max_pool_3x3', 4), ('avg_pool_3x3', 3)], [('max_pool_3x3', 5), ('max_pool_3x3', 4)], [('avg_pool_3x3', 6), ('avg_pool_3x3', 5)]], DAG2_concat=range(6, 8), DAG3=[[('avg_pool_3x3', 1), ('skip_connect', 0)], [('avg_pool_3x3', 2), ('avg_pool_3x3', 0)], [('avg_pool_3x3', 3), ('avg_pool_3x3', 2)], [('skip_connect', 4), ('avg_pool_3x3', 3)], [('skip_connect', 5), ('skip_connect', 4)], [('skip_connect', 4), ('skip_connect', 5)]], DAG3_concat=range(6, 8))
05/30 09:35:14午後 searchStage_main.py:79 [INFO] Until now, best Prec@1 = 50.5360%
####### ALPHA #######
# Alpha - DAG
tensor([[0.2500, 0.2634, 0.2542, 0.2324],
        [0.2569, 0.2600, 0.2465, 0.2366]], device='cuda:1',
       grad_fn=<SoftmaxBackward0>)
tensor([[0.2429, 0.2658, 0.2540, 0.2373],
        [0.2534, 0.2646, 0.2548, 0.2273],
        [0.2517, 0.2824, 0.2354, 0.2305]], device='cuda:1',
       grad_fn=<SoftmaxBackward0>)
tensor([[0.2518, 0.2617, 0.2588, 0.2277],
        [0.2554, 0.2822, 0.2457, 0.2167],
        [0.2573, 0.2753, 0.2302, 0.2372]], device='cuda:1',
       grad_fn=<SoftmaxBackward0>)
tensor([[0.2566, 0.2736, 0.2419, 0.2279],
        [0.2554, 0.2736, 0.2368, 0.2343],
        [0.2567, 0.2777, 0.2392, 0.2263]], device='cuda:1',
       grad_fn=<SoftmaxBackward0>)
tensor([[0.2617, 0.2691, 0.2358, 0.2334],
        [0.2642, 0.2743, 0.2385, 0.2230],
        [0.2614, 0.2771, 0.2342, 0.2273]], device='cuda:1',
       grad_fn=<SoftmaxBackward0>)
tensor([[0.2602, 0.2679, 0.2417, 0.2302],
        [0.2556, 0.2703, 0.2370, 0.2371],
        [0.2553, 0.2703, 0.2394, 0.2350]], device='cuda:1',
       grad_fn=<SoftmaxBackward0>)
tensor([[0.2476, 0.2517, 0.2535, 0.2472],
        [0.2497, 0.2519, 0.2492, 0.2493]], device='cuda:1',
       grad_fn=<SoftmaxBackward0>)
tensor([[0.2500, 0.2491, 0.2518, 0.2490],
        [0.2534, 0.2513, 0.2516, 0.2436],
        [0.2514, 0.2530, 0.2476, 0.2479]], device='cuda:1',
       grad_fn=<SoftmaxBackward0>)
tensor([[0.2496, 0.2498, 0.2509, 0.2496],
        [0.2518, 0.2537, 0.2489, 0.2456],
        [0.2516, 0.2524, 0.2481, 0.2479]], device='cuda:1',
       grad_fn=<SoftmaxBackward0>)
tensor([[0.2511, 0.2515, 0.2490, 0.2485],
        [0.2512, 0.2519, 0.2496, 0.2474],
        [0.2516, 0.2510, 0.2485, 0.2490]], device='cuda:1',
       grad_fn=<SoftmaxBackward0>)
tensor([[0.2521, 0.2514, 0.2496, 0.2470],
        [0.2527, 0.2518, 0.2476, 0.2479],
        [0.2521, 0.2502, 0.2468, 0.2510]], device='cuda:1',
       grad_fn=<SoftmaxBackward0>)
tensor([[0.2497, 0.2515, 0.2483, 0.2505],
        [0.2512, 0.2512, 0.2487, 0.2489],
        [0.2509, 0.2518, 0.2496, 0.2477]], device='cuda:1',
       grad_fn=<SoftmaxBackward0>)
tensor([[0.2492, 0.2501, 0.2502, 0.2506],
        [0.2484, 0.2517, 0.2508, 0.2491]], device='cuda:1',
       grad_fn=<SoftmaxBackward0>)
tensor([[0.2487, 0.2521, 0.2509, 0.2484],
        [0.2485, 0.2503, 0.2493, 0.2518],
        [0.2479, 0.2515, 0.2506, 0.2500]], device='cuda:1',
       grad_fn=<SoftmaxBackward0>)
tensor([[0.2482, 0.2514, 0.2502, 0.2503],
        [0.2480, 0.2512, 0.2496, 0.2512],
        [0.2472, 0.2529, 0.2524, 0.2475]], device='cuda:1',
       grad_fn=<SoftmaxBackward0>)
tensor([[0.2490, 0.2505, 0.2511, 0.2494],
        [0.2492, 0.2506, 0.2489, 0.2514],
        [0.2492, 0.2511, 0.2511, 0.2485]], device='cuda:1',
       grad_fn=<SoftmaxBackward0>)
tensor([[0.2482, 0.2469, 0.2483, 0.2565],
        [0.2456, 0.2528, 0.2556, 0.2460],
        [0.2457, 0.2516, 0.2549, 0.2479]], device='cuda:1',
       grad_fn=<SoftmaxBackward0>)
tensor([[0.2374, 0.2554, 0.2604, 0.2468],
        [0.2363, 0.2554, 0.2587, 0.2496],
        [0.2406, 0.2511, 0.2539, 0.2544]], device='cuda:1',
       grad_fn=<SoftmaxBackward0>)
#####################
05/30 09:35:42午後 searchStage_trainer.py:211 [INFO] Train: Epoch: [3][50/390]	Step 1223	lr 0.02479	Loss 1.2873 (1.2835)	Prec@(1,5) (52.6%, 94.5%)	
05/30 09:36:10午後 searchStage_trainer.py:211 [INFO] Train: Epoch: [3][100/390]	Step 1273	lr 0.02479	Loss 1.3210 (1.2761)	Prec@(1,5) (53.0%, 94.3%)	
05/30 09:36:37午後 searchStage_trainer.py:211 [INFO] Train: Epoch: [3][150/390]	Step 1323	lr 0.02479	Loss 1.3330 (1.2723)	Prec@(1,5) (53.7%, 94.1%)	
05/30 09:37:05午後 searchStage_trainer.py:211 [INFO] Train: Epoch: [3][200/390]	Step 1373	lr 0.02479	Loss 1.5550 (1.2696)	Prec@(1,5) (53.6%, 94.3%)	
05/30 09:37:34午後 searchStage_trainer.py:211 [INFO] Train: Epoch: [3][250/390]	Step 1423	lr 0.02479	Loss 1.1888 (1.2667)	Prec@(1,5) (53.8%, 94.3%)	
05/30 09:38:02午後 searchStage_trainer.py:211 [INFO] Train: Epoch: [3][300/390]	Step 1473	lr 0.02479	Loss 1.1319 (1.2579)	Prec@(1,5) (54.3%, 94.3%)	
05/30 09:38:30午後 searchStage_trainer.py:211 [INFO] Train: Epoch: [3][350/390]	Step 1523	lr 0.02479	Loss 1.1937 (1.2517)	Prec@(1,5) (54.5%, 94.4%)	
05/30 09:38:52午後 searchStage_trainer.py:211 [INFO] Train: Epoch: [3][390/390]	Step 1563	lr 0.02479	Loss 1.2155 (1.2438)	Prec@(1,5) (55.0%, 94.5%)	
05/30 09:38:53午後 searchStage_trainer.py:221 [INFO] Train: [  3/49] Final Prec@1 54.9600%
05/30 09:38:57午後 searchStage_trainer.py:249 [INFO] Valid: Epoch: [3][50/391]	Step 1564	Loss 1.2736	Prec@(1,5) (54.8%, 93.6%)
05/30 09:39:02午後 searchStage_trainer.py:249 [INFO] Valid: Epoch: [3][100/391]	Step 1564	Loss 1.2787	Prec@(1,5) (54.2%, 93.8%)
05/30 09:39:07午後 searchStage_trainer.py:249 [INFO] Valid: Epoch: [3][150/391]	Step 1564	Loss 1.2819	Prec@(1,5) (54.1%, 94.1%)
05/30 09:39:11午後 searchStage_trainer.py:249 [INFO] Valid: Epoch: [3][200/391]	Step 1564	Loss 1.2882	Prec@(1,5) (54.1%, 93.8%)
05/30 09:39:16午後 searchStage_trainer.py:249 [INFO] Valid: Epoch: [3][250/391]	Step 1564	Loss 1.2886	Prec@(1,5) (54.0%, 93.7%)
05/30 09:39:20午後 searchStage_trainer.py:249 [INFO] Valid: Epoch: [3][300/391]	Step 1564	Loss 1.2914	Prec@(1,5) (53.8%, 93.8%)
05/30 09:39:25午後 searchStage_trainer.py:249 [INFO] Valid: Epoch: [3][350/391]	Step 1564	Loss 1.2929	Prec@(1,5) (53.8%, 93.8%)
05/30 09:39:29午後 searchStage_trainer.py:249 [INFO] Valid: Epoch: [3][390/391]	Step 1564	Loss 1.2932	Prec@(1,5) (53.8%, 93.8%)
05/30 09:39:29午後 searchStage_trainer.py:260 [INFO] Valid: [  3/49] Final Prec@1 53.8320%
05/30 09:39:29午後 searchStage_main.py:59 [INFO] DAG = Genotype2(DAG1=[[('avg_pool_3x3', 0), ('avg_pool_3x3', 1)], [('avg_pool_3x3', 2), ('avg_pool_3x3', 1)], [('avg_pool_3x3', 2), ('avg_pool_3x3', 3)], [('avg_pool_3x3', 4), ('avg_pool_3x3', 2)], [('avg_pool_3x3', 5), ('avg_pool_3x3', 4)], [('avg_pool_3x3', 6), ('avg_pool_3x3', 5)]], DAG1_concat=range(6, 8), DAG2=[[('skip_connect', 0), ('avg_pool_3x3', 1)], [('avg_pool_3x3', 2), ('max_pool_3x3', 1)], [('avg_pool_3x3', 3), ('avg_pool_3x3', 2)], [('max_pool_3x3', 4), ('avg_pool_3x3', 3)], [('max_pool_3x3', 5), ('max_pool_3x3', 4)], [('avg_pool_3x3', 6), ('avg_pool_3x3', 5)]], DAG2_concat=range(6, 8), DAG3=[[('avg_pool_3x3', 1), ('skip_connect', 0)], [('avg_pool_3x3', 2), ('avg_pool_3x3', 0)], [('avg_pool_3x3', 3), ('avg_pool_3x3', 2)], [('avg_pool_3x3', 4), ('avg_pool_3x3', 3)], [('skip_connect', 5), ('skip_connect', 4)], [('skip_connect', 5), ('skip_connect', 4)]], DAG3_concat=range(6, 8))
05/30 09:39:29午後 searchStage_main.py:79 [INFO] Until now, best Prec@1 = 53.8320%
####### ALPHA #######
# Alpha - DAG
tensor([[0.2502, 0.2723, 0.2518, 0.2258],
        [0.2558, 0.2688, 0.2477, 0.2277]], device='cuda:1',
       grad_fn=<SoftmaxBackward0>)
tensor([[0.2401, 0.2756, 0.2547, 0.2295],
        [0.2510, 0.2721, 0.2560, 0.2209],
        [0.2530, 0.2981, 0.2285, 0.2204]], device='cuda:1',
       grad_fn=<SoftmaxBackward0>)
tensor([[0.2519, 0.2655, 0.2595, 0.2230],
        [0.2570, 0.2941, 0.2415, 0.2074],
        [0.2623, 0.2857, 0.2264, 0.2256]], device='cuda:1',
       grad_fn=<SoftmaxBackward0>)
tensor([[0.2570, 0.2839, 0.2396, 0.2195],
        [0.2570, 0.2814, 0.2331, 0.2285],
        [0.2592, 0.2863, 0.2373, 0.2172]], device='cuda:1',
       grad_fn=<SoftmaxBackward0>)
tensor([[0.2636, 0.2775, 0.2313, 0.2277],
        [0.2681, 0.2835, 0.2342, 0.2141],
        [0.2640, 0.2860, 0.2312, 0.2188]], device='cuda:1',
       grad_fn=<SoftmaxBackward0>)
tensor([[0.2626, 0.2748, 0.2382, 0.2244],
        [0.2587, 0.2777, 0.2327, 0.2309],
        [0.2568, 0.2781, 0.2366, 0.2285]], device='cuda:1',
       grad_fn=<SoftmaxBackward0>)
tensor([[0.2478, 0.2513, 0.2525, 0.2484],
        [0.2503, 0.2526, 0.2497, 0.2474]], device='cuda:1',
       grad_fn=<SoftmaxBackward0>)
tensor([[0.2503, 0.2493, 0.2514, 0.2490],
        [0.2543, 0.2522, 0.2519, 0.2417],
        [0.2519, 0.2534, 0.2467, 0.2481]], device='cuda:1',
       grad_fn=<SoftmaxBackward0>)
tensor([[0.2493, 0.2504, 0.2508, 0.2494],
        [0.2518, 0.2541, 0.2490, 0.2452],
        [0.2520, 0.2528, 0.2477, 0.2475]], device='cuda:1',
       grad_fn=<SoftmaxBackward0>)
tensor([[0.2509, 0.2518, 0.2494, 0.2479],
        [0.2514, 0.2522, 0.2495, 0.2470],
        [0.2519, 0.2513, 0.2479, 0.2489]], device='cuda:1',
       grad_fn=<SoftmaxBackward0>)
tensor([[0.2526, 0.2518, 0.2494, 0.2461],
        [0.2528, 0.2522, 0.2469, 0.2481],
        [0.2522, 0.2504, 0.2467, 0.2506]], device='cuda:1',
       grad_fn=<SoftmaxBackward0>)
tensor([[0.2498, 0.2517, 0.2482, 0.2503],
        [0.2514, 0.2515, 0.2483, 0.2487],
        [0.2512, 0.2522, 0.2492, 0.2475]], device='cuda:1',
       grad_fn=<SoftmaxBackward0>)
tensor([[0.2488, 0.2502, 0.2503, 0.2507],
        [0.2479, 0.2521, 0.2509, 0.2490]], device='cuda:1',
       grad_fn=<SoftmaxBackward0>)
tensor([[0.2483, 0.2525, 0.2512, 0.2480],
        [0.2483, 0.2502, 0.2493, 0.2522],
        [0.2474, 0.2518, 0.2508, 0.2499]], device='cuda:1',
       grad_fn=<SoftmaxBackward0>)
tensor([[0.2477, 0.2517, 0.2503, 0.2503],
        [0.2475, 0.2515, 0.2496, 0.2515],
        [0.2464, 0.2534, 0.2530, 0.2471]], device='cuda:1',
       grad_fn=<SoftmaxBackward0>)
tensor([[0.2486, 0.2507, 0.2514, 0.2493],
        [0.2490, 0.2507, 0.2488, 0.2515],
        [0.2490, 0.2514, 0.2512, 0.2484]], device='cuda:1',
       grad_fn=<SoftmaxBackward0>)
tensor([[0.2478, 0.2463, 0.2479, 0.2580],
        [0.2447, 0.2535, 0.2568, 0.2451],
        [0.2448, 0.2519, 0.2559, 0.2474]], device='cuda:1',
       grad_fn=<SoftmaxBackward0>)
tensor([[0.2344, 0.2566, 0.2630, 0.2460],
        [0.2334, 0.2566, 0.2606, 0.2494],
        [0.2385, 0.2514, 0.2548, 0.2553]], device='cuda:1',
       grad_fn=<SoftmaxBackward0>)
#####################
05/30 09:39:58午後 searchStage_trainer.py:211 [INFO] Train: Epoch: [4][50/390]	Step 1614	lr 0.02462	Loss 0.9871 (1.1406)	Prec@(1,5) (58.9%, 95.3%)	
05/30 09:40:26午後 searchStage_trainer.py:211 [INFO] Train: Epoch: [4][100/390]	Step 1664	lr 0.02462	Loss 1.0814 (1.1353)	Prec@(1,5) (58.7%, 95.6%)	
05/30 09:40:53午後 searchStage_trainer.py:211 [INFO] Train: Epoch: [4][150/390]	Step 1714	lr 0.02462	Loss 1.3273 (1.1367)	Prec@(1,5) (58.8%, 95.5%)	
05/30 09:41:21午後 searchStage_trainer.py:211 [INFO] Train: Epoch: [4][200/390]	Step 1764	lr 0.02462	Loss 0.9381 (1.1332)	Prec@(1,5) (59.2%, 95.5%)	
05/30 09:41:49午後 searchStage_trainer.py:211 [INFO] Train: Epoch: [4][250/390]	Step 1814	lr 0.02462	Loss 1.0980 (1.1221)	Prec@(1,5) (59.7%, 95.7%)	
05/30 09:42:17午後 searchStage_trainer.py:211 [INFO] Train: Epoch: [4][300/390]	Step 1864	lr 0.02462	Loss 1.0264 (1.1228)	Prec@(1,5) (59.7%, 95.7%)	
05/30 09:42:46午後 searchStage_trainer.py:211 [INFO] Train: Epoch: [4][350/390]	Step 1914	lr 0.02462	Loss 1.2905 (1.1186)	Prec@(1,5) (59.9%, 95.8%)	
05/30 09:43:08午後 searchStage_trainer.py:211 [INFO] Train: Epoch: [4][390/390]	Step 1954	lr 0.02462	Loss 0.9448 (1.1139)	Prec@(1,5) (60.2%, 95.8%)	
05/30 09:43:08午後 searchStage_trainer.py:221 [INFO] Train: [  4/49] Final Prec@1 60.1800%
05/30 09:43:13午後 searchStage_trainer.py:249 [INFO] Valid: Epoch: [4][50/391]	Step 1955	Loss 1.0894	Prec@(1,5) (61.2%, 95.5%)
05/30 09:43:18午後 searchStage_trainer.py:249 [INFO] Valid: Epoch: [4][100/391]	Step 1955	Loss 1.0943	Prec@(1,5) (60.7%, 95.6%)
05/30 09:43:22午後 searchStage_trainer.py:249 [INFO] Valid: Epoch: [4][150/391]	Step 1955	Loss 1.0980	Prec@(1,5) (60.7%, 95.6%)
05/30 09:43:27午後 searchStage_trainer.py:249 [INFO] Valid: Epoch: [4][200/391]	Step 1955	Loss 1.0989	Prec@(1,5) (60.8%, 95.6%)
05/30 09:43:32午後 searchStage_trainer.py:249 [INFO] Valid: Epoch: [4][250/391]	Step 1955	Loss 1.0975	Prec@(1,5) (61.0%, 95.7%)
05/30 09:43:36午後 searchStage_trainer.py:249 [INFO] Valid: Epoch: [4][300/391]	Step 1955	Loss 1.0974	Prec@(1,5) (61.0%, 95.7%)
05/30 09:43:41午後 searchStage_trainer.py:249 [INFO] Valid: Epoch: [4][350/391]	Step 1955	Loss 1.1035	Prec@(1,5) (60.8%, 95.7%)
05/30 09:43:45午後 searchStage_trainer.py:249 [INFO] Valid: Epoch: [4][390/391]	Step 1955	Loss 1.1011	Prec@(1,5) (60.9%, 95.7%)
05/30 09:43:45午後 searchStage_trainer.py:260 [INFO] Valid: [  4/49] Final Prec@1 60.9000%
05/30 09:43:45午後 searchStage_main.py:59 [INFO] DAG = Genotype2(DAG1=[[('avg_pool_3x3', 0), ('avg_pool_3x3', 1)], [('avg_pool_3x3', 2), ('avg_pool_3x3', 1)], [('avg_pool_3x3', 2), ('avg_pool_3x3', 3)], [('avg_pool_3x3', 4), ('avg_pool_3x3', 2)], [('avg_pool_3x3', 5), ('avg_pool_3x3', 4)], [('avg_pool_3x3', 6), ('avg_pool_3x3', 5)]], DAG1_concat=range(6, 8), DAG2=[[('avg_pool_3x3', 1), ('skip_connect', 0)], [('avg_pool_3x3', 2), ('max_pool_3x3', 1)], [('avg_pool_3x3', 3), ('avg_pool_3x3', 2)], [('max_pool_3x3', 4), ('avg_pool_3x3', 3)], [('max_pool_3x3', 5), ('max_pool_3x3', 4)], [('avg_pool_3x3', 6), ('avg_pool_3x3', 5)]], DAG2_concat=range(6, 8), DAG3=[[('avg_pool_3x3', 1), ('skip_connect', 0)], [('avg_pool_3x3', 2), ('avg_pool_3x3', 0)], [('avg_pool_3x3', 3), ('avg_pool_3x3', 2)], [('avg_pool_3x3', 4), ('avg_pool_3x3', 3)], [('skip_connect', 5), ('skip_connect', 4)], [('skip_connect', 5), ('skip_connect', 6)]], DAG3_concat=range(6, 8))
05/30 09:43:45午後 searchStage_main.py:79 [INFO] Until now, best Prec@1 = 60.9000%
####### ALPHA #######
# Alpha - DAG
tensor([[0.2537, 0.2796, 0.2507, 0.2160],
        [0.2582, 0.2754, 0.2460, 0.2204]], device='cuda:1',
       grad_fn=<SoftmaxBackward0>)
tensor([[0.2384, 0.2846, 0.2553, 0.2217],
        [0.2509, 0.2807, 0.2575, 0.2109],
        [0.2543, 0.3113, 0.2222, 0.2122]], device='cuda:1',
       grad_fn=<SoftmaxBackward0>)
tensor([[0.2527, 0.2712, 0.2603, 0.2158],
        [0.2602, 0.3056, 0.2367, 0.1974],
        [0.2654, 0.2947, 0.2223, 0.2176]], device='cuda:1',
       grad_fn=<SoftmaxBackward0>)
tensor([[0.2597, 0.2908, 0.2361, 0.2134],
        [0.2594, 0.2894, 0.2304, 0.2208],
        [0.2617, 0.2945, 0.2347, 0.2090]], device='cuda:1',
       grad_fn=<SoftmaxBackward0>)
tensor([[0.2672, 0.2861, 0.2291, 0.2176],
        [0.2723, 0.2912, 0.2296, 0.2068],
        [0.2669, 0.2942, 0.2261, 0.2128]], device='cuda:1',
       grad_fn=<SoftmaxBackward0>)
tensor([[0.2658, 0.2819, 0.2347, 0.2176],
        [0.2620, 0.2854, 0.2282, 0.2244],
        [0.2585, 0.2854, 0.2332, 0.2230]], device='cuda:1',
       grad_fn=<SoftmaxBackward0>)
tensor([[0.2476, 0.2519, 0.2521, 0.2485],
        [0.2498, 0.2529, 0.2506, 0.2467]], device='cuda:1',
       grad_fn=<SoftmaxBackward0>)
tensor([[0.2503, 0.2501, 0.2519, 0.2477],
        [0.2544, 0.2522, 0.2517, 0.2418],
        [0.2519, 0.2535, 0.2465, 0.2481]], device='cuda:1',
       grad_fn=<SoftmaxBackward0>)
tensor([[0.2494, 0.2503, 0.2506, 0.2498],
        [0.2521, 0.2545, 0.2488, 0.2446],
        [0.2521, 0.2530, 0.2476, 0.2473]], device='cuda:1',
       grad_fn=<SoftmaxBackward0>)
tensor([[0.2507, 0.2522, 0.2494, 0.2477],
        [0.2513, 0.2524, 0.2493, 0.2470],
        [0.2520, 0.2514, 0.2479, 0.2486]], device='cuda:1',
       grad_fn=<SoftmaxBackward0>)
tensor([[0.2530, 0.2518, 0.2492, 0.2460],
        [0.2534, 0.2522, 0.2463, 0.2481],
        [0.2526, 0.2505, 0.2466, 0.2503]], device='cuda:1',
       grad_fn=<SoftmaxBackward0>)
tensor([[0.2499, 0.2520, 0.2478, 0.2502],
        [0.2514, 0.2518, 0.2485, 0.2484],
        [0.2513, 0.2523, 0.2489, 0.2475]], device='cuda:1',
       grad_fn=<SoftmaxBackward0>)
tensor([[0.2486, 0.2504, 0.2504, 0.2507],
        [0.2473, 0.2525, 0.2512, 0.2490]], device='cuda:1',
       grad_fn=<SoftmaxBackward0>)
tensor([[0.2480, 0.2529, 0.2513, 0.2478],
        [0.2479, 0.2502, 0.2494, 0.2525],
        [0.2471, 0.2521, 0.2510, 0.2498]], device='cuda:1',
       grad_fn=<SoftmaxBackward0>)
tensor([[0.2474, 0.2520, 0.2503, 0.2503],
        [0.2470, 0.2517, 0.2496, 0.2517],
        [0.2460, 0.2538, 0.2533, 0.2469]], device='cuda:1',
       grad_fn=<SoftmaxBackward0>)
tensor([[0.2485, 0.2508, 0.2515, 0.2492],
        [0.2489, 0.2507, 0.2488, 0.2516],
        [0.2488, 0.2515, 0.2513, 0.2484]], device='cuda:1',
       grad_fn=<SoftmaxBackward0>)
tensor([[0.2474, 0.2458, 0.2476, 0.2591],
        [0.2439, 0.2540, 0.2577, 0.2445],
        [0.2442, 0.2521, 0.2565, 0.2472]], device='cuda:1',
       grad_fn=<SoftmaxBackward0>)
tensor([[0.2321, 0.2576, 0.2650, 0.2453],
        [0.2311, 0.2576, 0.2621, 0.2492],
        [0.2369, 0.2517, 0.2555, 0.2559]], device='cuda:1',
       grad_fn=<SoftmaxBackward0>)
#####################
05/30 09:44:14午後 searchStage_trainer.py:211 [INFO] Train: Epoch: [5][50/390]	Step 2005	lr 0.02441	Loss 0.9716 (1.0050)	Prec@(1,5) (64.2%, 96.6%)	
05/30 09:44:42午後 searchStage_trainer.py:211 [INFO] Train: Epoch: [5][100/390]	Step 2055	lr 0.02441	Loss 0.8737 (1.0340)	Prec@(1,5) (63.3%, 96.6%)	
05/30 09:45:09午後 searchStage_trainer.py:211 [INFO] Train: Epoch: [5][150/390]	Step 2105	lr 0.02441	Loss 1.1642 (1.0339)	Prec@(1,5) (63.3%, 96.5%)	
05/30 09:45:37午後 searchStage_trainer.py:211 [INFO] Train: Epoch: [5][200/390]	Step 2155	lr 0.02441	Loss 1.1800 (1.0367)	Prec@(1,5) (63.1%, 96.4%)	
05/30 09:46:05午後 searchStage_trainer.py:211 [INFO] Train: Epoch: [5][250/390]	Step 2205	lr 0.02441	Loss 1.1516 (1.0447)	Prec@(1,5) (62.9%, 96.3%)	
05/30 09:46:33午後 searchStage_trainer.py:211 [INFO] Train: Epoch: [5][300/390]	Step 2255	lr 0.02441	Loss 1.0310 (1.0361)	Prec@(1,5) (63.2%, 96.4%)	
05/30 09:47:01午後 searchStage_trainer.py:211 [INFO] Train: Epoch: [5][350/390]	Step 2305	lr 0.02441	Loss 1.0207 (1.0331)	Prec@(1,5) (63.4%, 96.4%)	
05/30 09:47:24午後 searchStage_trainer.py:211 [INFO] Train: Epoch: [5][390/390]	Step 2345	lr 0.02441	Loss 0.8419 (1.0285)	Prec@(1,5) (63.4%, 96.5%)	
05/30 09:47:24午後 searchStage_trainer.py:221 [INFO] Train: [  5/49] Final Prec@1 63.4000%
05/30 09:47:29午後 searchStage_trainer.py:249 [INFO] Valid: Epoch: [5][50/391]	Step 2346	Loss 1.1261	Prec@(1,5) (60.8%, 95.8%)
05/30 09:47:34午後 searchStage_trainer.py:249 [INFO] Valid: Epoch: [5][100/391]	Step 2346	Loss 1.1230	Prec@(1,5) (60.5%, 96.1%)
05/30 09:47:38午後 searchStage_trainer.py:249 [INFO] Valid: Epoch: [5][150/391]	Step 2346	Loss 1.1185	Prec@(1,5) (60.5%, 95.9%)
05/30 09:47:43午後 searchStage_trainer.py:249 [INFO] Valid: Epoch: [5][200/391]	Step 2346	Loss 1.1159	Prec@(1,5) (60.6%, 95.9%)
