07/04 03:10:17PM parser.py:28 [INFO] 
07/04 03:10:17PM parser.py:29 [INFO] Parameters:
07/04 03:10:17PM parser.py:31 [INFO] DAG_PATH=results/search_Stage/CIFAR100/BASELINE/BASELINE1-20240704-151017/DAG
07/04 03:10:17PM parser.py:31 [INFO] ALPHA_LR=0.0003
07/04 03:10:17PM parser.py:31 [INFO] ALPHA_WEIGHT_DECAY=0.001
07/04 03:10:17PM parser.py:31 [INFO] BATCH_SIZE=64
07/04 03:10:17PM parser.py:31 [INFO] CHECKPOINT_RESET=False
07/04 03:10:17PM parser.py:31 [INFO] DATA_PATH=../data/
07/04 03:10:17PM parser.py:31 [INFO] DATASET=CIFAR100
07/04 03:10:17PM parser.py:31 [INFO] EPOCHS=50
07/04 03:10:17PM parser.py:31 [INFO] EXP_NAME=BASELINE1-20240704-151017
07/04 03:10:17PM parser.py:31 [INFO] GENOTYPE=Genotype3(normal1=[[('sep_conv_3x3', 1), ('sep_conv_3x3', 0)], [('sep_conv_3x3', 0), ('sep_conv_3x3', 2)], [('sep_conv_3x3', 2), ('sep_conv_3x3', 0)], [('sep_conv_3x3', 0), ('sep_conv_3x3', 4)]], normal1_concat=range(2, 6), reduce1=[[('sep_conv_3x3', 0), ('sep_conv_3x3', 1)], [('skip_connect', 1), ('avg_pool_3x3', 0)], [('sep_conv_3x3', 2), ('sep_conv_3x3', 1)], [('avg_pool_3x3', 0), ('skip_connect', 3)]], reduce1_concat=range(2, 6), normal2=[[('skip_connect', 0), ('skip_connect', 1)], [('skip_connect', 1), ('skip_connect', 0)], [('skip_connect', 0), ('sep_conv_3x3', 2)], [('skip_connect', 0), ('skip_connect', 1)]], normal2_concat=range(2, 6), reduce2=[[('avg_pool_3x3', 0), ('avg_pool_3x3', 1)], [('avg_pool_3x3', 0), ('avg_pool_3x3', 1)], [('avg_pool_3x3', 0), ('skip_connect', 2)], [('avg_pool_3x3', 0), ('skip_connect', 2)]], reduce2_concat=range(2, 6), normal3=[[('skip_connect', 0), ('dil_conv_3x3', 1)], [('skip_connect', 0), ('skip_connect', 1)], [('skip_connect', 0), ('skip_connect', 1)], [('skip_connect', 0), ('skip_connect', 2)]], normal3_concat=range(2, 6))
07/04 03:10:17PM parser.py:31 [INFO] GPUS=[0]
07/04 03:10:17PM parser.py:31 [INFO] INIT_CHANNELS=16
07/04 03:10:17PM parser.py:31 [INFO] LAYERS=20
07/04 03:10:17PM parser.py:31 [INFO] LOCAL_RANK=0
07/04 03:10:17PM parser.py:31 [INFO] LOGGER=<Logger H-DAS (INFO)>
07/04 03:10:17PM parser.py:31 [INFO] NAME=BASELINE
07/04 03:10:17PM parser.py:31 [INFO] PATH=results/search_Stage/CIFAR100/BASELINE/BASELINE1-20240704-151017
07/04 03:10:17PM parser.py:31 [INFO] PLOT_PATH=results/search_Stage/CIFAR100/BASELINE/BASELINE1-20240704-151017/plots
07/04 03:10:17PM parser.py:31 [INFO] PRINT_FREQ=50
07/04 03:10:17PM parser.py:31 [INFO] RESUME_PATH=None
07/04 03:10:17PM parser.py:31 [INFO] SAVE=BASELINE1
07/04 03:10:17PM parser.py:31 [INFO] SEED=2
07/04 03:10:17PM parser.py:31 [INFO] SHARE_STAGE=False
07/04 03:10:17PM parser.py:31 [INFO] SPEC_CELL=True
07/04 03:10:17PM parser.py:31 [INFO] TRAIN_PORTION=0.5
07/04 03:10:17PM parser.py:31 [INFO] W_GRAD_CLIP=5.0
07/04 03:10:17PM parser.py:31 [INFO] W_LR=0.025
07/04 03:10:17PM parser.py:31 [INFO] W_LR_MIN=0.001
07/04 03:10:17PM parser.py:31 [INFO] W_MOMENTUM=0.9
07/04 03:10:17PM parser.py:31 [INFO] W_WEIGHT_DECAY=0.0003
07/04 03:10:17PM parser.py:31 [INFO] WORKERS=4
07/04 03:10:17PM parser.py:32 [INFO] 
07/04 03:10:19PM searchStage_trainer.py:103 [INFO] --> No loaded checkpoint!
####### ALPHA #######
# Alpha - DAG
tensor([[0.2502, 0.2500, 0.2500, 0.2498],
        [0.2502, 0.2497, 0.2500, 0.2500]], device='cuda:0',
       grad_fn=<SoftmaxBackward0>)
tensor([[0.2499, 0.2497, 0.2503, 0.2501],
        [0.2499, 0.2499, 0.2502, 0.2500],
        [0.2502, 0.2499, 0.2500, 0.2499]], device='cuda:0',
       grad_fn=<SoftmaxBackward0>)
tensor([[0.2502, 0.2498, 0.2503, 0.2498],
        [0.2499, 0.2501, 0.2501, 0.2500],
        [0.2500, 0.2501, 0.2500, 0.2499]], device='cuda:0',
       grad_fn=<SoftmaxBackward0>)
tensor([[0.2499, 0.2501, 0.2501, 0.2499],
        [0.2497, 0.2504, 0.2499, 0.2501],
        [0.2501, 0.2501, 0.2501, 0.2497]], device='cuda:0',
       grad_fn=<SoftmaxBackward0>)
tensor([[0.2498, 0.2501, 0.2499, 0.2502],
        [0.2502, 0.2499, 0.2499, 0.2500],
        [0.2498, 0.2501, 0.2502, 0.2499]], device='cuda:0',
       grad_fn=<SoftmaxBackward0>)
tensor([[0.2500, 0.2502, 0.2496, 0.2502],
        [0.2504, 0.2499, 0.2499, 0.2498],
        [0.2501, 0.2501, 0.2497, 0.2502]], device='cuda:0',
       grad_fn=<SoftmaxBackward0>)
tensor([[0.2495, 0.2500, 0.2501, 0.2503],
        [0.2501, 0.2498, 0.2503, 0.2498]], device='cuda:0',
       grad_fn=<SoftmaxBackward0>)
tensor([[0.2497, 0.2497, 0.2503, 0.2502],
        [0.2497, 0.2501, 0.2500, 0.2502],
        [0.2504, 0.2500, 0.2498, 0.2499]], device='cuda:0',
       grad_fn=<SoftmaxBackward0>)
tensor([[0.2496, 0.2502, 0.2500, 0.2502],
        [0.2500, 0.2503, 0.2497, 0.2499],
        [0.2497, 0.2498, 0.2502, 0.2503]], device='cuda:0',
       grad_fn=<SoftmaxBackward0>)
tensor([[0.2499, 0.2503, 0.2498, 0.2500],
        [0.2497, 0.2501, 0.2501, 0.2501],
        [0.2498, 0.2499, 0.2500, 0.2503]], device='cuda:0',
       grad_fn=<SoftmaxBackward0>)
tensor([[0.2499, 0.2499, 0.2502, 0.2501],
        [0.2503, 0.2500, 0.2499, 0.2498],
        [0.2502, 0.2501, 0.2497, 0.2500]], device='cuda:0',
       grad_fn=<SoftmaxBackward0>)
tensor([[0.2497, 0.2499, 0.2505, 0.2499],
        [0.2497, 0.2500, 0.2501, 0.2501],
        [0.2501, 0.2503, 0.2496, 0.2499]], device='cuda:0',
       grad_fn=<SoftmaxBackward0>)
tensor([[0.2500, 0.2497, 0.2502, 0.2501],
        [0.2497, 0.2500, 0.2502, 0.2501]], device='cuda:0',
       grad_fn=<SoftmaxBackward0>)
tensor([[0.2498, 0.2498, 0.2502, 0.2502],
        [0.2500, 0.2500, 0.2498, 0.2502],
        [0.2496, 0.2503, 0.2503, 0.2499]], device='cuda:0',
       grad_fn=<SoftmaxBackward0>)
tensor([[0.2501, 0.2500, 0.2502, 0.2498],
        [0.2497, 0.2498, 0.2504, 0.2501],
        [0.2501, 0.2500, 0.2499, 0.2500]], device='cuda:0',
       grad_fn=<SoftmaxBackward0>)
tensor([[0.2502, 0.2503, 0.2497, 0.2498],
        [0.2501, 0.2495, 0.2503, 0.2500],
        [0.2499, 0.2502, 0.2501, 0.2499]], device='cuda:0',
       grad_fn=<SoftmaxBackward0>)
tensor([[0.2502, 0.2501, 0.2499, 0.2498],
        [0.2502, 0.2500, 0.2496, 0.2502],
        [0.2498, 0.2502, 0.2500, 0.2499]], device='cuda:0',
       grad_fn=<SoftmaxBackward0>)
tensor([[0.2500, 0.2499, 0.2499, 0.2502],
        [0.2499, 0.2504, 0.2497, 0.2500],
        [0.2497, 0.2500, 0.2501, 0.2502]], device='cuda:0',
       grad_fn=<SoftmaxBackward0>)
#####################
07/04 03:10:43PM searchStage_trainer.py:214 [INFO] Train: Epoch: [0][50/390]	Step 50	lr 0.025	Loss 4.8906 (4.7071)	Architecture Loss 4.8576 (4.7461)	Prec@(1,5) (1.7%, 8.2%)	
07/04 03:11:04PM searchStage_trainer.py:214 [INFO] Train: Epoch: [0][100/390]	Step 100	lr 0.025	Loss 4.4958 (4.6175)	Architecture Loss 4.3742 (4.6367)	Prec@(1,5) (2.5%, 10.5%)	
07/04 03:11:25PM searchStage_trainer.py:214 [INFO] Train: Epoch: [0][150/390]	Step 150	lr 0.025	Loss 4.0657 (4.5157)	Architecture Loss 4.2211 (4.5247)	Prec@(1,5) (2.8%, 12.7%)	
07/04 03:11:47PM searchStage_trainer.py:214 [INFO] Train: Epoch: [0][200/390]	Step 200	lr 0.025	Loss 4.0313 (4.4409)	Architecture Loss 3.9577 (4.4410)	Prec@(1,5) (3.6%, 14.6%)	
07/04 03:12:09PM searchStage_trainer.py:214 [INFO] Train: Epoch: [0][250/390]	Step 250	lr 0.025	Loss 4.1483 (4.3715)	Architecture Loss 4.2378 (4.3748)	Prec@(1,5) (4.1%, 16.6%)	
07/04 03:12:30PM searchStage_trainer.py:214 [INFO] Train: Epoch: [0][300/390]	Step 300	lr 0.025	Loss 3.6936 (4.3162)	Architecture Loss 3.9878 (4.3235)	Prec@(1,5) (4.5%, 18.0%)	
07/04 03:12:52PM searchStage_trainer.py:214 [INFO] Train: Epoch: [0][350/390]	Step 350	lr 0.025	Loss 4.0349 (4.2757)	Architecture Loss 3.7954 (4.2743)	Prec@(1,5) (4.9%, 19.1%)	
07/04 03:13:08PM searchStage_trainer.py:214 [INFO] Train: Epoch: [0][390/390]	Step 390	lr 0.025	Loss 4.0663 (4.2476)	Architecture Loss 3.8807 (4.2437)	Prec@(1,5) (5.2%, 19.9%)	
07/04 03:13:09PM searchStage_trainer.py:225 [INFO] Train: [  0/49] Final Prec@1 5.1960%
07/04 03:13:12PM searchStage_trainer.py:253 [INFO] Valid: Epoch: [0][50/391]	Step 391	Loss 3.9260	Prec@(1,5) (8.2%, 28.1%)
07/04 03:13:15PM searchStage_trainer.py:253 [INFO] Valid: Epoch: [0][100/391]	Step 391	Loss 3.9304	Prec@(1,5) (8.3%, 28.2%)
07/04 03:13:18PM searchStage_trainer.py:253 [INFO] Valid: Epoch: [0][150/391]	Step 391	Loss 3.9305	Prec@(1,5) (8.0%, 28.3%)
07/04 03:13:21PM searchStage_trainer.py:253 [INFO] Valid: Epoch: [0][200/391]	Step 391	Loss 3.9433	Prec@(1,5) (7.9%, 28.0%)
07/04 03:13:23PM searchStage_trainer.py:253 [INFO] Valid: Epoch: [0][250/391]	Step 391	Loss 3.9427	Prec@(1,5) (7.9%, 28.1%)
07/04 03:13:26PM searchStage_trainer.py:253 [INFO] Valid: Epoch: [0][300/391]	Step 391	Loss 3.9445	Prec@(1,5) (7.8%, 28.0%)
07/04 03:13:29PM searchStage_trainer.py:253 [INFO] Valid: Epoch: [0][350/391]	Step 391	Loss 3.9454	Prec@(1,5) (7.9%, 28.0%)
07/04 03:13:31PM searchStage_trainer.py:253 [INFO] Valid: Epoch: [0][390/391]	Step 391	Loss 3.9474	Prec@(1,5) (7.9%, 28.0%)
07/04 03:13:31PM searchStage_trainer.py:264 [INFO] Valid: [  0/49] Final Prec@1 7.9160%
07/04 03:13:31PM searchStage_main.py:60 [INFO] DAG = Genotype2(DAG1=[[('skip_connect', 0), ('skip_connect', 1)], [('avg_pool_3x3', 2), ('skip_connect', 0)], [('avg_pool_3x3', 2), ('avg_pool_3x3', 3)], [('avg_pool_3x3', 3), ('max_pool_3x3', 2)], [('avg_pool_3x3', 3), ('avg_pool_3x3', 4)], [('max_pool_3x3', 5), ('max_pool_3x3', 4)]], DAG1_concat=range(6, 8), DAG2=[[('skip_connect', 1), ('skip_connect', 0)], [('max_pool_3x3', 2), ('skip_connect', 0)], [('skip_connect', 3), ('avg_pool_3x3', 2)], [('skip_connect', 4), ('avg_pool_3x3', 2)], [('skip_connect', 3), ('max_pool_3x3', 4)], [('skip_connect', 4), ('avg_pool_3x3', 6)]], DAG2_concat=range(6, 8), DAG3=[[('skip_connect', 0), ('skip_connect', 1)], [('skip_connect', 2), ('skip_connect', 0)], [('skip_connect', 2), ('skip_connect', 3)], [('skip_connect', 3), ('skip_connect', 4)], [('skip_connect', 5), ('skip_connect', 3)], [('skip_connect', 6), ('avg_pool_3x3', 5)]], DAG3_concat=range(6, 8))
07/04 03:13:32PM searchStage_main.py:82 [INFO] Until now, best Prec@1 = 7.9160%
####### ALPHA #######
# Alpha - DAG
tensor([[0.2501, 0.2501, 0.2503, 0.2495],
        [0.2497, 0.2498, 0.2502, 0.2503]], device='cuda:0',
       grad_fn=<SoftmaxBackward0>)
tensor([[0.2499, 0.2507, 0.2512, 0.2483],
        [0.2503, 0.2506, 0.2499, 0.2492],
        [0.2505, 0.2511, 0.2479, 0.2505]], device='cuda:0',
       grad_fn=<SoftmaxBackward0>)
tensor([[0.2507, 0.2503, 0.2507, 0.2483],
        [0.2502, 0.2514, 0.2495, 0.2489],
        [0.2496, 0.2507, 0.2499, 0.2497]], device='cuda:0',
       grad_fn=<SoftmaxBackward0>)
tensor([[0.2507, 0.2506, 0.2497, 0.2490],
        [0.2501, 0.2511, 0.2492, 0.2496],
        [0.2502, 0.2508, 0.2494, 0.2495]], device='cuda:0',
       grad_fn=<SoftmaxBackward0>)
tensor([[0.2506, 0.2507, 0.2494, 0.2493],
        [0.2501, 0.2502, 0.2498, 0.2499],
        [0.2500, 0.2503, 0.2498, 0.2499]], device='cuda:0',
       grad_fn=<SoftmaxBackward0>)
tensor([[0.2508, 0.2504, 0.2495, 0.2493],
        [0.2506, 0.2500, 0.2497, 0.2497],
        [0.2504, 0.2503, 0.2494, 0.2500]], device='cuda:0',
       grad_fn=<SoftmaxBackward0>)
tensor([[0.2495, 0.2499, 0.2504, 0.2502],
        [0.2499, 0.2496, 0.2506, 0.2499]], device='cuda:0',
       grad_fn=<SoftmaxBackward0>)
tensor([[0.2501, 0.2496, 0.2504, 0.2499],
        [0.2498, 0.2499, 0.2501, 0.2502],
        [0.2504, 0.2500, 0.2497, 0.2499]], device='cuda:0',
       grad_fn=<SoftmaxBackward0>)
tensor([[0.2496, 0.2501, 0.2501, 0.2501],
        [0.2502, 0.2502, 0.2499, 0.2498],
        [0.2497, 0.2498, 0.2504, 0.2501]], device='cuda:0',
       grad_fn=<SoftmaxBackward0>)
tensor([[0.2499, 0.2502, 0.2499, 0.2500],
        [0.2497, 0.2500, 0.2501, 0.2502],
        [0.2498, 0.2500, 0.2502, 0.2500]], device='cuda:0',
       grad_fn=<SoftmaxBackward0>)
tensor([[0.2498, 0.2499, 0.2504, 0.2498],
        [0.2501, 0.2501, 0.2501, 0.2497],
        [0.2500, 0.2501, 0.2497, 0.2502]], device='cuda:0',
       grad_fn=<SoftmaxBackward0>)
tensor([[0.2497, 0.2499, 0.2507, 0.2497],
        [0.2498, 0.2500, 0.2501, 0.2500],
        [0.2500, 0.2504, 0.2497, 0.2499]], device='cuda:0',
       grad_fn=<SoftmaxBackward0>)
tensor([[0.2499, 0.2495, 0.2505, 0.2500],
        [0.2496, 0.2498, 0.2505, 0.2501]], device='cuda:0',
       grad_fn=<SoftmaxBackward0>)
tensor([[0.2497, 0.2496, 0.2507, 0.2500],
        [0.2498, 0.2499, 0.2502, 0.2501],
        [0.2496, 0.2501, 0.2502, 0.2500]], device='cuda:0',
       grad_fn=<SoftmaxBackward0>)
tensor([[0.2501, 0.2498, 0.2504, 0.2496],
        [0.2495, 0.2498, 0.2505, 0.2502],
        [0.2499, 0.2500, 0.2502, 0.2499]], device='cuda:0',
       grad_fn=<SoftmaxBackward0>)
tensor([[0.2501, 0.2502, 0.2501, 0.2497],
        [0.2500, 0.2494, 0.2507, 0.2500],
        [0.2499, 0.2500, 0.2501, 0.2500]], device='cuda:0',
       grad_fn=<SoftmaxBackward0>)
tensor([[0.2501, 0.2502, 0.2504, 0.2493],
        [0.2499, 0.2499, 0.2500, 0.2502],
        [0.2496, 0.2499, 0.2501, 0.2503]], device='cuda:0',
       grad_fn=<SoftmaxBackward0>)
tensor([[0.2499, 0.2499, 0.2502, 0.2501],
        [0.2498, 0.2503, 0.2497, 0.2502],
        [0.2494, 0.2500, 0.2506, 0.2500]], device='cuda:0',
       grad_fn=<SoftmaxBackward0>)
#####################
07/04 03:13:54午後 searchStage_trainer.py:214 [INFO] Train: Epoch: [1][50/390]	Step 441	lr 0.02498	Loss 3.9821 (3.9070)	Architecture Loss 4.1824 (3.9538)	Prec@(1,5) (8.5%, 30.1%)	
07/04 03:14:16午後 searchStage_trainer.py:214 [INFO] Train: Epoch: [1][100/390]	Step 491	lr 0.02498	Loss 3.8951 (3.9164)	Architecture Loss 3.5814 (3.9444)	Prec@(1,5) (8.8%, 29.4%)	
07/04 03:14:38午後 searchStage_trainer.py:214 [INFO] Train: Epoch: [1][150/390]	Step 541	lr 0.02498	Loss 3.7739 (3.9025)	Architecture Loss 3.8409 (3.9221)	Prec@(1,5) (9.1%, 29.9%)	
07/04 03:15:00午後 searchStage_trainer.py:214 [INFO] Train: Epoch: [1][200/390]	Step 591	lr 0.02498	Loss 3.4870 (3.8905)	Architecture Loss 3.5482 (3.8912)	Prec@(1,5) (9.2%, 30.1%)	
07/04 03:15:20午後 searchStage_trainer.py:214 [INFO] Train: Epoch: [1][250/390]	Step 641	lr 0.02498	Loss 3.9298 (3.8692)	Architecture Loss 3.9447 (3.8686)	Prec@(1,5) (9.6%, 30.8%)	
07/04 03:15:41午後 searchStage_trainer.py:214 [INFO] Train: Epoch: [1][300/390]	Step 691	lr 0.02498	Loss 3.6255 (3.8591)	Architecture Loss 3.4859 (3.8550)	Prec@(1,5) (9.6%, 30.9%)	
07/04 03:16:03午後 searchStage_trainer.py:214 [INFO] Train: Epoch: [1][350/390]	Step 741	lr 0.02498	Loss 3.9987 (3.8413)	Architecture Loss 3.9095 (3.8350)	Prec@(1,5) (9.8%, 31.2%)	
07/04 03:16:20午後 searchStage_trainer.py:214 [INFO] Train: Epoch: [1][390/390]	Step 781	lr 0.02498	Loss 3.8584 (3.8313)	Architecture Loss 3.8098 (3.8206)	Prec@(1,5) (10.0%, 31.5%)	
07/04 03:16:21午後 searchStage_trainer.py:225 [INFO] Train: [  1/49] Final Prec@1 9.9520%
07/04 03:16:24午後 searchStage_trainer.py:253 [INFO] Valid: Epoch: [1][50/391]	Step 782	Loss 3.7346	Prec@(1,5) (11.7%, 34.6%)
07/04 03:16:27午後 searchStage_trainer.py:253 [INFO] Valid: Epoch: [1][100/391]	Step 782	Loss 3.7455	Prec@(1,5) (11.4%, 34.2%)
07/04 03:16:30午後 searchStage_trainer.py:253 [INFO] Valid: Epoch: [1][150/391]	Step 782	Loss 3.7404	Prec@(1,5) (11.2%, 34.3%)
07/04 03:16:32午後 searchStage_trainer.py:253 [INFO] Valid: Epoch: [1][200/391]	Step 782	Loss 3.7281	Prec@(1,5) (11.6%, 34.7%)
07/04 03:16:35午後 searchStage_trainer.py:253 [INFO] Valid: Epoch: [1][250/391]	Step 782	Loss 3.7285	Prec@(1,5) (11.6%, 34.8%)
07/04 03:16:38午後 searchStage_trainer.py:253 [INFO] Valid: Epoch: [1][300/391]	Step 782	Loss 3.7282	Prec@(1,5) (11.5%, 34.6%)
07/04 03:16:41午後 searchStage_trainer.py:253 [INFO] Valid: Epoch: [1][350/391]	Step 782	Loss 3.7270	Prec@(1,5) (11.5%, 34.7%)
07/04 03:16:43午後 searchStage_trainer.py:253 [INFO] Valid: Epoch: [1][390/391]	Step 782	Loss 3.7277	Prec@(1,5) (11.5%, 34.7%)
07/04 03:16:43午後 searchStage_trainer.py:264 [INFO] Valid: [  1/49] Final Prec@1 11.5200%
07/04 03:16:43午後 searchStage_main.py:60 [INFO] DAG = Genotype2(DAG1=[[('skip_connect', 0), ('skip_connect', 1)], [('avg_pool_3x3', 2), ('skip_connect', 0)], [('avg_pool_3x3', 3), ('avg_pool_3x3', 2)], [('avg_pool_3x3', 3), ('avg_pool_3x3', 4)], [('avg_pool_3x3', 5), ('avg_pool_3x3', 4)], [('max_pool_3x3', 5), ('max_pool_3x3', 4)]], DAG1_concat=range(6, 8), DAG2=[[('skip_connect', 1), ('skip_connect', 0)], [('max_pool_3x3', 2), ('skip_connect', 0)], [('skip_connect', 3), ('max_pool_3x3', 2)], [('skip_connect', 4), ('skip_connect', 3)], [('avg_pool_3x3', 5), ('max_pool_3x3', 4)], [('avg_pool_3x3', 6), ('skip_connect', 4)]], DAG2_concat=range(6, 8), DAG3=[[('skip_connect', 0), ('skip_connect', 1)], [('skip_connect', 2), ('skip_connect', 0)], [('max_pool_3x3', 3), ('skip_connect', 2)], [('skip_connect', 3), ('max_pool_3x3', 4)], [('max_pool_3x3', 5), ('max_pool_3x3', 4)], [('skip_connect', 6), ('avg_pool_3x3', 5)]], DAG3_concat=range(6, 8))
07/04 03:16:44午後 searchStage_main.py:82 [INFO] Until now, best Prec@1 = 11.5200%
####### ALPHA #######
# Alpha - DAG
tensor([[0.2501, 0.2499, 0.2504, 0.2495],
        [0.2497, 0.2496, 0.2504, 0.2503]], device='cuda:0',
       grad_fn=<SoftmaxBackward0>)
tensor([[0.2501, 0.2507, 0.2514, 0.2479],
        [0.2505, 0.2506, 0.2501, 0.2489],
        [0.2505, 0.2512, 0.2476, 0.2507]], device='cuda:0',
       grad_fn=<SoftmaxBackward0>)
tensor([[0.2508, 0.2502, 0.2516, 0.2474],
        [0.2500, 0.2514, 0.2493, 0.2492],
        [0.2497, 0.2508, 0.2499, 0.2497]], device='cuda:0',
       grad_fn=<SoftmaxBackward0>)
tensor([[0.2508, 0.2506, 0.2497, 0.2489],
        [0.2503, 0.2511, 0.2491, 0.2495],
        [0.2503, 0.2509, 0.2492, 0.2496]], device='cuda:0',
       grad_fn=<SoftmaxBackward0>)
tensor([[0.2506, 0.2508, 0.2496, 0.2490],
        [0.2501, 0.2503, 0.2500, 0.2496],
        [0.2499, 0.2503, 0.2497, 0.2501]], device='cuda:0',
       grad_fn=<SoftmaxBackward0>)
tensor([[0.2513, 0.2503, 0.2497, 0.2486],
        [0.2505, 0.2499, 0.2496, 0.2500],
        [0.2503, 0.2503, 0.2493, 0.2502]], device='cuda:0',
       grad_fn=<SoftmaxBackward0>)
tensor([[0.2495, 0.2498, 0.2506, 0.2502],
        [0.2498, 0.2495, 0.2508, 0.2499]], device='cuda:0',
       grad_fn=<SoftmaxBackward0>)
tensor([[0.2503, 0.2494, 0.2506, 0.2497],
        [0.2499, 0.2497, 0.2503, 0.2502],
        [0.2504, 0.2499, 0.2497, 0.2500]], device='cuda:0',
       grad_fn=<SoftmaxBackward0>)
tensor([[0.2498, 0.2499, 0.2503, 0.2501],
        [0.2502, 0.2501, 0.2499, 0.2499],
        [0.2498, 0.2497, 0.2505, 0.2500]], device='cuda:0',
       grad_fn=<SoftmaxBackward0>)
tensor([[0.2499, 0.2501, 0.2500, 0.2500],
        [0.2496, 0.2499, 0.2502, 0.2502],
        [0.2497, 0.2499, 0.2503, 0.2500]], device='cuda:0',
       grad_fn=<SoftmaxBackward0>)
tensor([[0.2499, 0.2497, 0.2508, 0.2496],
        [0.2502, 0.2499, 0.2502, 0.2497],
        [0.2498, 0.2500, 0.2497, 0.2505]], device='cuda:0',
       grad_fn=<SoftmaxBackward0>)
tensor([[0.2498, 0.2498, 0.2508, 0.2496],
        [0.2498, 0.2499, 0.2502, 0.2501],
        [0.2500, 0.2503, 0.2497, 0.2500]], device='cuda:0',
       grad_fn=<SoftmaxBackward0>)
tensor([[0.2503, 0.2491, 0.2506, 0.2500],
        [0.2499, 0.2494, 0.2506, 0.2501]], device='cuda:0',
       grad_fn=<SoftmaxBackward0>)
tensor([[0.2502, 0.2491, 0.2508, 0.2499],
        [0.2501, 0.2494, 0.2502, 0.2503],
        [0.2500, 0.2499, 0.2502, 0.2499]], device='cuda:0',
       grad_fn=<SoftmaxBackward0>)
tensor([[0.2508, 0.2494, 0.2504, 0.2495],
        [0.2498, 0.2495, 0.2504, 0.2503],
        [0.2502, 0.2497, 0.2501, 0.2499]], device='cuda:0',
       grad_fn=<SoftmaxBackward0>)
tensor([[0.2504, 0.2500, 0.2500, 0.2496],
        [0.2503, 0.2492, 0.2505, 0.2500],
        [0.2501, 0.2499, 0.2500, 0.2501]], device='cuda:0',
       grad_fn=<SoftmaxBackward0>)
tensor([[0.2507, 0.2503, 0.2504, 0.2487],
        [0.2502, 0.2498, 0.2497, 0.2503],
        [0.2499, 0.2498, 0.2495, 0.2507]], device='cuda:0',
       grad_fn=<SoftmaxBackward0>)
tensor([[0.2502, 0.2498, 0.2500, 0.2499],
        [0.2502, 0.2502, 0.2493, 0.2503],
        [0.2496, 0.2500, 0.2503, 0.2500]], device='cuda:0',
       grad_fn=<SoftmaxBackward0>)
#####################
07/04 03:17:06午後 searchStage_trainer.py:214 [INFO] Train: Epoch: [2][50/390]	Step 832	lr 0.02491	Loss 3.4369 (3.6788)	Architecture Loss 3.5323 (3.6373)	Prec@(1,5) (11.5%, 36.4%)	
07/04 03:17:27午後 searchStage_trainer.py:214 [INFO] Train: Epoch: [2][100/390]	Step 882	lr 0.02491	Loss 3.6364 (3.6605)	Architecture Loss 3.5834 (3.6292)	Prec@(1,5) (12.2%, 36.5%)	
07/04 03:17:48午後 searchStage_trainer.py:214 [INFO] Train: Epoch: [2][150/390]	Step 932	lr 0.02491	Loss 3.4731 (3.6573)	Architecture Loss 3.2655 (3.6345)	Prec@(1,5) (12.4%, 36.8%)	
07/04 03:18:10午後 searchStage_trainer.py:214 [INFO] Train: Epoch: [2][200/390]	Step 982	lr 0.02491	Loss 3.4788 (3.6478)	Architecture Loss 3.5769 (3.6227)	Prec@(1,5) (12.6%, 37.2%)	
07/04 03:18:32午後 searchStage_trainer.py:214 [INFO] Train: Epoch: [2][250/390]	Step 1032	lr 0.02491	Loss 3.9343 (3.6412)	Architecture Loss 3.5264 (3.6179)	Prec@(1,5) (12.8%, 37.4%)	
07/04 03:18:54午後 searchStage_trainer.py:214 [INFO] Train: Epoch: [2][300/390]	Step 1082	lr 0.02491	Loss 3.5770 (3.6295)	Architecture Loss 3.5646 (3.6060)	Prec@(1,5) (13.1%, 37.8%)	
07/04 03:19:17午後 searchStage_trainer.py:214 [INFO] Train: Epoch: [2][350/390]	Step 1132	lr 0.02491	Loss 3.6461 (3.6156)	Architecture Loss 3.7604 (3.5993)	Prec@(1,5) (13.3%, 38.2%)	
07/04 03:19:33午後 searchStage_trainer.py:214 [INFO] Train: Epoch: [2][390/390]	Step 1172	lr 0.02491	Loss 3.2654 (3.6095)	Architecture Loss 3.4684 (3.5937)	Prec@(1,5) (13.4%, 38.4%)	
07/04 03:19:33午後 searchStage_trainer.py:225 [INFO] Train: [  2/49] Final Prec@1 13.4400%
07/04 03:19:36午後 searchStage_trainer.py:253 [INFO] Valid: Epoch: [2][50/391]	Step 1173	Loss 3.4645	Prec@(1,5) (16.0%, 43.3%)
07/04 03:19:39午後 searchStage_trainer.py:253 [INFO] Valid: Epoch: [2][100/391]	Step 1173	Loss 3.4843	Prec@(1,5) (15.6%, 42.3%)
07/04 03:19:42午後 searchStage_trainer.py:253 [INFO] Valid: Epoch: [2][150/391]	Step 1173	Loss 3.4907	Prec@(1,5) (15.5%, 42.5%)
07/04 03:19:45午後 searchStage_trainer.py:253 [INFO] Valid: Epoch: [2][200/391]	Step 1173	Loss 3.4931	Prec@(1,5) (15.3%, 42.3%)
07/04 03:19:47午後 searchStage_trainer.py:253 [INFO] Valid: Epoch: [2][250/391]	Step 1173	Loss 3.4913	Prec@(1,5) (15.3%, 42.2%)
07/04 03:19:50午後 searchStage_trainer.py:253 [INFO] Valid: Epoch: [2][300/391]	Step 1173	Loss 3.4981	Prec@(1,5) (15.1%, 41.9%)
07/04 03:19:53午後 searchStage_trainer.py:253 [INFO] Valid: Epoch: [2][350/391]	Step 1173	Loss 3.4980	Prec@(1,5) (15.1%, 41.9%)
07/04 03:19:55午後 searchStage_trainer.py:253 [INFO] Valid: Epoch: [2][390/391]	Step 1173	Loss 3.5000	Prec@(1,5) (15.0%, 41.9%)
07/04 03:19:56午後 searchStage_trainer.py:264 [INFO] Valid: [  2/49] Final Prec@1 15.0000%
07/04 03:19:56午後 searchStage_main.py:60 [INFO] DAG = Genotype2(DAG1=[[('skip_connect', 0), ('skip_connect', 1)], [('avg_pool_3x3', 2), ('skip_connect', 0)], [('avg_pool_3x3', 3), ('avg_pool_3x3', 2)], [('avg_pool_3x3', 4), ('avg_pool_3x3', 3)], [('avg_pool_3x3', 5), ('avg_pool_3x3', 4)], [('avg_pool_3x3', 6), ('max_pool_3x3', 5)]], DAG1_concat=range(6, 8), DAG2=[[('skip_connect', 1), ('skip_connect', 0)], [('max_pool_3x3', 2), ('skip_connect', 0)], [('skip_connect', 3), ('max_pool_3x3', 2)], [('skip_connect', 4), ('skip_connect', 3)], [('max_pool_3x3', 5), ('skip_connect', 4)], [('max_pool_3x3', 6), ('skip_connect', 5)]], DAG2_concat=range(6, 8), DAG3=[[('skip_connect', 0), ('skip_connect', 1)], [('max_pool_3x3', 2), ('skip_connect', 0)], [('max_pool_3x3', 3), ('skip_connect', 2)], [('max_pool_3x3', 4), ('max_pool_3x3', 3)], [('max_pool_3x3', 5), ('max_pool_3x3', 4)], [('max_pool_3x3', 5), ('skip_connect', 6)]], DAG3_concat=range(6, 8))
07/04 03:19:56午後 searchStage_main.py:82 [INFO] Until now, best Prec@1 = 15.0000%
####### ALPHA #######
# Alpha - DAG
tensor([[0.2502, 0.2498, 0.2505, 0.2495],
        [0.2497, 0.2495, 0.2505, 0.2504]], device='cuda:0',
       grad_fn=<SoftmaxBackward0>)
tensor([[0.2502, 0.2506, 0.2516, 0.2477],
        [0.2506, 0.2504, 0.2502, 0.2488],
        [0.2504, 0.2512, 0.2475, 0.2509]], device='cuda:0',
       grad_fn=<SoftmaxBackward0>)
tensor([[0.2508, 0.2498, 0.2528, 0.2466],
        [0.2500, 0.2514, 0.2492, 0.2494],
        [0.2496, 0.2508, 0.2497, 0.2499]], device='cuda:0',
       grad_fn=<SoftmaxBackward0>)
tensor([[0.2508, 0.2506, 0.2498, 0.2488],
        [0.2503, 0.2511, 0.2491, 0.2496],
        [0.2503, 0.2508, 0.2493, 0.2496]], device='cuda:0',
       grad_fn=<SoftmaxBackward0>)
tensor([[0.2505, 0.2508, 0.2499, 0.2487],
        [0.2500, 0.2504, 0.2501, 0.2495],
        [0.2496, 0.2504, 0.2496, 0.2504]], device='cuda:0',
       grad_fn=<SoftmaxBackward0>)
tensor([[0.2518, 0.2502, 0.2498, 0.2481],
        [0.2506, 0.2499, 0.2495, 0.2500],
        [0.2502, 0.2502, 0.2492, 0.2504]], device='cuda:0',
       grad_fn=<SoftmaxBackward0>)
tensor([[0.2495, 0.2496, 0.2508, 0.2502],
        [0.2498, 0.2493, 0.2509, 0.2499]], device='cuda:0',
       grad_fn=<SoftmaxBackward0>)
tensor([[0.2504, 0.2491, 0.2510, 0.2496],
        [0.2499, 0.2493, 0.2506, 0.2502],
        [0.2504, 0.2498, 0.2497, 0.2501]], device='cuda:0',
       grad_fn=<SoftmaxBackward0>)
tensor([[0.2499, 0.2496, 0.2506, 0.2499],
        [0.2502, 0.2499, 0.2500, 0.2500],
        [0.2499, 0.2496, 0.2505, 0.2500]], device='cuda:0',
       grad_fn=<SoftmaxBackward0>)
tensor([[0.2499, 0.2500, 0.2501, 0.2500],
        [0.2497, 0.2498, 0.2503, 0.2502],
        [0.2497, 0.2498, 0.2504, 0.2501]], device='cuda:0',
       grad_fn=<SoftmaxBackward0>)
tensor([[0.2499, 0.2495, 0.2512, 0.2494],
        [0.2503, 0.2497, 0.2504, 0.2497],
        [0.2499, 0.2498, 0.2498, 0.2506]], device='cuda:0',
       grad_fn=<SoftmaxBackward0>)
tensor([[0.2500, 0.2497, 0.2509, 0.2494],
        [0.2499, 0.2498, 0.2503, 0.2500],
        [0.2501, 0.2500, 0.2497, 0.2502]], device='cuda:0',
       grad_fn=<SoftmaxBackward0>)
tensor([[0.2506, 0.2486, 0.2507, 0.2500],
        [0.2501, 0.2490, 0.2507, 0.2501]], device='cuda:0',
       grad_fn=<SoftmaxBackward0>)
tensor([[0.2507, 0.2485, 0.2508, 0.2499],
        [0.2505, 0.2489, 0.2503, 0.2503],
        [0.2503, 0.2498, 0.2501, 0.2498]], device='cuda:0',
       grad_fn=<SoftmaxBackward0>)
tensor([[0.2515, 0.2489, 0.2503, 0.2493],
        [0.2500, 0.2492, 0.2503, 0.2504],
        [0.2506, 0.2495, 0.2500, 0.2499]], device='cuda:0',
       grad_fn=<SoftmaxBackward0>)
tensor([[0.2507, 0.2498, 0.2499, 0.2497],
        [0.2507, 0.2490, 0.2503, 0.2500],
        [0.2503, 0.2497, 0.2500, 0.2501]], device='cuda:0',
       grad_fn=<SoftmaxBackward0>)
tensor([[0.2513, 0.2503, 0.2503, 0.2481],
        [0.2507, 0.2498, 0.2493, 0.2503],
        [0.2502, 0.2497, 0.2488, 0.2513]], device='cuda:0',
       grad_fn=<SoftmaxBackward0>)
tensor([[0.2509, 0.2497, 0.2499, 0.2496],
        [0.2507, 0.2501, 0.2489, 0.2503],
        [0.2498, 0.2499, 0.2500, 0.2504]], device='cuda:0',
       grad_fn=<SoftmaxBackward0>)
#####################
07/04 03:20:18午後 searchStage_trainer.py:214 [INFO] Train: Epoch: [3][50/390]	Step 1223	lr 0.02479	Loss 3.6808 (3.4907)	Architecture Loss 3.5895 (3.4558)	Prec@(1,5) (14.5%, 41.4%)	
07/04 03:20:40午後 searchStage_trainer.py:214 [INFO] Train: Epoch: [3][100/390]	Step 1273	lr 0.02479	Loss 3.5420 (3.4648)	Architecture Loss 3.5908 (3.4821)	Prec@(1,5) (15.6%, 42.2%)	
07/04 03:21:01午後 searchStage_trainer.py:214 [INFO] Train: Epoch: [3][150/390]	Step 1323	lr 0.02479	Loss 3.3595 (3.4485)	Architecture Loss 3.5336 (3.4667)	Prec@(1,5) (16.2%, 42.9%)	
07/04 03:21:23午後 searchStage_trainer.py:214 [INFO] Train: Epoch: [3][200/390]	Step 1373	lr 0.02479	Loss 3.4321 (3.4334)	Architecture Loss 3.0641 (3.4702)	Prec@(1,5) (16.4%, 43.5%)	
07/04 03:21:43午後 searchStage_trainer.py:214 [INFO] Train: Epoch: [3][250/390]	Step 1423	lr 0.02479	Loss 3.6976 (3.4235)	Architecture Loss 3.1984 (3.4576)	Prec@(1,5) (16.6%, 43.7%)	
07/04 03:22:04午後 searchStage_trainer.py:214 [INFO] Train: Epoch: [3][300/390]	Step 1473	lr 0.02479	Loss 3.1983 (3.4184)	Architecture Loss 3.4584 (3.4464)	Prec@(1,5) (16.6%, 43.9%)	
07/04 03:22:26午後 searchStage_trainer.py:214 [INFO] Train: Epoch: [3][350/390]	Step 1523	lr 0.02479	Loss 3.3337 (3.4073)	Architecture Loss 3.3871 (3.4254)	Prec@(1,5) (17.0%, 44.3%)	
07/04 03:22:43午後 searchStage_trainer.py:214 [INFO] Train: Epoch: [3][390/390]	Step 1563	lr 0.02479	Loss 3.2500 (3.4008)	Architecture Loss 3.1647 (3.4141)	Prec@(1,5) (17.1%, 44.5%)	
07/04 03:22:43午後 searchStage_trainer.py:225 [INFO] Train: [  3/49] Final Prec@1 17.0600%
07/04 03:22:46午後 searchStage_trainer.py:253 [INFO] Valid: Epoch: [3][50/391]	Step 1564	Loss 3.3300	Prec@(1,5) (19.7%, 46.6%)
07/04 03:22:49午後 searchStage_trainer.py:253 [INFO] Valid: Epoch: [3][100/391]	Step 1564	Loss 3.3323	Prec@(1,5) (19.7%, 46.8%)
07/04 03:22:52午後 searchStage_trainer.py:253 [INFO] Valid: Epoch: [3][150/391]	Step 1564	Loss 3.3219	Prec@(1,5) (19.7%, 46.9%)
07/04 03:22:55午後 searchStage_trainer.py:253 [INFO] Valid: Epoch: [3][200/391]	Step 1564	Loss 3.3275	Prec@(1,5) (19.6%, 46.9%)
07/04 03:22:58午後 searchStage_trainer.py:253 [INFO] Valid: Epoch: [3][250/391]	Step 1564	Loss 3.3281	Prec@(1,5) (19.5%, 46.8%)
07/04 03:23:01午後 searchStage_trainer.py:253 [INFO] Valid: Epoch: [3][300/391]	Step 1564	Loss 3.3220	Prec@(1,5) (19.6%, 46.9%)
07/04 03:23:03午後 searchStage_trainer.py:253 [INFO] Valid: Epoch: [3][350/391]	Step 1564	Loss 3.3228	Prec@(1,5) (19.4%, 46.8%)
07/04 03:23:06午後 searchStage_trainer.py:253 [INFO] Valid: Epoch: [3][390/391]	Step 1564	Loss 3.3171	Prec@(1,5) (19.4%, 47.0%)
07/04 03:23:06午後 searchStage_trainer.py:264 [INFO] Valid: [  3/49] Final Prec@1 19.3960%
07/04 03:23:06午後 searchStage_main.py:60 [INFO] DAG = Genotype2(DAG1=[[('skip_connect', 0), ('skip_connect', 1)], [('avg_pool_3x3', 2), ('skip_connect', 0)], [('avg_pool_3x3', 3), ('avg_pool_3x3', 2)], [('avg_pool_3x3', 4), ('avg_pool_3x3', 3)], [('avg_pool_3x3', 5), ('avg_pool_3x3', 4)], [('avg_pool_3x3', 6), ('max_pool_3x3', 5)]], DAG1_concat=range(6, 8), DAG2=[[('skip_connect', 1), ('skip_connect', 0)], [('max_pool_3x3', 2), ('skip_connect', 0)], [('skip_connect', 3), ('max_pool_3x3', 2)], [('skip_connect', 4), ('skip_connect', 3)], [('max_pool_3x3', 5), ('skip_connect', 4)], [('max_pool_3x3', 6), ('skip_connect', 5)]], DAG2_concat=range(6, 8), DAG3=[[('skip_connect', 0), ('skip_connect', 1)], [('max_pool_3x3', 2), ('skip_connect', 0)], [('max_pool_3x3', 3), ('skip_connect', 2)], [('max_pool_3x3', 4), ('max_pool_3x3', 3)], [('max_pool_3x3', 5), ('max_pool_3x3', 4)], [('max_pool_3x3', 6), ('max_pool_3x3', 5)]], DAG3_concat=range(6, 8))
07/04 03:23:06午後 searchStage_main.py:82 [INFO] Until now, best Prec@1 = 19.3960%
####### ALPHA #######
# Alpha - DAG
tensor([[0.2501, 0.2497, 0.2506, 0.2496],
        [0.2497, 0.2494, 0.2506, 0.2503]], device='cuda:0',
       grad_fn=<SoftmaxBackward0>)
tensor([[0.2501, 0.2505, 0.2519, 0.2475],
        [0.2505, 0.2503, 0.2504, 0.2488],
        [0.2502, 0.2512, 0.2476, 0.2510]], device='cuda:0',
       grad_fn=<SoftmaxBackward0>)
tensor([[0.2504, 0.2492, 0.2550, 0.2454],
        [0.2498, 0.2513, 0.2492, 0.2497],
        [0.2494, 0.2508, 0.2496, 0.2503]], device='cuda:0',
       grad_fn=<SoftmaxBackward0>)
tensor([[0.2507, 0.2506, 0.2499, 0.2488],
        [0.2502, 0.2511, 0.2492, 0.2495],
        [0.2502, 0.2508, 0.2494, 0.2496]], device='cuda:0',
       grad_fn=<SoftmaxBackward0>)
tensor([[0.2503, 0.2509, 0.2505, 0.2483],
        [0.2497, 0.2504, 0.2501, 0.2498],
        [0.2494, 0.2505, 0.2498, 0.2504]], device='cuda:0',
       grad_fn=<SoftmaxBackward0>)
tensor([[0.2523, 0.2500, 0.2500, 0.2477],
        [0.2505, 0.2499, 0.2496, 0.2499],
        [0.2499, 0.2502, 0.2491, 0.2508]], device='cuda:0',
       grad_fn=<SoftmaxBackward0>)
tensor([[0.2494, 0.2495, 0.2509, 0.2502],
        [0.2497, 0.2492, 0.2511, 0.2499]], device='cuda:0',
       grad_fn=<SoftmaxBackward0>)
tensor([[0.2504, 0.2488, 0.2512, 0.2495],
        [0.2499, 0.2491, 0.2509, 0.2500],
        [0.2504, 0.2497, 0.2497, 0.2503]], device='cuda:0',
       grad_fn=<SoftmaxBackward0>)
tensor([[0.2500, 0.2495, 0.2510, 0.2495],
        [0.2501, 0.2497, 0.2500, 0.2501],
        [0.2498, 0.2495, 0.2506, 0.2502]], device='cuda:0',
       grad_fn=<SoftmaxBackward0>)
tensor([[0.2499, 0.2500, 0.2503, 0.2498],
        [0.2496, 0.2497, 0.2504, 0.2503],
        [0.2497, 0.2498, 0.2504, 0.2502]], device='cuda:0',
       grad_fn=<SoftmaxBackward0>)
tensor([[0.2498, 0.2494, 0.2516, 0.2492],
        [0.2501, 0.2495, 0.2507, 0.2497],
        [0.2498, 0.2496, 0.2498, 0.2508]], device='cuda:0',
       grad_fn=<SoftmaxBackward0>)
tensor([[0.2500, 0.2496, 0.2513, 0.2490],
        [0.2499, 0.2497, 0.2503, 0.2501],
        [0.2501, 0.2499, 0.2496, 0.2504]], device='cuda:0',
       grad_fn=<SoftmaxBackward0>)
tensor([[0.2506, 0.2483, 0.2510, 0.2501],
        [0.2502, 0.2487, 0.2510, 0.2501]], device='cuda:0',
       grad_fn=<SoftmaxBackward0>)
tensor([[0.2510, 0.2480, 0.2511, 0.2499],
        [0.2508, 0.2483, 0.2506, 0.2503],
        [0.2504, 0.2496, 0.2502, 0.2498]], device='cuda:0',
       grad_fn=<SoftmaxBackward0>)
tensor([[0.2520, 0.2484, 0.2505, 0.2491],
        [0.2502, 0.2490, 0.2504, 0.2504],
        [0.2507, 0.2493, 0.2500, 0.2500]], device='cuda:0',
       grad_fn=<SoftmaxBackward0>)
tensor([[0.2510, 0.2495, 0.2499, 0.2496],
        [0.2510, 0.2487, 0.2503, 0.2500],
        [0.2505, 0.2494, 0.2500, 0.2501]], device='cuda:0',
       grad_fn=<SoftmaxBackward0>)
tensor([[0.2519, 0.2500, 0.2504, 0.2476],
        [0.2512, 0.2494, 0.2491, 0.2503],
        [0.2505, 0.2493, 0.2486, 0.2516]], device='cuda:0',
       grad_fn=<SoftmaxBackward0>)
tensor([[0.2514, 0.2494, 0.2498, 0.2494],
        [0.2510, 0.2498, 0.2488, 0.2503],
        [0.2499, 0.2496, 0.2499, 0.2505]], device='cuda:0',
       grad_fn=<SoftmaxBackward0>)
#####################
07/04 03:23:29午後 searchStage_trainer.py:214 [INFO] Train: Epoch: [4][50/390]	Step 1614	lr 0.02462	Loss 3.6280 (3.2376)	Architecture Loss 3.4302 (3.2672)	Prec@(1,5) (20.4%, 48.5%)	
07/04 03:23:50午後 searchStage_trainer.py:214 [INFO] Train: Epoch: [4][100/390]	Step 1664	lr 0.02462	Loss 3.3275 (3.2554)	Architecture Loss 3.3076 (3.2788)	Prec@(1,5) (20.0%, 48.2%)	
07/04 03:24:11午後 searchStage_trainer.py:214 [INFO] Train: Epoch: [4][150/390]	Step 1714	lr 0.02462	Loss 3.2638 (3.2628)	Architecture Loss 3.1622 (3.2800)	Prec@(1,5) (19.6%, 48.0%)	
07/04 03:24:32午後 searchStage_trainer.py:214 [INFO] Train: Epoch: [4][200/390]	Step 1764	lr 0.02462	Loss 3.1509 (3.2620)	Architecture Loss 3.2895 (3.2754)	Prec@(1,5) (19.5%, 48.0%)	
07/04 03:24:54午後 searchStage_trainer.py:214 [INFO] Train: Epoch: [4][250/390]	Step 1814	lr 0.02462	Loss 3.3208 (3.2571)	Architecture Loss 3.6589 (3.2690)	Prec@(1,5) (19.5%, 48.3%)	
07/04 03:25:16午後 searchStage_trainer.py:214 [INFO] Train: Epoch: [4][300/390]	Step 1864	lr 0.02462	Loss 3.2848 (3.2500)	Architecture Loss 3.3012 (3.2624)	Prec@(1,5) (19.8%, 48.6%)	
07/04 03:25:37午後 searchStage_trainer.py:214 [INFO] Train: Epoch: [4][350/390]	Step 1914	lr 0.02462	Loss 3.1577 (3.2384)	Architecture Loss 3.1849 (3.2600)	Prec@(1,5) (20.1%, 48.9%)	
07/04 03:25:55午後 searchStage_trainer.py:214 [INFO] Train: Epoch: [4][390/390]	Step 1954	lr 0.02462	Loss 2.9272 (3.2267)	Architecture Loss 3.7959 (3.2527)	Prec@(1,5) (20.3%, 49.2%)	
07/04 03:25:55午後 searchStage_trainer.py:225 [INFO] Train: [  4/49] Final Prec@1 20.3000%
07/04 03:25:58午後 searchStage_trainer.py:253 [INFO] Valid: Epoch: [4][50/391]	Step 1955	Loss 3.1547	Prec@(1,5) (22.5%, 51.6%)
07/04 03:26:01午後 searchStage_trainer.py:253 [INFO] Valid: Epoch: [4][100/391]	Step 1955	Loss 3.1554	Prec@(1,5) (22.4%, 52.0%)
07/04 03:26:04午後 searchStage_trainer.py:253 [INFO] Valid: Epoch: [4][150/391]	Step 1955	Loss 3.1286	Prec@(1,5) (23.1%, 52.5%)
07/04 03:26:06午後 searchStage_trainer.py:253 [INFO] Valid: Epoch: [4][200/391]	Step 1955	Loss 3.1338	Prec@(1,5) (22.9%, 52.5%)
07/04 03:26:08午後 searchStage_trainer.py:253 [INFO] Valid: Epoch: [4][250/391]	Step 1955	Loss 3.1371	Prec@(1,5) (23.1%, 52.2%)
07/04 03:26:11午後 searchStage_trainer.py:253 [INFO] Valid: Epoch: [4][300/391]	Step 1955	Loss 3.1397	Prec@(1,5) (22.9%, 52.1%)
07/04 03:26:14午後 searchStage_trainer.py:253 [INFO] Valid: Epoch: [4][350/391]	Step 1955	Loss 3.1414	Prec@(1,5) (22.8%, 52.1%)
07/04 03:26:16午後 searchStage_trainer.py:253 [INFO] Valid: Epoch: [4][390/391]	Step 1955	Loss 3.1427	Prec@(1,5) (22.7%, 52.0%)
07/04 03:26:16午後 searchStage_trainer.py:264 [INFO] Valid: [  4/49] Final Prec@1 22.7320%
07/04 03:26:17午後 searchStage_main.py:60 [INFO] DAG = Genotype2(DAG1=[[('skip_connect', 0), ('skip_connect', 1)], [('avg_pool_3x3', 2), ('skip_connect', 0)], [('avg_pool_3x3', 3), ('avg_pool_3x3', 2)], [('avg_pool_3x3', 4), ('avg_pool_3x3', 3)], [('avg_pool_3x3', 5), ('skip_connect', 4)], [('avg_pool_3x3', 6), ('max_pool_3x3', 5)]], DAG1_concat=range(6, 8), DAG2=[[('skip_connect', 1), ('skip_connect', 0)], [('max_pool_3x3', 2), ('skip_connect', 0)], [('skip_connect', 3), ('skip_connect', 2)], [('skip_connect', 4), ('skip_connect', 3)], [('skip_connect', 5), ('skip_connect', 4)], [('max_pool_3x3', 6), ('skip_connect', 5)]], DAG2_concat=range(6, 8), DAG3=[[('skip_connect', 0), ('skip_connect', 1)], [('max_pool_3x3', 2), ('skip_connect', 0)], [('max_pool_3x3', 3), ('skip_connect', 2)], [('max_pool_3x3', 4), ('max_pool_3x3', 3)], [('max_pool_3x3', 5), ('max_pool_3x3', 4)], [('max_pool_3x3', 6), ('max_pool_3x3', 5)]], DAG3_concat=range(6, 8))
07/04 03:26:17午後 searchStage_main.py:82 [INFO] Until now, best Prec@1 = 22.7320%
####### ALPHA #######
# Alpha - DAG
tensor([[0.2500, 0.2496, 0.2507, 0.2496],
        [0.2496, 0.2493, 0.2507, 0.2504]], device='cuda:0',
       grad_fn=<SoftmaxBackward0>)
tensor([[0.2498, 0.2504, 0.2525, 0.2472],
        [0.2502, 0.2502, 0.2509, 0.2487],
        [0.2501, 0.2511, 0.2476, 0.2511]], device='cuda:0',
       grad_fn=<SoftmaxBackward0>)
tensor([[0.2494, 0.2483, 0.2577, 0.2446],
        [0.2497, 0.2513, 0.2492, 0.2498],
        [0.2492, 0.2507, 0.2495, 0.2507]], device='cuda:0',
       grad_fn=<SoftmaxBackward0>)
tensor([[0.2507, 0.2506, 0.2500, 0.2488],
        [0.2502, 0.2510, 0.2492, 0.2496],
        [0.2501, 0.2508, 0.2495, 0.2496]], device='cuda:0',
       grad_fn=<SoftmaxBackward0>)
tensor([[0.2502, 0.2507, 0.2509, 0.2482],
        [0.2497, 0.2503, 0.2503, 0.2497],
        [0.2492, 0.2504, 0.2498, 0.2506]], device='cuda:0',
       grad_fn=<SoftmaxBackward0>)
tensor([[0.2527, 0.2498, 0.2502, 0.2473],
        [0.2505, 0.2498, 0.2497, 0.2501],
        [0.2497, 0.2501, 0.2491, 0.2511]], device='cuda:0',
       grad_fn=<SoftmaxBackward0>)
tensor([[0.2495, 0.2493, 0.2510, 0.2502],
        [0.2497, 0.2491, 0.2513, 0.2499]], device='cuda:0',
       grad_fn=<SoftmaxBackward0>)
tensor([[0.2504, 0.2486, 0.2515, 0.2495],
        [0.2499, 0.2489, 0.2512, 0.2500],
        [0.2504, 0.2496, 0.2496, 0.2503]], device='cuda:0',
       grad_fn=<SoftmaxBackward0>)
tensor([[0.2500, 0.2492, 0.2514, 0.2494],
        [0.2501, 0.2496, 0.2502, 0.2501],
        [0.2498, 0.2494, 0.2505, 0.2503]], device='cuda:0',
       grad_fn=<SoftmaxBackward0>)
tensor([[0.2499, 0.2499, 0.2504, 0.2498],
        [0.2496, 0.2496, 0.2505, 0.2503],
        [0.2496, 0.2497, 0.2505, 0.2502]], device='cuda:0',
       grad_fn=<SoftmaxBackward0>)
tensor([[0.2498, 0.2492, 0.2521, 0.2489],
        [0.2501, 0.2493, 0.2507, 0.2499],
        [0.2498, 0.2495, 0.2499, 0.2508]], device='cuda:0',
       grad_fn=<SoftmaxBackward0>)
tensor([[0.2500, 0.2494, 0.2516, 0.2489],
        [0.2499, 0.2495, 0.2504, 0.2501],
        [0.2501, 0.2497, 0.2496, 0.2505]], device='cuda:0',
       grad_fn=<SoftmaxBackward0>)
tensor([[0.2507, 0.2480, 0.2512, 0.2501],
        [0.2503, 0.2484, 0.2512, 0.2501]], device='cuda:0',
       grad_fn=<SoftmaxBackward0>)
tensor([[0.2513, 0.2473, 0.2514, 0.2501],
        [0.2511, 0.2478, 0.2508, 0.2502],
        [0.2505, 0.2495, 0.2502, 0.2498]], device='cuda:0',
       grad_fn=<SoftmaxBackward0>)
tensor([[0.2525, 0.2480, 0.2507, 0.2488],
        [0.2503, 0.2488, 0.2504, 0.2505],
        [0.2508, 0.2491, 0.2500, 0.2501]], device='cuda:0',
       grad_fn=<SoftmaxBackward0>)
tensor([[0.2511, 0.2494, 0.2500, 0.2495],
        [0.2512, 0.2485, 0.2502, 0.2501],
        [0.2506, 0.2493, 0.2500, 0.2501]], device='cuda:0',
       grad_fn=<SoftmaxBackward0>)
tensor([[0.2525, 0.2498, 0.2506, 0.2471],
        [0.2517, 0.2490, 0.2491, 0.2503],
