05/27 11:10:49PM parser.py:28 [INFO] 
05/27 11:10:49PM parser.py:29 [INFO] Parameters:
05/27 11:10:49PM parser.py:31 [INFO] DAG_PATH=results/search_Stage/CIFAR10/SCRATCH_SPEC/EXP-20240527-231049/DAG
05/27 11:10:49PM parser.py:31 [INFO] ALPHA_LR=0.0003
05/27 11:10:49PM parser.py:31 [INFO] ALPHA_WEIGHT_DECAY=0.001
05/27 11:10:49PM parser.py:31 [INFO] BATCH_SIZE=64
05/27 11:10:49PM parser.py:31 [INFO] CHECKPOINT_RESET=False
05/27 11:10:49PM parser.py:31 [INFO] DATA_PATH=../data/
05/27 11:10:49PM parser.py:31 [INFO] DATASET=CIFAR10
05/27 11:10:49PM parser.py:31 [INFO] EPOCHS=50
05/27 11:10:49PM parser.py:31 [INFO] EXP_NAME=EXP-20240527-231049
05/27 11:10:49PM parser.py:31 [INFO] GENOTYPE=Genotype(normal=[[('sep_conv_3x3', 1), ('sep_conv_3x3', 0)], [('skip_connect', 0), ('sep_conv_3x3', 1)], [('skip_connect', 0), ('sep_conv_3x3', 1)], [('sep_conv_3x3', 0), ('skip_connect', 2)]], normal_concat=[2, 3, 4, 5], reduce=[[('max_pool_3x3', 0), ('max_pool_3x3', 1)], [('skip_connect', 2), ('max_pool_3x3', 0)], [('max_pool_3x3', 0), ('skip_connect', 2)], [('skip_connect', 2), ('avg_pool_3x3', 0)]], reduce_concat=[2, 3, 4, 5])
05/27 11:10:49PM parser.py:31 [INFO] GPUS=[0]
05/27 11:10:49PM parser.py:31 [INFO] INIT_CHANNELS=16
05/27 11:10:49PM parser.py:31 [INFO] LAYERS=20
05/27 11:10:49PM parser.py:31 [INFO] LOCAL_RANK=0
05/27 11:10:49PM parser.py:31 [INFO] LOGGER=<Logger H-DAS (INFO)>
05/27 11:10:49PM parser.py:31 [INFO] NAME=SCRATCH_SPEC
05/27 11:10:49PM parser.py:31 [INFO] PATH=results/search_Stage/CIFAR10/SCRATCH_SPEC/EXP-20240527-231049
05/27 11:10:49PM parser.py:31 [INFO] PRINT_FREQ=50
05/27 11:10:49PM parser.py:31 [INFO] RESUME_PATH=None
05/27 11:10:49PM parser.py:31 [INFO] SAVE=EXP
05/27 11:10:49PM parser.py:31 [INFO] SEED=2
05/27 11:10:49PM parser.py:31 [INFO] SHARE_STAGE=False
05/27 11:10:49PM parser.py:31 [INFO] TRAIN_PORTION=0.5
05/27 11:10:49PM parser.py:31 [INFO] W_GRAD_CLIP=5.0
05/27 11:10:49PM parser.py:31 [INFO] W_LR=0.025
05/27 11:10:49PM parser.py:31 [INFO] W_LR_MIN=0.001
05/27 11:10:49PM parser.py:31 [INFO] W_MOMENTUM=0.9
05/27 11:10:49PM parser.py:31 [INFO] W_WEIGHT_DECAY=0.0003
05/27 11:10:49PM parser.py:31 [INFO] WORKERS=4
05/27 11:10:49PM parser.py:32 [INFO] 
05/27 11:10:50PM searchStage_trainer.py:103 [INFO] --> No loaded checkpoint!
####### ALPHA #######
# Alpha - DAG
tensor([[0.2502, 0.2500, 0.2500, 0.2498],
        [0.2502, 0.2497, 0.2500, 0.2500]], device='cuda:0',
       grad_fn=<SoftmaxBackward0>)
tensor([[0.2499, 0.2497, 0.2503, 0.2501],
        [0.2499, 0.2499, 0.2502, 0.2500],
        [0.2502, 0.2499, 0.2500, 0.2499]], device='cuda:0',
       grad_fn=<SoftmaxBackward0>)
tensor([[0.2502, 0.2498, 0.2503, 0.2498],
        [0.2499, 0.2501, 0.2501, 0.2500],
        [0.2500, 0.2501, 0.2500, 0.2499]], device='cuda:0',
       grad_fn=<SoftmaxBackward0>)
tensor([[0.2499, 0.2501, 0.2501, 0.2499],
        [0.2497, 0.2504, 0.2499, 0.2501],
        [0.2501, 0.2501, 0.2501, 0.2497]], device='cuda:0',
       grad_fn=<SoftmaxBackward0>)
tensor([[0.2498, 0.2501, 0.2499, 0.2502],
        [0.2502, 0.2499, 0.2499, 0.2500],
        [0.2498, 0.2501, 0.2502, 0.2499]], device='cuda:0',
       grad_fn=<SoftmaxBackward0>)
tensor([[0.2500, 0.2502, 0.2496, 0.2502],
        [0.2504, 0.2499, 0.2499, 0.2498],
        [0.2501, 0.2501, 0.2497, 0.2502]], device='cuda:0',
       grad_fn=<SoftmaxBackward0>)
tensor([[0.2495, 0.2500, 0.2501, 0.2503],
        [0.2501, 0.2498, 0.2503, 0.2498]], device='cuda:0',
       grad_fn=<SoftmaxBackward0>)
tensor([[0.2497, 0.2497, 0.2503, 0.2502],
        [0.2497, 0.2501, 0.2500, 0.2502],
        [0.2504, 0.2500, 0.2498, 0.2499]], device='cuda:0',
       grad_fn=<SoftmaxBackward0>)
tensor([[0.2496, 0.2502, 0.2500, 0.2502],
        [0.2500, 0.2503, 0.2497, 0.2499],
        [0.2497, 0.2498, 0.2502, 0.2503]], device='cuda:0',
       grad_fn=<SoftmaxBackward0>)
tensor([[0.2499, 0.2503, 0.2498, 0.2500],
        [0.2497, 0.2501, 0.2501, 0.2501],
        [0.2498, 0.2499, 0.2500, 0.2503]], device='cuda:0',
       grad_fn=<SoftmaxBackward0>)
tensor([[0.2499, 0.2499, 0.2502, 0.2501],
        [0.2503, 0.2500, 0.2499, 0.2498],
        [0.2502, 0.2501, 0.2497, 0.2500]], device='cuda:0',
       grad_fn=<SoftmaxBackward0>)
tensor([[0.2497, 0.2499, 0.2505, 0.2499],
        [0.2497, 0.2500, 0.2501, 0.2501],
        [0.2501, 0.2503, 0.2496, 0.2499]], device='cuda:0',
       grad_fn=<SoftmaxBackward0>)
tensor([[0.2500, 0.2497, 0.2502, 0.2501],
        [0.2497, 0.2500, 0.2502, 0.2501]], device='cuda:0',
       grad_fn=<SoftmaxBackward0>)
tensor([[0.2498, 0.2498, 0.2502, 0.2502],
        [0.2500, 0.2500, 0.2498, 0.2502],
        [0.2496, 0.2503, 0.2503, 0.2499]], device='cuda:0',
       grad_fn=<SoftmaxBackward0>)
tensor([[0.2501, 0.2500, 0.2502, 0.2498],
        [0.2497, 0.2498, 0.2504, 0.2501],
        [0.2501, 0.2500, 0.2499, 0.2500]], device='cuda:0',
       grad_fn=<SoftmaxBackward0>)
tensor([[0.2502, 0.2503, 0.2497, 0.2498],
        [0.2501, 0.2495, 0.2503, 0.2500],
        [0.2499, 0.2502, 0.2501, 0.2499]], device='cuda:0',
       grad_fn=<SoftmaxBackward0>)
tensor([[0.2502, 0.2501, 0.2499, 0.2498],
        [0.2502, 0.2500, 0.2496, 0.2502],
        [0.2498, 0.2502, 0.2500, 0.2499]], device='cuda:0',
       grad_fn=<SoftmaxBackward0>)
tensor([[0.2500, 0.2499, 0.2499, 0.2502],
        [0.2499, 0.2504, 0.2497, 0.2500],
        [0.2497, 0.2500, 0.2501, 0.2502]], device='cuda:0',
       grad_fn=<SoftmaxBackward0>)
#####################
05/27 11:11:06PM searchStage_trainer.py:211 [INFO] Train: Epoch: [0][50/390]	Step 50	lr 0.025	Loss 2.2450 (2.2707)	Prec@(1,5) (16.6%, 65.5%)	
05/27 11:11:22PM searchStage_trainer.py:211 [INFO] Train: Epoch: [0][100/390]	Step 100	lr 0.025	Loss 1.9055 (2.1660)	Prec@(1,5) (19.9%, 72.9%)	
05/27 11:11:37PM searchStage_trainer.py:211 [INFO] Train: Epoch: [0][150/390]	Step 150	lr 0.025	Loss 1.9861 (2.0913)	Prec@(1,5) (22.3%, 76.6%)	
05/27 11:11:52PM searchStage_trainer.py:211 [INFO] Train: Epoch: [0][200/390]	Step 200	lr 0.025	Loss 1.9174 (2.0259)	Prec@(1,5) (24.5%, 78.7%)	
05/27 11:12:08PM searchStage_trainer.py:211 [INFO] Train: Epoch: [0][250/390]	Step 250	lr 0.025	Loss 1.6086 (1.9630)	Prec@(1,5) (27.0%, 80.4%)	
05/27 11:12:23PM searchStage_trainer.py:211 [INFO] Train: Epoch: [0][300/390]	Step 300	lr 0.025	Loss 1.5372 (1.9180)	Prec@(1,5) (28.7%, 81.7%)	
05/27 11:12:38PM searchStage_trainer.py:211 [INFO] Train: Epoch: [0][350/390]	Step 350	lr 0.025	Loss 1.6203 (1.8783)	Prec@(1,5) (30.2%, 82.7%)	
05/27 11:12:51PM searchStage_trainer.py:211 [INFO] Train: Epoch: [0][390/390]	Step 390	lr 0.025	Loss 1.6413 (1.8531)	Prec@(1,5) (31.1%, 83.4%)	
05/27 11:12:51PM searchStage_trainer.py:221 [INFO] Train: [  0/49] Final Prec@1 31.1320%
05/27 11:12:54PM searchStage_trainer.py:249 [INFO] Valid: Epoch: [0][50/391]	Step 391	Loss 1.6091	Prec@(1,5) (38.0%, 88.9%)
05/27 11:12:57PM searchStage_trainer.py:249 [INFO] Valid: Epoch: [0][100/391]	Step 391	Loss 1.6099	Prec@(1,5) (38.0%, 88.8%)
05/27 11:12:59PM searchStage_trainer.py:249 [INFO] Valid: Epoch: [0][150/391]	Step 391	Loss 1.6071	Prec@(1,5) (38.5%, 88.8%)
05/27 11:13:02PM searchStage_trainer.py:249 [INFO] Valid: Epoch: [0][200/391]	Step 391	Loss 1.6123	Prec@(1,5) (38.3%, 88.8%)
05/27 11:13:04PM searchStage_trainer.py:249 [INFO] Valid: Epoch: [0][250/391]	Step 391	Loss 1.6192	Prec@(1,5) (38.1%, 88.6%)
05/27 11:13:07PM searchStage_trainer.py:249 [INFO] Valid: Epoch: [0][300/391]	Step 391	Loss 1.6209	Prec@(1,5) (38.2%, 88.7%)
05/27 11:13:09PM searchStage_trainer.py:249 [INFO] Valid: Epoch: [0][350/391]	Step 391	Loss 1.6210	Prec@(1,5) (38.2%, 88.6%)
05/27 11:13:11PM searchStage_trainer.py:249 [INFO] Valid: Epoch: [0][390/391]	Step 391	Loss 1.6223	Prec@(1,5) (38.2%, 88.6%)
05/27 11:13:11PM searchStage_trainer.py:260 [INFO] Valid: [  0/49] Final Prec@1 38.1760%
05/27 11:13:11PM searchStage_main.py:53 [INFO] DAG = Genotype2(DAG1=[[('max_pool_3x3', 1), ('avg_pool_3x3', 0)], [('avg_pool_3x3', 2), ('skip_connect', 0)], [('avg_pool_3x3', 2), ('avg_pool_3x3', 3)], [('avg_pool_3x3', 2), ('avg_pool_3x3', 3)], [('avg_pool_3x3', 4), ('avg_pool_3x3', 5)], [('avg_pool_3x3', 4), ('avg_pool_3x3', 6)]], DAG1_concat=range(6, 8), DAG2=[[('skip_connect', 0), ('skip_connect', 1)], [('avg_pool_3x3', 2), ('avg_pool_3x3', 0)], [('avg_pool_3x3', 2), ('avg_pool_3x3', 3)], [('avg_pool_3x3', 2), ('avg_pool_3x3', 3)], [('skip_connect', 5), ('avg_pool_3x3', 4)], [('avg_pool_3x3', 6), ('avg_pool_3x3', 5)]], DAG2_concat=range(6, 8), DAG3=[[('skip_connect', 0), ('skip_connect', 1)], [('avg_pool_3x3', 2), ('avg_pool_3x3', 0)], [('skip_connect', 3), ('skip_connect', 2)], [('skip_connect', 3), ('avg_pool_3x3', 2)], [('skip_connect', 5), ('skip_connect', 3)], [('avg_pool_3x3', 5), ('skip_connect', 4)]], DAG3_concat=range(6, 8))
05/27 11:13:12PM searchStage_main.py:68 [INFO] Until now, best Prec@1 = 38.1760%
####### ALPHA #######
# Alpha - DAG
tensor([[0.2517, 0.2529, 0.2502, 0.2452],
        [0.2534, 0.2529, 0.2487, 0.2450]], device='cuda:0',
       grad_fn=<SoftmaxBackward0>)
tensor([[0.2479, 0.2531, 0.2550, 0.2439],
        [0.2481, 0.2534, 0.2535, 0.2450],
        [0.2528, 0.2567, 0.2454, 0.2451]], device='cuda:0',
       grad_fn=<SoftmaxBackward0>)
tensor([[0.2503, 0.2515, 0.2516, 0.2466],
        [0.2536, 0.2572, 0.2442, 0.2449],
        [0.2519, 0.2573, 0.2467, 0.2441]], device='cuda:0',
       grad_fn=<SoftmaxBackward0>)
tensor([[0.2525, 0.2546, 0.2471, 0.2459],
        [0.2524, 0.2535, 0.2467, 0.2474],
        [0.2521, 0.2541, 0.2473, 0.2465]], device='cuda:0',
       grad_fn=<SoftmaxBackward0>)
tensor([[0.2509, 0.2542, 0.2499, 0.2450],
        [0.2525, 0.2553, 0.2462, 0.2459],
        [0.2521, 0.2542, 0.2465, 0.2472]], device='cuda:0',
       grad_fn=<SoftmaxBackward0>)
tensor([[0.2508, 0.2538, 0.2466, 0.2489],
        [0.2515, 0.2524, 0.2490, 0.2471],
        [0.2522, 0.2537, 0.2472, 0.2470]], device='cuda:0',
       grad_fn=<SoftmaxBackward0>)
tensor([[0.2504, 0.2500, 0.2506, 0.2490],
        [0.2497, 0.2496, 0.2505, 0.2502]], device='cuda:0',
       grad_fn=<SoftmaxBackward0>)
tensor([[0.2495, 0.2507, 0.2505, 0.2493],
        [0.2498, 0.2501, 0.2502, 0.2499],
        [0.2509, 0.2510, 0.2488, 0.2493]], device='cuda:0',
       grad_fn=<SoftmaxBackward0>)
tensor([[0.2491, 0.2508, 0.2508, 0.2492],
        [0.2496, 0.2511, 0.2501, 0.2492],
        [0.2493, 0.2504, 0.2499, 0.2503]], device='cuda:0',
       grad_fn=<SoftmaxBackward0>)
tensor([[0.2499, 0.2509, 0.2498, 0.2494],
        [0.2497, 0.2506, 0.2499, 0.2498],
        [0.2500, 0.2504, 0.2496, 0.2501]], device='cuda:0',
       grad_fn=<SoftmaxBackward0>)
tensor([[0.2502, 0.2502, 0.2496, 0.2500],
        [0.2502, 0.2504, 0.2497, 0.2498],
        [0.2500, 0.2506, 0.2508, 0.2486]], device='cuda:0',
       grad_fn=<SoftmaxBackward0>)
tensor([[0.2500, 0.2499, 0.2494, 0.2507],
        [0.2498, 0.2507, 0.2504, 0.2491],
        [0.2496, 0.2509, 0.2500, 0.2495]], device='cuda:0',
       grad_fn=<SoftmaxBackward0>)
tensor([[0.2498, 0.2502, 0.2507, 0.2492],
        [0.2497, 0.2493, 0.2501, 0.2508]], device='cuda:0',
       grad_fn=<SoftmaxBackward0>)
tensor([[0.2499, 0.2504, 0.2503, 0.2494],
        [0.2494, 0.2501, 0.2497, 0.2507],
        [0.2495, 0.2505, 0.2502, 0.2499]], device='cuda:0',
       grad_fn=<SoftmaxBackward0>)
tensor([[0.2496, 0.2490, 0.2502, 0.2513],
        [0.2495, 0.2498, 0.2508, 0.2499],
        [0.2497, 0.2503, 0.2515, 0.2485]], device='cuda:0',
       grad_fn=<SoftmaxBackward0>)
tensor([[0.2497, 0.2505, 0.2502, 0.2497],
        [0.2501, 0.2497, 0.2504, 0.2498],
        [0.2497, 0.2498, 0.2504, 0.2501]], device='cuda:0',
       grad_fn=<SoftmaxBackward0>)
tensor([[0.2488, 0.2500, 0.2511, 0.2501],
        [0.2484, 0.2499, 0.2502, 0.2516],
        [0.2474, 0.2513, 0.2531, 0.2481]], device='cuda:0',
       grad_fn=<SoftmaxBackward0>)
tensor([[0.2493, 0.2495, 0.2511, 0.2501],
        [0.2497, 0.2512, 0.2508, 0.2482],
        [0.2483, 0.2492, 0.2506, 0.2519]], device='cuda:0',
       grad_fn=<SoftmaxBackward0>)
#####################
05/27 11:13:27PM searchStage_trainer.py:211 [INFO] Train: Epoch: [1][50/390]	Step 441	lr 0.02498	Loss 1.5585 (1.5751)	Prec@(1,5) (43.0%, 90.1%)	
05/27 11:13:43PM searchStage_trainer.py:211 [INFO] Train: Epoch: [1][100/390]	Step 491	lr 0.02498	Loss 1.4982 (1.5605)	Prec@(1,5) (43.2%, 90.0%)	
05/27 11:13:58PM searchStage_trainer.py:211 [INFO] Train: Epoch: [1][150/390]	Step 541	lr 0.02498	Loss 1.6507 (1.5430)	Prec@(1,5) (44.2%, 90.3%)	
05/27 11:14:14PM searchStage_trainer.py:211 [INFO] Train: Epoch: [1][200/390]	Step 591	lr 0.02498	Loss 1.4476 (1.5270)	Prec@(1,5) (44.5%, 90.8%)	
05/27 11:14:29PM searchStage_trainer.py:211 [INFO] Train: Epoch: [1][250/390]	Step 641	lr 0.02498	Loss 1.3464 (1.5223)	Prec@(1,5) (44.6%, 91.0%)	
05/27 11:14:44PM searchStage_trainer.py:211 [INFO] Train: Epoch: [1][300/390]	Step 691	lr 0.02498	Loss 1.3949 (1.5116)	Prec@(1,5) (45.0%, 91.1%)	
05/27 11:15:00PM searchStage_trainer.py:211 [INFO] Train: Epoch: [1][350/390]	Step 741	lr 0.02498	Loss 1.5346 (1.4988)	Prec@(1,5) (45.5%, 91.3%)	
05/27 11:15:12PM searchStage_trainer.py:211 [INFO] Train: Epoch: [1][390/390]	Step 781	lr 0.02498	Loss 1.2305 (1.4888)	Prec@(1,5) (45.7%, 91.5%)	
05/27 11:15:12PM searchStage_trainer.py:221 [INFO] Train: [  1/49] Final Prec@1 45.7320%
05/27 11:15:15PM searchStage_trainer.py:249 [INFO] Valid: Epoch: [1][50/391]	Step 782	Loss 1.6155	Prec@(1,5) (41.4%, 91.2%)
05/27 11:15:17PM searchStage_trainer.py:249 [INFO] Valid: Epoch: [1][100/391]	Step 782	Loss 1.5990	Prec@(1,5) (42.1%, 91.3%)
05/27 11:15:20PM searchStage_trainer.py:249 [INFO] Valid: Epoch: [1][150/391]	Step 782	Loss 1.5988	Prec@(1,5) (42.2%, 91.4%)
05/27 11:15:23PM searchStage_trainer.py:249 [INFO] Valid: Epoch: [1][200/391]	Step 782	Loss 1.5900	Prec@(1,5) (42.4%, 91.4%)
05/27 11:15:25PM searchStage_trainer.py:249 [INFO] Valid: Epoch: [1][250/391]	Step 782	Loss 1.5880	Prec@(1,5) (42.5%, 91.4%)
05/27 11:15:28PM searchStage_trainer.py:249 [INFO] Valid: Epoch: [1][300/391]	Step 782	Loss 1.5843	Prec@(1,5) (42.6%, 91.3%)
05/27 11:15:30PM searchStage_trainer.py:249 [INFO] Valid: Epoch: [1][350/391]	Step 782	Loss 1.5813	Prec@(1,5) (42.6%, 91.3%)
05/27 11:15:32PM searchStage_trainer.py:249 [INFO] Valid: Epoch: [1][390/391]	Step 782	Loss 1.5790	Prec@(1,5) (42.6%, 91.4%)
05/27 11:15:32PM searchStage_trainer.py:260 [INFO] Valid: [  1/49] Final Prec@1 42.6200%
05/27 11:15:32PM searchStage_main.py:53 [INFO] DAG = Genotype2(DAG1=[[('avg_pool_3x3', 1), ('avg_pool_3x3', 0)], [('avg_pool_3x3', 2), ('skip_connect', 0)], [('avg_pool_3x3', 3), ('avg_pool_3x3', 2)], [('avg_pool_3x3', 4), ('avg_pool_3x3', 2)], [('avg_pool_3x3', 4), ('avg_pool_3x3', 5)], [('avg_pool_3x3', 6), ('avg_pool_3x3', 5)]], DAG1_concat=range(6, 8), DAG2=[[('skip_connect', 0), ('skip_connect', 1)], [('max_pool_3x3', 2), ('avg_pool_3x3', 0)], [('avg_pool_3x3', 2), ('avg_pool_3x3', 3)], [('avg_pool_3x3', 4), ('avg_pool_3x3', 3)], [('avg_pool_3x3', 5), ('avg_pool_3x3', 4)], [('avg_pool_3x3', 6), ('avg_pool_3x3', 5)]], DAG2_concat=range(6, 8), DAG3=[[('skip_connect', 0), ('skip_connect', 1)], [('avg_pool_3x3', 2), ('avg_pool_3x3', 0)], [('skip_connect', 3), ('skip_connect', 2)], [('skip_connect', 4), ('skip_connect', 3)], [('skip_connect', 5), ('skip_connect', 3)], [('avg_pool_3x3', 5), ('skip_connect', 4)]], DAG3_concat=range(6, 8))
05/27 11:15:32PM searchStage_main.py:68 [INFO] Until now, best Prec@1 = 42.6200%
####### ALPHA #######
# Alpha - DAG
tensor([[0.2485, 0.2556, 0.2525, 0.2434],
        [0.2531, 0.2592, 0.2511, 0.2366]], device='cuda:0',
       grad_fn=<SoftmaxBackward0>)
tensor([[0.2473, 0.2562, 0.2574, 0.2392],
        [0.2489, 0.2561, 0.2548, 0.2402],
        [0.2569, 0.2649, 0.2413, 0.2369]], device='cuda:0',
       grad_fn=<SoftmaxBackward0>)
tensor([[0.2514, 0.2541, 0.2511, 0.2434],
        [0.2556, 0.2630, 0.2413, 0.2401],
        [0.2544, 0.2637, 0.2445, 0.2374]], device='cuda:0',
       grad_fn=<SoftmaxBackward0>)
tensor([[0.2560, 0.2580, 0.2454, 0.2406],
        [0.2536, 0.2570, 0.2425, 0.2469],
        [0.2550, 0.2582, 0.2454, 0.2414]], device='cuda:0',
       grad_fn=<SoftmaxBackward0>)
tensor([[0.2525, 0.2591, 0.2466, 0.2417],
        [0.2554, 0.2604, 0.2420, 0.2422],
        [0.2552, 0.2588, 0.2440, 0.2420]], device='cuda:0',
       grad_fn=<SoftmaxBackward0>)
tensor([[0.2517, 0.2566, 0.2441, 0.2476],
        [0.2539, 0.2558, 0.2465, 0.2438],
        [0.2534, 0.2569, 0.2464, 0.2433]], device='cuda:0',
       grad_fn=<SoftmaxBackward0>)
tensor([[0.2499, 0.2502, 0.2509, 0.2491],
        [0.2496, 0.2506, 0.2506, 0.2492]], device='cuda:0',
       grad_fn=<SoftmaxBackward0>)
tensor([[0.2492, 0.2512, 0.2508, 0.2488],
        [0.2498, 0.2504, 0.2511, 0.2487],
        [0.2519, 0.2514, 0.2478, 0.2490]], device='cuda:0',
       grad_fn=<SoftmaxBackward0>)
tensor([[0.2492, 0.2505, 0.2509, 0.2494],
        [0.2498, 0.2517, 0.2499, 0.2487],
        [0.2495, 0.2509, 0.2501, 0.2494]], device='cuda:0',
       grad_fn=<SoftmaxBackward0>)
tensor([[0.2497, 0.2513, 0.2499, 0.2490],
        [0.2498, 0.2508, 0.2499, 0.2495],
        [0.2501, 0.2506, 0.2495, 0.2498]], device='cuda:0',
       grad_fn=<SoftmaxBackward0>)
tensor([[0.2500, 0.2507, 0.2496, 0.2497],
        [0.2504, 0.2508, 0.2491, 0.2497],
        [0.2500, 0.2512, 0.2510, 0.2479]], device='cuda:0',
       grad_fn=<SoftmaxBackward0>)
tensor([[0.2497, 0.2504, 0.2495, 0.2504],
        [0.2497, 0.2508, 0.2507, 0.2488],
        [0.2497, 0.2512, 0.2498, 0.2493]], device='cuda:0',
       grad_fn=<SoftmaxBackward0>)
tensor([[0.2500, 0.2505, 0.2511, 0.2485],
        [0.2498, 0.2487, 0.2500, 0.2515]], device='cuda:0',
       grad_fn=<SoftmaxBackward0>)
tensor([[0.2499, 0.2509, 0.2504, 0.2488],
        [0.2486, 0.2503, 0.2501, 0.2509],
        [0.2493, 0.2506, 0.2501, 0.2500]], device='cuda:0',
       grad_fn=<SoftmaxBackward0>)
tensor([[0.2494, 0.2479, 0.2501, 0.2526],
        [0.2492, 0.2496, 0.2515, 0.2497],
        [0.2493, 0.2505, 0.2528, 0.2474]], device='cuda:0',
       grad_fn=<SoftmaxBackward0>)
tensor([[0.2491, 0.2507, 0.2507, 0.2495],
        [0.2499, 0.2499, 0.2507, 0.2496],
        [0.2496, 0.2494, 0.2509, 0.2501]], device='cuda:0',
       grad_fn=<SoftmaxBackward0>)
tensor([[0.2476, 0.2497, 0.2524, 0.2503],
        [0.2470, 0.2495, 0.2507, 0.2528],
        [0.2455, 0.2521, 0.2558, 0.2467]], device='cuda:0',
       grad_fn=<SoftmaxBackward0>)
tensor([[0.2490, 0.2491, 0.2520, 0.2499],
        [0.2496, 0.2518, 0.2516, 0.2470],
        [0.2471, 0.2486, 0.2512, 0.2531]], device='cuda:0',
       grad_fn=<SoftmaxBackward0>)
#####################
05/27 11:15:48PM searchStage_trainer.py:211 [INFO] Train: Epoch: [2][50/390]	Step 832	lr 0.02491	Loss 1.4413 (1.3816)	Prec@(1,5) (49.1%, 93.0%)	
05/27 11:16:03PM searchStage_trainer.py:211 [INFO] Train: Epoch: [2][100/390]	Step 882	lr 0.02491	Loss 1.4396 (1.3823)	Prec@(1,5) (49.3%, 93.1%)	
05/27 11:16:19PM searchStage_trainer.py:211 [INFO] Train: Epoch: [2][150/390]	Step 932	lr 0.02491	Loss 1.2896 (1.3757)	Prec@(1,5) (49.4%, 93.2%)	
05/27 11:16:34PM searchStage_trainer.py:211 [INFO] Train: Epoch: [2][200/390]	Step 982	lr 0.02491	Loss 1.2016 (1.3660)	Prec@(1,5) (49.7%, 93.2%)	
05/27 11:16:49PM searchStage_trainer.py:211 [INFO] Train: Epoch: [2][250/390]	Step 1032	lr 0.02491	Loss 1.1393 (1.3573)	Prec@(1,5) (50.2%, 93.3%)	
05/27 11:17:05PM searchStage_trainer.py:211 [INFO] Train: Epoch: [2][300/390]	Step 1082	lr 0.02491	Loss 1.2380 (1.3475)	Prec@(1,5) (50.5%, 93.5%)	
05/27 11:17:20PM searchStage_trainer.py:211 [INFO] Train: Epoch: [2][350/390]	Step 1132	lr 0.02491	Loss 1.2199 (1.3374)	Prec@(1,5) (50.9%, 93.6%)	
05/27 11:17:32PM searchStage_trainer.py:211 [INFO] Train: Epoch: [2][390/390]	Step 1172	lr 0.02491	Loss 1.3082 (1.3321)	Prec@(1,5) (51.2%, 93.7%)	
05/27 11:17:32PM searchStage_trainer.py:221 [INFO] Train: [  2/49] Final Prec@1 51.2320%
05/27 11:17:35PM searchStage_trainer.py:249 [INFO] Valid: Epoch: [2][50/391]	Step 1173	Loss 1.3375	Prec@(1,5) (52.0%, 92.8%)
05/27 11:17:38PM searchStage_trainer.py:249 [INFO] Valid: Epoch: [2][100/391]	Step 1173	Loss 1.3193	Prec@(1,5) (52.6%, 93.3%)
05/27 11:17:40PM searchStage_trainer.py:249 [INFO] Valid: Epoch: [2][150/391]	Step 1173	Loss 1.3161	Prec@(1,5) (53.1%, 93.5%)
05/27 11:17:43PM searchStage_trainer.py:249 [INFO] Valid: Epoch: [2][200/391]	Step 1173	Loss 1.3172	Prec@(1,5) (52.7%, 93.6%)
05/27 11:17:45PM searchStage_trainer.py:249 [INFO] Valid: Epoch: [2][250/391]	Step 1173	Loss 1.3198	Prec@(1,5) (52.6%, 93.5%)
05/27 11:17:48PM searchStage_trainer.py:249 [INFO] Valid: Epoch: [2][300/391]	Step 1173	Loss 1.3152	Prec@(1,5) (52.7%, 93.6%)
05/27 11:17:50PM searchStage_trainer.py:249 [INFO] Valid: Epoch: [2][350/391]	Step 1173	Loss 1.3171	Prec@(1,5) (52.6%, 93.6%)
05/27 11:17:52PM searchStage_trainer.py:249 [INFO] Valid: Epoch: [2][390/391]	Step 1173	Loss 1.3226	Prec@(1,5) (52.5%, 93.4%)
05/27 11:17:52PM searchStage_trainer.py:260 [INFO] Valid: [  2/49] Final Prec@1 52.4800%
05/27 11:17:52PM searchStage_main.py:53 [INFO] DAG = Genotype2(DAG1=[[('avg_pool_3x3', 1), ('avg_pool_3x3', 0)], [('avg_pool_3x3', 2), ('avg_pool_3x3', 1)], [('avg_pool_3x3', 3), ('avg_pool_3x3', 2)], [('avg_pool_3x3', 4), ('avg_pool_3x3', 3)], [('avg_pool_3x3', 5), ('avg_pool_3x3', 4)], [('avg_pool_3x3', 6), ('avg_pool_3x3', 5)]], DAG1_concat=range(6, 8), DAG2=[[('avg_pool_3x3', 1), ('skip_connect', 0)], [('avg_pool_3x3', 2), ('avg_pool_3x3', 0)], [('avg_pool_3x3', 3), ('avg_pool_3x3', 2)], [('avg_pool_3x3', 4), ('avg_pool_3x3', 3)], [('avg_pool_3x3', 5), ('avg_pool_3x3', 4)], [('avg_pool_3x3', 6), ('avg_pool_3x3', 5)]], DAG2_concat=range(6, 8), DAG3=[[('skip_connect', 0), ('skip_connect', 1)], [('avg_pool_3x3', 2), ('avg_pool_3x3', 0)], [('skip_connect', 3), ('skip_connect', 2)], [('skip_connect', 4), ('skip_connect', 3)], [('skip_connect', 5), ('skip_connect', 3)], [('skip_connect', 5), ('skip_connect', 6)]], DAG3_concat=range(6, 8))
05/27 11:17:53PM searchStage_main.py:68 [INFO] Until now, best Prec@1 = 52.4800%
####### ALPHA #######
# Alpha - DAG
tensor([[0.2477, 0.2597, 0.2541, 0.2385],
        [0.2543, 0.2645, 0.2510, 0.2301]], device='cuda:0',
       grad_fn=<SoftmaxBackward0>)
tensor([[0.2472, 0.2589, 0.2591, 0.2348],
        [0.2497, 0.2590, 0.2549, 0.2363],
        [0.2596, 0.2732, 0.2394, 0.2277]], device='cuda:0',
       grad_fn=<SoftmaxBackward0>)
tensor([[0.2516, 0.2570, 0.2528, 0.2386],
        [0.2578, 0.2684, 0.2409, 0.2329],
        [0.2566, 0.2690, 0.2394, 0.2350]], device='cuda:0',
       grad_fn=<SoftmaxBackward0>)
tensor([[0.2563, 0.2618, 0.2435, 0.2383],
        [0.2549, 0.2608, 0.2426, 0.2417],
        [0.2558, 0.2627, 0.2434, 0.2381]], device='cuda:0',
       grad_fn=<SoftmaxBackward0>)
tensor([[0.2539, 0.2637, 0.2450, 0.2375],
        [0.2570, 0.2647, 0.2391, 0.2393],
        [0.2573, 0.2627, 0.2419, 0.2381]], device='cuda:0',
       grad_fn=<SoftmaxBackward0>)
tensor([[0.2531, 0.2600, 0.2410, 0.2459],
        [0.2550, 0.2591, 0.2449, 0.2411],
        [0.2549, 0.2600, 0.2453, 0.2399]], device='cuda:0',
       grad_fn=<SoftmaxBackward0>)
tensor([[0.2500, 0.2504, 0.2509, 0.2487],
        [0.2495, 0.2509, 0.2507, 0.2490]], device='cuda:0',
       grad_fn=<SoftmaxBackward0>)
tensor([[0.2489, 0.2517, 0.2513, 0.2481],
        [0.2495, 0.2508, 0.2517, 0.2479],
        [0.2517, 0.2519, 0.2474, 0.2490]], device='cuda:0',
       grad_fn=<SoftmaxBackward0>)
tensor([[0.2488, 0.2506, 0.2510, 0.2496],
        [0.2501, 0.2521, 0.2494, 0.2484],
        [0.2498, 0.2513, 0.2502, 0.2487]], device='cuda:0',
       grad_fn=<SoftmaxBackward0>)
tensor([[0.2499, 0.2515, 0.2499, 0.2487],
        [0.2499, 0.2510, 0.2497, 0.2494],
        [0.2500, 0.2509, 0.2497, 0.2494]], device='cuda:0',
       grad_fn=<SoftmaxBackward0>)
tensor([[0.2504, 0.2509, 0.2490, 0.2497],
        [0.2505, 0.2514, 0.2488, 0.2494],
        [0.2496, 0.2515, 0.2514, 0.2474]], device='cuda:0',
       grad_fn=<SoftmaxBackward0>)
tensor([[0.2498, 0.2506, 0.2491, 0.2505],
        [0.2496, 0.2510, 0.2510, 0.2484],
        [0.2496, 0.2514, 0.2502, 0.2488]], device='cuda:0',
       grad_fn=<SoftmaxBackward0>)
tensor([[0.2499, 0.2506, 0.2514, 0.2481],
        [0.2498, 0.2483, 0.2502, 0.2518]], device='cuda:0',
       grad_fn=<SoftmaxBackward0>)
tensor([[0.2499, 0.2513, 0.2507, 0.2481],
        [0.2480, 0.2504, 0.2504, 0.2511],
        [0.2492, 0.2506, 0.2501, 0.2501]], device='cuda:0',
       grad_fn=<SoftmaxBackward0>)
tensor([[0.2492, 0.2469, 0.2501, 0.2538],
        [0.2491, 0.2494, 0.2519, 0.2496],
        [0.2490, 0.2507, 0.2537, 0.2466]], device='cuda:0',
       grad_fn=<SoftmaxBackward0>)
tensor([[0.2485, 0.2509, 0.2511, 0.2494],
        [0.2497, 0.2500, 0.2510, 0.2494],
        [0.2494, 0.2491, 0.2513, 0.2502]], device='cuda:0',
       grad_fn=<SoftmaxBackward0>)
tensor([[0.2467, 0.2495, 0.2532, 0.2505],
        [0.2458, 0.2492, 0.2512, 0.2538],
        [0.2439, 0.2527, 0.2580, 0.2454]], device='cuda:0',
       grad_fn=<SoftmaxBackward0>)
tensor([[0.2487, 0.2487, 0.2529, 0.2497],
        [0.2494, 0.2523, 0.2525, 0.2458],
        [0.2460, 0.2480, 0.2516, 0.2544]], device='cuda:0',
       grad_fn=<SoftmaxBackward0>)
#####################
05/27 11:18:08PM searchStage_trainer.py:211 [INFO] Train: Epoch: [3][50/390]	Step 1223	lr 0.02479	Loss 1.4753 (1.2491)	Prec@(1,5) (55.2%, 94.2%)	
05/27 11:18:24PM searchStage_trainer.py:211 [INFO] Train: Epoch: [3][100/390]	Step 1273	lr 0.02479	Loss 1.3788 (1.2327)	Prec@(1,5) (55.8%, 94.5%)	
05/27 11:18:39PM searchStage_trainer.py:211 [INFO] Train: Epoch: [3][150/390]	Step 1323	lr 0.02479	Loss 0.9926 (1.2228)	Prec@(1,5) (56.2%, 94.6%)	
05/27 11:18:54PM searchStage_trainer.py:211 [INFO] Train: Epoch: [3][200/390]	Step 1373	lr 0.02479	Loss 1.2083 (1.2251)	Prec@(1,5) (56.1%, 94.5%)	
05/27 11:19:10PM searchStage_trainer.py:211 [INFO] Train: Epoch: [3][250/390]	Step 1423	lr 0.02479	Loss 1.1387 (1.2133)	Prec@(1,5) (56.4%, 94.7%)	
05/27 11:19:25PM searchStage_trainer.py:211 [INFO] Train: Epoch: [3][300/390]	Step 1473	lr 0.02479	Loss 1.3786 (1.2059)	Prec@(1,5) (56.7%, 94.7%)	
05/27 11:19:41PM searchStage_trainer.py:211 [INFO] Train: Epoch: [3][350/390]	Step 1523	lr 0.02479	Loss 1.0842 (1.2027)	Prec@(1,5) (56.9%, 94.8%)	
05/27 11:19:53PM searchStage_trainer.py:211 [INFO] Train: Epoch: [3][390/390]	Step 1563	lr 0.02479	Loss 1.1956 (1.1952)	Prec@(1,5) (57.2%, 94.9%)	
05/27 11:19:53PM searchStage_trainer.py:221 [INFO] Train: [  3/49] Final Prec@1 57.2240%
05/27 11:19:56PM searchStage_trainer.py:249 [INFO] Valid: Epoch: [3][50/391]	Step 1564	Loss 1.2041	Prec@(1,5) (55.5%, 94.7%)
05/27 11:19:58PM searchStage_trainer.py:249 [INFO] Valid: Epoch: [3][100/391]	Step 1564	Loss 1.2170	Prec@(1,5) (55.7%, 94.4%)
05/27 11:20:01PM searchStage_trainer.py:249 [INFO] Valid: Epoch: [3][150/391]	Step 1564	Loss 1.2105	Prec@(1,5) (56.0%, 94.4%)
05/27 11:20:03PM searchStage_trainer.py:249 [INFO] Valid: Epoch: [3][200/391]	Step 1564	Loss 1.2121	Prec@(1,5) (55.8%, 94.6%)
05/27 11:20:06PM searchStage_trainer.py:249 [INFO] Valid: Epoch: [3][250/391]	Step 1564	Loss 1.2142	Prec@(1,5) (55.6%, 94.6%)
05/27 11:20:09PM searchStage_trainer.py:249 [INFO] Valid: Epoch: [3][300/391]	Step 1564	Loss 1.2170	Prec@(1,5) (55.4%, 94.6%)
05/27 11:20:11PM searchStage_trainer.py:249 [INFO] Valid: Epoch: [3][350/391]	Step 1564	Loss 1.2131	Prec@(1,5) (55.5%, 94.7%)
05/27 11:20:13PM searchStage_trainer.py:249 [INFO] Valid: Epoch: [3][390/391]	Step 1564	Loss 1.2158	Prec@(1,5) (55.5%, 94.7%)
05/27 11:20:13PM searchStage_trainer.py:260 [INFO] Valid: [  3/49] Final Prec@1 55.4760%
05/27 11:20:13PM searchStage_main.py:53 [INFO] DAG = Genotype2(DAG1=[[('avg_pool_3x3', 1), ('avg_pool_3x3', 0)], [('avg_pool_3x3', 2), ('avg_pool_3x3', 1)], [('avg_pool_3x3', 3), ('avg_pool_3x3', 2)], [('avg_pool_3x3', 4), ('avg_pool_3x3', 3)], [('avg_pool_3x3', 5), ('avg_pool_3x3', 4)], [('avg_pool_3x3', 6), ('avg_pool_3x3', 5)]], DAG1_concat=range(6, 8), DAG2=[[('avg_pool_3x3', 1), ('avg_pool_3x3', 0)], [('avg_pool_3x3', 2), ('avg_pool_3x3', 0)], [('avg_pool_3x3', 3), ('avg_pool_3x3', 2)], [('avg_pool_3x3', 4), ('avg_pool_3x3', 3)], [('avg_pool_3x3', 5), ('avg_pool_3x3', 4)], [('avg_pool_3x3', 6), ('skip_connect', 5)]], DAG2_concat=range(6, 8), DAG3=[[('skip_connect', 0), ('skip_connect', 1)], [('avg_pool_3x3', 2), ('avg_pool_3x3', 0)], [('skip_connect', 3), ('skip_connect', 2)], [('skip_connect', 4), ('skip_connect', 3)], [('skip_connect', 5), ('skip_connect', 4)], [('skip_connect', 6), ('skip_connect', 5)]], DAG3_concat=range(6, 8))
05/27 11:20:13PM searchStage_main.py:68 [INFO] Until now, best Prec@1 = 55.4760%
####### ALPHA #######
# Alpha - DAG
tensor([[0.2496, 0.2636, 0.2556, 0.2312],
        [0.2538, 0.2685, 0.2513, 0.2264]], device='cuda:0',
       grad_fn=<SoftmaxBackward0>)
tensor([[0.2491, 0.2621, 0.2604, 0.2284],
        [0.2495, 0.2633, 0.2564, 0.2309],
        [0.2626, 0.2779, 0.2362, 0.2233]], device='cuda:0',
       grad_fn=<SoftmaxBackward0>)
tensor([[0.2517, 0.2590, 0.2535, 0.2358],
        [0.2583, 0.2724, 0.2398, 0.2295],
        [0.2577, 0.2740, 0.2386, 0.2297]], device='cuda:0',
       grad_fn=<SoftmaxBackward0>)
tensor([[0.2585, 0.2647, 0.2411, 0.2357],
        [0.2560, 0.2633, 0.2405, 0.2401],
        [0.2566, 0.2662, 0.2439, 0.2332]], device='cuda:0',
       grad_fn=<SoftmaxBackward0>)
tensor([[0.2550, 0.2671, 0.2443, 0.2336],
        [0.2579, 0.2682, 0.2376, 0.2363],
        [0.2585, 0.2661, 0.2399, 0.2356]], device='cuda:0',
       grad_fn=<SoftmaxBackward0>)
tensor([[0.2542, 0.2625, 0.2399, 0.2434],
        [0.2561, 0.2627, 0.2436, 0.2375],
        [0.2565, 0.2629, 0.2422, 0.2384]], device='cuda:0',
       grad_fn=<SoftmaxBackward0>)
tensor([[0.2504, 0.2506, 0.2506, 0.2485],
        [0.2496, 0.2510, 0.2506, 0.2488]], device='cuda:0',
       grad_fn=<SoftmaxBackward0>)
tensor([[0.2488, 0.2518, 0.2512, 0.2482],
        [0.2497, 0.2514, 0.2515, 0.2474],
        [0.2519, 0.2522, 0.2472, 0.2486]], device='cuda:0',
       grad_fn=<SoftmaxBackward0>)
tensor([[0.2483, 0.2505, 0.2518, 0.2493],
        [0.2505, 0.2524, 0.2493, 0.2478],
        [0.2499, 0.2514, 0.2498, 0.2488]], device='cuda:0',
       grad_fn=<SoftmaxBackward0>)
tensor([[0.2499, 0.2516, 0.2501, 0.2485],
        [0.2499, 0.2512, 0.2496, 0.2493],
        [0.2502, 0.2512, 0.2494, 0.2492]], device='cuda:0',
       grad_fn=<SoftmaxBackward0>)
tensor([[0.2505, 0.2512, 0.2487, 0.2496],
        [0.2509, 0.2514, 0.2484, 0.2493],
        [0.2498, 0.2518, 0.2514, 0.2470]], device='cuda:0',
       grad_fn=<SoftmaxBackward0>)
tensor([[0.2497, 0.2508, 0.2492, 0.2503],
        [0.2498, 0.2511, 0.2511, 0.2481],
        [0.2499, 0.2515, 0.2499, 0.2488]], device='cuda:0',
       grad_fn=<SoftmaxBackward0>)
tensor([[0.2499, 0.2506, 0.2516, 0.2479],
        [0.2498, 0.2480, 0.2503, 0.2519]], device='cuda:0',
       grad_fn=<SoftmaxBackward0>)
tensor([[0.2498, 0.2515, 0.2508, 0.2479],
        [0.2475, 0.2506, 0.2507, 0.2512],
        [0.2491, 0.2507, 0.2502, 0.2500]], device='cuda:0',
       grad_fn=<SoftmaxBackward0>)
tensor([[0.2490, 0.2461, 0.2501, 0.2549],
        [0.2490, 0.2494, 0.2521, 0.2496],
        [0.2487, 0.2508, 0.2545, 0.2459]], device='cuda:0',
       grad_fn=<SoftmaxBackward0>)
tensor([[0.2482, 0.2511, 0.2514, 0.2493],
        [0.2496, 0.2500, 0.2512, 0.2493],
        [0.2493, 0.2490, 0.2516, 0.2501]], device='cuda:0',
       grad_fn=<SoftmaxBackward0>)
tensor([[0.2459, 0.2493, 0.2539, 0.2509],
        [0.2450, 0.2489, 0.2516, 0.2545],
        [0.2427, 0.2531, 0.2597, 0.2445]], device='cuda:0',
       grad_fn=<SoftmaxBackward0>)
tensor([[0.2483, 0.2485, 0.2536, 0.2497],
        [0.2492, 0.2528, 0.2532, 0.2448],
        [0.2451, 0.2476, 0.2520, 0.2553]], device='cuda:0',
       grad_fn=<SoftmaxBackward0>)
#####################
05/27 11:20:29PM searchStage_trainer.py:211 [INFO] Train: Epoch: [4][50/390]	Step 1614	lr 0.02462	Loss 1.0951 (1.0838)	Prec@(1,5) (61.8%, 96.1%)	
05/27 11:20:45PM searchStage_trainer.py:211 [INFO] Train: Epoch: [4][100/390]	Step 1664	lr 0.02462	Loss 1.2782 (1.0954)	Prec@(1,5) (61.6%, 96.2%)	
05/27 11:21:00PM searchStage_trainer.py:211 [INFO] Train: Epoch: [4][150/390]	Step 1714	lr 0.02462	Loss 1.1643 (1.1057)	Prec@(1,5) (61.3%, 95.9%)	
05/27 11:21:15PM searchStage_trainer.py:211 [INFO] Train: Epoch: [4][200/390]	Step 1764	lr 0.02462	Loss 0.9934 (1.0948)	Prec@(1,5) (61.5%, 95.9%)	
05/27 11:21:31PM searchStage_trainer.py:211 [INFO] Train: Epoch: [4][250/390]	Step 1814	lr 0.02462	Loss 1.1459 (1.0894)	Prec@(1,5) (61.9%, 96.0%)	
05/27 11:21:46PM searchStage_trainer.py:211 [INFO] Train: Epoch: [4][300/390]	Step 1864	lr 0.02462	Loss 1.2105 (1.0866)	Prec@(1,5) (62.0%, 96.0%)	
05/27 11:22:02PM searchStage_trainer.py:211 [INFO] Train: Epoch: [4][350/390]	Step 1914	lr 0.02462	Loss 0.7690 (1.0789)	Prec@(1,5) (62.3%, 96.1%)	
05/27 11:22:14PM searchStage_trainer.py:211 [INFO] Train: Epoch: [4][390/390]	Step 1954	lr 0.02462	Loss 1.0974 (1.0810)	Prec@(1,5) (62.1%, 96.1%)	
05/27 11:22:14PM searchStage_trainer.py:221 [INFO] Train: [  4/49] Final Prec@1 62.0920%
05/27 11:22:17PM searchStage_trainer.py:249 [INFO] Valid: Epoch: [4][50/391]	Step 1955	Loss 1.1201	Prec@(1,5) (60.8%, 95.3%)
05/27 11:22:20PM searchStage_trainer.py:249 [INFO] Valid: Epoch: [4][100/391]	Step 1955	Loss 1.1173	Prec@(1,5) (61.3%, 95.2%)
05/27 11:22:22PM searchStage_trainer.py:249 [INFO] Valid: Epoch: [4][150/391]	Step 1955	Loss 1.1282	Prec@(1,5) (61.1%, 95.2%)
05/27 11:22:25PM searchStage_trainer.py:249 [INFO] Valid: Epoch: [4][200/391]	Step 1955	Loss 1.1175	Prec@(1,5) (61.3%, 95.3%)
05/27 11:22:27PM searchStage_trainer.py:249 [INFO] Valid: Epoch: [4][250/391]	Step 1955	Loss 1.1226	Prec@(1,5) (61.0%, 95.2%)
05/27 11:22:30PM searchStage_trainer.py:249 [INFO] Valid: Epoch: [4][300/391]	Step 1955	Loss 1.1154	Prec@(1,5) (61.2%, 95.3%)
05/27 11:22:32PM searchStage_trainer.py:249 [INFO] Valid: Epoch: [4][350/391]	Step 1955	Loss 1.1134	Prec@(1,5) (61.2%, 95.4%)
05/27 11:22:34PM searchStage_trainer.py:249 [INFO] Valid: Epoch: [4][390/391]	Step 1955	Loss 1.1108	Prec@(1,5) (61.3%, 95.4%)
05/27 11:22:34PM searchStage_trainer.py:260 [INFO] Valid: [  4/49] Final Prec@1 61.3640%
05/27 11:22:34PM searchStage_main.py:53 [INFO] DAG = Genotype2(DAG1=[[('avg_pool_3x3', 1), ('avg_pool_3x3', 0)], [('avg_pool_3x3', 2), ('avg_pool_3x3', 1)], [('avg_pool_3x3', 3), ('avg_pool_3x3', 2)], [('avg_pool_3x3', 4), ('avg_pool_3x3', 3)], [('avg_pool_3x3', 5), ('avg_pool_3x3', 4)], [('avg_pool_3x3', 6), ('avg_pool_3x3', 5)]], DAG1_concat=range(6, 8), DAG2=[[('avg_pool_3x3', 1), ('avg_pool_3x3', 0)], [('avg_pool_3x3', 2), ('avg_pool_3x3', 0)], [('avg_pool_3x3', 3), ('avg_pool_3x3', 2)], [('avg_pool_3x3', 4), ('avg_pool_3x3', 3)], [('avg_pool_3x3', 5), ('avg_pool_3x3', 4)], [('avg_pool_3x3', 6), ('avg_pool_3x3', 5)]], DAG2_concat=range(6, 8), DAG3=[[('skip_connect', 0), ('skip_connect', 1)], [('avg_pool_3x3', 2), ('avg_pool_3x3', 0)], [('skip_connect', 3), ('skip_connect', 2)], [('skip_connect', 4), ('skip_connect', 3)], [('skip_connect', 5), ('skip_connect', 4)], [('skip_connect', 6), ('skip_connect', 5)]], DAG3_concat=range(6, 8))
05/27 11:22:34PM searchStage_main.py:68 [INFO] Until now, best Prec@1 = 61.3640%
####### ALPHA #######
# Alpha - DAG
tensor([[0.2509, 0.2659, 0.2566, 0.2266],
        [0.2544, 0.2728, 0.2519, 0.2209]], device='cuda:0',
       grad_fn=<SoftmaxBackward0>)
tensor([[0.2503, 0.2651, 0.2606, 0.2239],
        [0.2504, 0.2659, 0.2573, 0.2264],
        [0.2655, 0.2822, 0.2334, 0.2189]], device='cuda:0',
       grad_fn=<SoftmaxBackward0>)
tensor([[0.2531, 0.2614, 0.2554, 0.2301],
        [0.2597, 0.2751, 0.2374, 0.2279],
        [0.2585, 0.2771, 0.2374, 0.2270]], device='cuda:0',
       grad_fn=<SoftmaxBackward0>)
tensor([[0.2598, 0.2665, 0.2396, 0.2341],
        [0.2573, 0.2652, 0.2396, 0.2379],
        [0.2573, 0.2683, 0.2439, 0.2305]], device='cuda:0',
       grad_fn=<SoftmaxBackward0>)
tensor([[0.2563, 0.2694, 0.2418, 0.2325],
        [0.2588, 0.2703, 0.2375, 0.2333],
        [0.2597, 0.2683, 0.2396, 0.2324]], device='cuda:0',
       grad_fn=<SoftmaxBackward0>)
tensor([[0.2560, 0.2641, 0.2373, 0.2426],
        [0.2577, 0.2648, 0.2413, 0.2362],
        [0.2579, 0.2652, 0.2424, 0.2345]], device='cuda:0',
       grad_fn=<SoftmaxBackward0>)
tensor([[0.2505, 0.2506, 0.2504, 0.2485],
        [0.2498, 0.2514, 0.2504, 0.2484]], device='cuda:0',
       grad_fn=<SoftmaxBackward0>)
tensor([[0.2491, 0.2518, 0.2513, 0.2478],
        [0.2499, 0.2514, 0.2515, 0.2472],
        [0.2522, 0.2524, 0.2470, 0.2485]], device='cuda:0',
       grad_fn=<SoftmaxBackward0>)
tensor([[0.2478, 0.2508, 0.2521, 0.2492],
        [0.2505, 0.2526, 0.2492, 0.2477],
        [0.2500, 0.2515, 0.2498, 0.2487]], device='cuda:0',
       grad_fn=<SoftmaxBackward0>)
tensor([[0.2500, 0.2519, 0.2500, 0.2481],
        [0.2498, 0.2513, 0.2495, 0.2494],
        [0.2503, 0.2513, 0.2493, 0.2492]], device='cuda:0',
       grad_fn=<SoftmaxBackward0>)
tensor([[0.2503, 0.2514, 0.2486, 0.2497],
        [0.2507, 0.2515, 0.2481, 0.2497],
        [0.2497, 0.2521, 0.2519, 0.2463]], device='cuda:0',
       grad_fn=<SoftmaxBackward0>)
tensor([[0.2497, 0.2509, 0.2492, 0.2501],
        [0.2498, 0.2510, 0.2509, 0.2483],
        [0.2499, 0.2516, 0.2500, 0.2485]], device='cuda:0',
       grad_fn=<SoftmaxBackward0>)
tensor([[0.2498, 0.2506, 0.2519, 0.2477],
        [0.2498, 0.2477, 0.2505, 0.2520]], device='cuda:0',
       grad_fn=<SoftmaxBackward0>)
tensor([[0.2497, 0.2517, 0.2509, 0.2477],
        [0.2472, 0.2507, 0.2508, 0.2513],
        [0.2491, 0.2507, 0.2502, 0.2500]], device='cuda:0',
       grad_fn=<SoftmaxBackward0>)
tensor([[0.2489, 0.2454, 0.2501, 0.2556],
        [0.2488, 0.2493, 0.2523, 0.2496],
        [0.2485, 0.2509, 0.2551, 0.2455]], device='cuda:0',
       grad_fn=<SoftmaxBackward0>)
tensor([[0.2480, 0.2512, 0.2517, 0.2492],
        [0.2495, 0.2500, 0.2512, 0.2492],
        [0.2492, 0.2488, 0.2518, 0.2502]], device='cuda:0',
       grad_fn=<SoftmaxBackward0>)
tensor([[0.2453, 0.2491, 0.2545, 0.2511],
        [0.2444, 0.2488, 0.2519, 0.2550],
        [0.2419, 0.2534, 0.2609, 0.2439]], device='cuda:0',
       grad_fn=<SoftmaxBackward0>)
tensor([[0.2480, 0.2483, 0.2542, 0.2496],
        [0.2491, 0.2531, 0.2538, 0.2441],
        [0.2445, 0.2473, 0.2523, 0.2560]], device='cuda:0',
       grad_fn=<SoftmaxBackward0>)
#####################
05/27 11:22:50PM searchStage_trainer.py:211 [INFO] Train: Epoch: [5][50/390]	Step 2005	lr 0.02441	Loss 0.7911 (0.9701)	Prec@(1,5) (66.4%, 97.2%)	
05/27 11:23:06PM searchStage_trainer.py:211 [INFO] Train: Epoch: [5][100/390]	Step 2055	lr 0.02441	Loss 1.0113 (0.9812)	Prec@(1,5) (65.8%, 97.0%)	
05/27 11:23:21PM searchStage_trainer.py:211 [INFO] Train: Epoch: [5][150/390]	Step 2105	lr 0.02441	Loss 0.8841 (0.9863)	Prec@(1,5) (65.5%, 96.8%)	
05/27 11:23:36PM searchStage_trainer.py:211 [INFO] Train: Epoch: [5][200/390]	Step 2155	lr 0.02441	Loss 1.0625 (0.9864)	Prec@(1,5) (65.5%, 96.9%)	
05/27 11:23:52PM searchStage_trainer.py:211 [INFO] Train: Epoch: [5][250/390]	Step 2205	lr 0.02441	Loss 1.0222 (0.9845)	Prec@(1,5) (65.6%, 96.8%)	
05/27 11:24:07PM searchStage_trainer.py:211 [INFO] Train: Epoch: [5][300/390]	Step 2255	lr 0.02441	Loss 1.0151 (0.9848)	Prec@(1,5) (65.5%, 96.9%)	
05/27 11:24:23PM searchStage_trainer.py:211 [INFO] Train: Epoch: [5][350/390]	Step 2305	lr 0.02441	Loss 0.8484 (0.9818)	Prec@(1,5) (65.5%, 96.9%)	
05/27 11:24:35PM searchStage_trainer.py:211 [INFO] Train: Epoch: [5][390/390]	Step 2345	lr 0.02441	Loss 1.0513 (0.9758)	Prec@(1,5) (65.8%, 96.9%)	
05/27 11:24:35PM searchStage_trainer.py:221 [INFO] Train: [  5/49] Final Prec@1 65.7720%
05/27 11:24:38PM searchStage_trainer.py:249 [INFO] Valid: Epoch: [5][50/391]	Step 2346	Loss 0.9739	Prec@(1,5) (65.7%, 96.8%)
05/27 11:24:41PM searchStage_trainer.py:249 [INFO] Valid: Epoch: [5][100/391]	Step 2346	Loss 0.9617	Prec@(1,5) (66.1%, 97.2%)
05/27 11:24:43PM searchStage_trainer.py:249 [INFO] Valid: Epoch: [5][150/391]	Step 2346	Loss 0.9635	Prec@(1,5) (65.7%, 97.0%)
05/27 11:24:46PM searchStage_trainer.py:249 [INFO] Valid: Epoch: [5][200/391]	Step 2346	Loss 0.9576	Prec@(1,5) (66.0%, 97.0%)
