07/12 11:49:19AM parser.py:28 [INFO] 
07/12 11:49:19AM parser.py:29 [INFO] Parameters:
07/12 11:49:19AM parser.py:31 [INFO] DAG_PATH=./results/search_cell/CIFAR100/BASELINE/EXP-20240712-114919/GENO
07/12 11:49:19AM parser.py:31 [INFO] ALPHA_LR=0.0003
07/12 11:49:19AM parser.py:31 [INFO] ALPHA_WEIGHT_DECAY=0.001
07/12 11:49:19AM parser.py:31 [INFO] BATCH_SIZE=64
07/12 11:49:19AM parser.py:31 [INFO] DATA_PATH=../data/
07/12 11:49:19AM parser.py:31 [INFO] DATASET=CIFAR100
07/12 11:49:19AM parser.py:31 [INFO] EPOCHS=50
07/12 11:49:19AM parser.py:31 [INFO] EXP_NAME=EXP-20240712-114919
07/12 11:49:19AM parser.py:31 [INFO] GPUS=[0]
07/12 11:49:19AM parser.py:31 [INFO] INIT_CHANNELS=16
07/12 11:49:19AM parser.py:31 [INFO] LAYERS=8
07/12 11:49:19AM parser.py:31 [INFO] LOCAL_RANK=0
07/12 11:49:19AM parser.py:31 [INFO] LOGGER=<Logger H-DAS (INFO)>
07/12 11:49:19AM parser.py:31 [INFO] NAME=BASELINE
07/12 11:49:19AM parser.py:31 [INFO] PATH=./results/search_cell/CIFAR100/BASELINE/EXP-20240712-114919
07/12 11:49:19AM parser.py:31 [INFO] PLOT_PATH=./results/search_cell/CIFAR100/BASELINE/EXP-20240712-114919/plots
07/12 11:49:19AM parser.py:31 [INFO] PRINT_FREQ=50
07/12 11:49:19AM parser.py:31 [INFO] RESUME_PATH=None
07/12 11:49:19AM parser.py:31 [INFO] SAVE=EXP
07/12 11:49:19AM parser.py:31 [INFO] SEED=1
07/12 11:49:19AM parser.py:31 [INFO] TRAIN_PORTION=0.5
07/12 11:49:19AM parser.py:31 [INFO] W_GRAD_CLIP=5.0
07/12 11:49:19AM parser.py:31 [INFO] W_LR=0.025
07/12 11:49:19AM parser.py:31 [INFO] W_LR_MIN=0.001
07/12 11:49:19AM parser.py:31 [INFO] W_MOMENTUM=0.9
07/12 11:49:19AM parser.py:31 [INFO] W_WEIGHT_DECAY=0.0003
07/12 11:49:19AM parser.py:31 [INFO] WORKERS=4
07/12 11:49:19AM parser.py:32 [INFO] 
07/12 11:49:21AM searchCell_trainer.py:95 [INFO] --> No loaded checkpoint!
####### ALPHA #######
# Alpha - normal
tensor([[0.1249, 0.1250, 0.1250, 0.1249, 0.1251, 0.1250, 0.1250, 0.1249],
        [0.1249, 0.1250, 0.1249, 0.1250, 0.1250, 0.1252, 0.1250, 0.1250]],
       device='cuda:0', grad_fn=<SoftmaxBackward0>)
tensor([[0.1249, 0.1249, 0.1251, 0.1250, 0.1251, 0.1250, 0.1249, 0.1251],
        [0.1248, 0.1249, 0.1253, 0.1250, 0.1250, 0.1248, 0.1251, 0.1251],
        [0.1252, 0.1250, 0.1250, 0.1251, 0.1249, 0.1251, 0.1249, 0.1248]],
       device='cuda:0', grad_fn=<SoftmaxBackward0>)
tensor([[0.1251, 0.1250, 0.1248, 0.1249, 0.1251, 0.1252, 0.1251, 0.1248],
        [0.1251, 0.1250, 0.1250, 0.1249, 0.1250, 0.1251, 0.1247, 0.1252],
        [0.1251, 0.1251, 0.1248, 0.1248, 0.1250, 0.1250, 0.1250, 0.1251],
        [0.1251, 0.1251, 0.1249, 0.1251, 0.1248, 0.1252, 0.1250, 0.1248]],
       device='cuda:0', grad_fn=<SoftmaxBackward0>)
tensor([[0.1250, 0.1249, 0.1250, 0.1250, 0.1252, 0.1249, 0.1251, 0.1250],
        [0.1249, 0.1249, 0.1252, 0.1251, 0.1250, 0.1251, 0.1249, 0.1249],
        [0.1250, 0.1250, 0.1246, 0.1251, 0.1251, 0.1250, 0.1251, 0.1251],
        [0.1251, 0.1248, 0.1251, 0.1252, 0.1250, 0.1248, 0.1251, 0.1249],
        [0.1248, 0.1248, 0.1251, 0.1251, 0.1253, 0.1251, 0.1252, 0.1248]],
       device='cuda:0', grad_fn=<SoftmaxBackward0>)
tensor([[0.1248, 0.1249, 0.1252, 0.1251, 0.1251, 0.1250, 0.1251, 0.1248],
        [0.1249, 0.1249, 0.1249, 0.1250, 0.1251, 0.1251, 0.1248, 0.1252]],
       device='cuda:0', grad_fn=<SoftmaxBackward0>)
tensor([[0.1251, 0.1250, 0.1249, 0.1250, 0.1249, 0.1249, 0.1251, 0.1251],
        [0.1250, 0.1247, 0.1250, 0.1250, 0.1250, 0.1250, 0.1252, 0.1251],
        [0.1251, 0.1250, 0.1250, 0.1251, 0.1249, 0.1249, 0.1250, 0.1251]],
       device='cuda:0', grad_fn=<SoftmaxBackward0>)
tensor([[0.1248, 0.1250, 0.1247, 0.1249, 0.1252, 0.1251, 0.1251, 0.1251],
        [0.1250, 0.1250, 0.1249, 0.1250, 0.1251, 0.1250, 0.1250, 0.1250],
        [0.1249, 0.1250, 0.1249, 0.1251, 0.1250, 0.1252, 0.1249, 0.1250],
        [0.1248, 0.1251, 0.1251, 0.1248, 0.1250, 0.1250, 0.1251, 0.1251]],
       device='cuda:0', grad_fn=<SoftmaxBackward0>)
tensor([[0.1253, 0.1249, 0.1250, 0.1248, 0.1250, 0.1248, 0.1252, 0.1250],
        [0.1252, 0.1250, 0.1249, 0.1250, 0.1250, 0.1249, 0.1250, 0.1250],
        [0.1250, 0.1251, 0.1247, 0.1249, 0.1251, 0.1252, 0.1250, 0.1251],
        [0.1249, 0.1249, 0.1251, 0.1249, 0.1250, 0.1250, 0.1251, 0.1251],
        [0.1251, 0.1248, 0.1250, 0.1249, 0.1251, 0.1252, 0.1251, 0.1249]],
       device='cuda:0', grad_fn=<SoftmaxBackward0>)
tensor([[0.1251, 0.1249, 0.1251, 0.1251, 0.1249, 0.1249, 0.1250, 0.1250],
        [0.1251, 0.1249, 0.1251, 0.1250, 0.1250, 0.1251, 0.1248, 0.1250]],
       device='cuda:0', grad_fn=<SoftmaxBackward0>)
tensor([[0.1251, 0.1249, 0.1250, 0.1252, 0.1249, 0.1251, 0.1250, 0.1249],
        [0.1250, 0.1250, 0.1249, 0.1248, 0.1250, 0.1250, 0.1251, 0.1251],
        [0.1250, 0.1251, 0.1248, 0.1249, 0.1252, 0.1250, 0.1250, 0.1249]],
       device='cuda:0', grad_fn=<SoftmaxBackward0>)
tensor([[0.1250, 0.1250, 0.1251, 0.1251, 0.1251, 0.1250, 0.1250, 0.1249],
        [0.1251, 0.1251, 0.1249, 0.1250, 0.1250, 0.1250, 0.1248, 0.1251],
        [0.1250, 0.1250, 0.1253, 0.1250, 0.1248, 0.1250, 0.1250, 0.1250],
        [0.1250, 0.1250, 0.1250, 0.1249, 0.1250, 0.1251, 0.1250, 0.1250]],
       device='cuda:0', grad_fn=<SoftmaxBackward0>)
tensor([[0.1251, 0.1252, 0.1249, 0.1249, 0.1249, 0.1250, 0.1248, 0.1251],
        [0.1252, 0.1248, 0.1249, 0.1250, 0.1251, 0.1251, 0.1249, 0.1250],
        [0.1250, 0.1251, 0.1246, 0.1251, 0.1248, 0.1252, 0.1250, 0.1252],
        [0.1250, 0.1251, 0.1250, 0.1251, 0.1250, 0.1248, 0.1249, 0.1251],
        [0.1250, 0.1247, 0.1250, 0.1250, 0.1249, 0.1251, 0.1250, 0.1253]],
       device='cuda:0', grad_fn=<SoftmaxBackward0>)

# Alpha - reduce
tensor([[0.1251, 0.1251, 0.1251, 0.1250, 0.1248, 0.1249, 0.1250, 0.1250],
        [0.1251, 0.1250, 0.1250, 0.1250, 0.1250, 0.1249, 0.1253, 0.1248]],
       device='cuda:0', grad_fn=<SoftmaxBackward0>)
tensor([[0.1250, 0.1250, 0.1250, 0.1250, 0.1249, 0.1251, 0.1252, 0.1248],
        [0.1249, 0.1251, 0.1248, 0.1249, 0.1250, 0.1250, 0.1252, 0.1251],
        [0.1247, 0.1253, 0.1249, 0.1248, 0.1250, 0.1252, 0.1251, 0.1250]],
       device='cuda:0', grad_fn=<SoftmaxBackward0>)
tensor([[0.1250, 0.1249, 0.1250, 0.1249, 0.1251, 0.1250, 0.1251, 0.1249],
        [0.1248, 0.1251, 0.1251, 0.1248, 0.1251, 0.1250, 0.1250, 0.1251],
        [0.1251, 0.1250, 0.1250, 0.1250, 0.1251, 0.1250, 0.1250, 0.1248],
        [0.1251, 0.1249, 0.1249, 0.1250, 0.1251, 0.1251, 0.1251, 0.1249]],
       device='cuda:0', grad_fn=<SoftmaxBackward0>)
tensor([[0.1250, 0.1251, 0.1249, 0.1250, 0.1250, 0.1250, 0.1249, 0.1252],
        [0.1250, 0.1251, 0.1249, 0.1249, 0.1249, 0.1250, 0.1251, 0.1251],
        [0.1250, 0.1250, 0.1250, 0.1253, 0.1249, 0.1250, 0.1249, 0.1250],
        [0.1249, 0.1249, 0.1251, 0.1249, 0.1252, 0.1251, 0.1250, 0.1249],
        [0.1249, 0.1250, 0.1249, 0.1250, 0.1251, 0.1251, 0.1250, 0.1250]],
       device='cuda:0', grad_fn=<SoftmaxBackward0>)
tensor([[0.1249, 0.1250, 0.1250, 0.1250, 0.1249, 0.1251, 0.1249, 0.1252],
        [0.1249, 0.1252, 0.1252, 0.1250, 0.1248, 0.1250, 0.1251, 0.1248]],
       device='cuda:0', grad_fn=<SoftmaxBackward0>)
tensor([[0.1250, 0.1248, 0.1251, 0.1249, 0.1250, 0.1250, 0.1250, 0.1253],
        [0.1250, 0.1252, 0.1247, 0.1251, 0.1248, 0.1251, 0.1252, 0.1249],
        [0.1248, 0.1250, 0.1252, 0.1249, 0.1251, 0.1250, 0.1249, 0.1252]],
       device='cuda:0', grad_fn=<SoftmaxBackward0>)
tensor([[0.1248, 0.1249, 0.1251, 0.1251, 0.1250, 0.1250, 0.1250, 0.1251],
        [0.1251, 0.1251, 0.1250, 0.1250, 0.1249, 0.1249, 0.1251, 0.1250],
        [0.1250, 0.1251, 0.1249, 0.1249, 0.1250, 0.1251, 0.1249, 0.1251],
        [0.1251, 0.1250, 0.1250, 0.1249, 0.1250, 0.1250, 0.1251, 0.1250]],
       device='cuda:0', grad_fn=<SoftmaxBackward0>)
tensor([[0.1252, 0.1249, 0.1247, 0.1250, 0.1250, 0.1250, 0.1251, 0.1250],
        [0.1251, 0.1249, 0.1251, 0.1249, 0.1250, 0.1250, 0.1248, 0.1251],
        [0.1249, 0.1252, 0.1249, 0.1250, 0.1251, 0.1249, 0.1250, 0.1250],
        [0.1252, 0.1251, 0.1251, 0.1247, 0.1249, 0.1250, 0.1249, 0.1251],
        [0.1249, 0.1251, 0.1252, 0.1249, 0.1251, 0.1249, 0.1249, 0.1251]],
       device='cuda:0', grad_fn=<SoftmaxBackward0>)
#####################
07/12 11:49:58AM searchCell_trainer.py:166 [INFO] Train: Epoch: [0][50/390]	Step 50	lr 0.025	Loss 4.0867 (4.3961)	Prec@(1,5) (4.2%, 16.6%)	
07/12 11:50:34AM searchCell_trainer.py:166 [INFO] Train: Epoch: [0][100/390]	Step 100	lr 0.025	Loss 3.7590 (4.2483)	Prec@(1,5) (5.9%, 20.6%)	
07/12 11:51:10AM searchCell_trainer.py:166 [INFO] Train: Epoch: [0][150/390]	Step 150	lr 0.025	Loss 3.8318 (4.1506)	Prec@(1,5) (7.0%, 23.4%)	
07/12 11:51:46AM searchCell_trainer.py:166 [INFO] Train: Epoch: [0][200/390]	Step 200	lr 0.025	Loss 3.5574 (4.0578)	Prec@(1,5) (8.3%, 26.2%)	
07/12 11:52:22AM searchCell_trainer.py:166 [INFO] Train: Epoch: [0][250/390]	Step 250	lr 0.025	Loss 3.7165 (3.9841)	Prec@(1,5) (9.3%, 28.2%)	
07/12 11:52:57AM searchCell_trainer.py:166 [INFO] Train: Epoch: [0][300/390]	Step 300	lr 0.025	Loss 3.6561 (3.9248)	Prec@(1,5) (10.1%, 30.0%)	
07/12 11:53:32AM searchCell_trainer.py:166 [INFO] Train: Epoch: [0][350/390]	Step 350	lr 0.025	Loss 3.2019 (3.8732)	Prec@(1,5) (10.8%, 31.5%)	
07/12 11:54:00AM searchCell_trainer.py:166 [INFO] Train: Epoch: [0][390/390]	Step 390	lr 0.025	Loss 3.7192 (3.8323)	Prec@(1,5) (11.4%, 32.7%)	
07/12 11:54:02AM searchCell_trainer.py:176 [INFO] Train: [  0/49] Final Prec@1 11.4040%
07/12 11:54:08AM searchCell_trainer.py:202 [INFO] Valid: Epoch: [0][50/391]	Step 391	Loss 3.4848	Prec@(1,5) (16.5%, 43.8%)
07/12 11:54:15AM searchCell_trainer.py:202 [INFO] Valid: Epoch: [0][100/391]	Step 391	Loss 3.4895	Prec@(1,5) (16.2%, 43.5%)
07/12 11:54:21AM searchCell_trainer.py:202 [INFO] Valid: Epoch: [0][150/391]	Step 391	Loss 3.4902	Prec@(1,5) (16.1%, 43.1%)
07/12 11:54:28AM searchCell_trainer.py:202 [INFO] Valid: Epoch: [0][200/391]	Step 391	Loss 3.4894	Prec@(1,5) (16.3%, 43.2%)
07/12 11:54:35AM searchCell_trainer.py:202 [INFO] Valid: Epoch: [0][250/391]	Step 391	Loss 3.4841	Prec@(1,5) (16.4%, 43.6%)
07/12 11:54:41AM searchCell_trainer.py:202 [INFO] Valid: Epoch: [0][300/391]	Step 391	Loss 3.4840	Prec@(1,5) (16.6%, 43.5%)
07/12 11:54:48AM searchCell_trainer.py:202 [INFO] Valid: Epoch: [0][350/391]	Step 391	Loss 3.4863	Prec@(1,5) (16.7%, 43.5%)
07/12 11:54:53AM searchCell_trainer.py:202 [INFO] Valid: Epoch: [0][390/391]	Step 391	Loss 3.4902	Prec@(1,5) (16.6%, 43.4%)
07/12 11:54:53AM searchCell_trainer.py:213 [INFO] Valid: [  0/49] Final Prec@1 16.6160%
07/12 11:54:53AM searchCell_main.py:49 [INFO] genotype = Genotype3(normal1=[[('max_pool_3x3', 0), ('max_pool_3x3', 1)], [('max_pool_3x3', 0), ('dil_conv_5x5', 1)], [('max_pool_3x3', 0), ('sep_conv_5x5', 2)], [('max_pool_3x3', 0), ('sep_conv_5x5', 4)]], normal1_concat=range(2, 6), reduce1=[[('max_pool_3x3', 0), ('dil_conv_5x5', 1)], [('max_pool_3x3', 0), ('sep_conv_5x5', 2)], [('max_pool_3x3', 0), ('dil_conv_5x5', 3)], [('max_pool_3x3', 0), ('sep_conv_5x5', 4)]], reduce1_concat=range(2, 6), normal2=[[('max_pool_3x3', 0), ('sep_conv_3x3', 1)], [('max_pool_3x3', 0), ('dil_conv_5x5', 1)], [('max_pool_3x3', 0), ('sep_conv_3x3', 1)], [('max_pool_3x3', 0), ('sep_conv_5x5', 1)]], normal2_concat=range(2, 6), reduce2=[[('sep_conv_3x3', 0), ('dil_conv_5x5', 1)], [('sep_conv_3x3', 2), ('max_pool_3x3', 0)], [('sep_conv_5x5', 3), ('sep_conv_5x5', 2)], [('dil_conv_5x5', 1), ('dil_conv_3x3', 3)]], reduce2_concat=range(2, 6), normal3=[[('dil_conv_3x3', 1), ('dil_conv_5x5', 0)], [('sep_conv_5x5', 1), ('dil_conv_5x5', 2)], [('dil_conv_3x3', 1), ('sep_conv_5x5', 2)], [('dil_conv_3x3', 4), ('sep_conv_5x5', 3)]], normal3_concat=range(2, 6))
07/12 11:54:54AM searchCell_main.py:69 [INFO] Until now, best Prec@1 = 16.6160%
####### ALPHA #######
# Alpha - normal
tensor([[0.1288, 0.1219, 0.1255, 0.1249, 0.1241, 0.1247, 0.1271, 0.1231],
        [0.1259, 0.1222, 0.1242, 0.1239, 0.1258, 0.1256, 0.1252, 0.1272]],
       device='cuda:0', grad_fn=<SoftmaxBackward0>)
tensor([[0.1290, 0.1223, 0.1254, 0.1255, 0.1239, 0.1253, 0.1257, 0.1229],
        [0.1249, 0.1222, 0.1243, 0.1239, 0.1263, 0.1267, 0.1274, 0.1244],
        [0.1269, 0.1242, 0.1260, 0.1251, 0.1237, 0.1244, 0.1243, 0.1252]],
       device='cuda:0', grad_fn=<SoftmaxBackward0>)
tensor([[0.1290, 0.1226, 0.1251, 0.1251, 0.1255, 0.1243, 0.1253, 0.1230],
        [0.1256, 0.1219, 0.1235, 0.1254, 0.1268, 0.1251, 0.1259, 0.1259],
        [0.1260, 0.1229, 0.1249, 0.1247, 0.1278, 0.1241, 0.1237, 0.1260],
        [0.1250, 0.1233, 0.1251, 0.1264, 0.1248, 0.1251, 0.1244, 0.1259]],
       device='cuda:0', grad_fn=<SoftmaxBackward0>)
tensor([[0.1295, 0.1229, 0.1257, 0.1242, 0.1248, 0.1251, 0.1235, 0.1245],
        [0.1253, 0.1219, 0.1240, 0.1259, 0.1248, 0.1254, 0.1263, 0.1265],
        [0.1266, 0.1243, 0.1252, 0.1272, 0.1258, 0.1224, 0.1241, 0.1245],
        [0.1258, 0.1235, 0.1253, 0.1257, 0.1244, 0.1244, 0.1252, 0.1257],
        [0.1249, 0.1227, 0.1248, 0.1244, 0.1275, 0.1247, 0.1247, 0.1264]],
       device='cuda:0', grad_fn=<SoftmaxBackward0>)
tensor([[0.1302, 0.1252, 0.1276, 0.1234, 0.1246, 0.1230, 0.1245, 0.1215],
        [0.1237, 0.1206, 0.1224, 0.1269, 0.1266, 0.1247, 0.1266, 0.1283]],
       device='cuda:0', grad_fn=<SoftmaxBackward0>)
tensor([[0.1295, 0.1245, 0.1263, 0.1247, 0.1250, 0.1236, 0.1255, 0.1209],
        [0.1248, 0.1209, 0.1230, 0.1264, 0.1256, 0.1236, 0.1276, 0.1282],
        [0.1263, 0.1227, 0.1250, 0.1255, 0.1260, 0.1236, 0.1252, 0.1256]],
       device='cuda:0', grad_fn=<SoftmaxBackward0>)
tensor([[0.1274, 0.1238, 0.1253, 0.1255, 0.1250, 0.1246, 0.1247, 0.1237],
        [0.1250, 0.1222, 0.1238, 0.1264, 0.1251, 0.1251, 0.1260, 0.1264],
        [0.1251, 0.1235, 0.1248, 0.1242, 0.1256, 0.1250, 0.1262, 0.1257],
        [0.1242, 0.1229, 0.1243, 0.1263, 0.1263, 0.1258, 0.1247, 0.1255]],
       device='cuda:0', grad_fn=<SoftmaxBackward0>)
tensor([[0.1302, 0.1243, 0.1262, 0.1240, 0.1237, 0.1249, 0.1230, 0.1236],
        [0.1247, 0.1210, 0.1226, 0.1252, 0.1272, 0.1260, 0.1263, 0.1270],
        [0.1255, 0.1224, 0.1237, 0.1254, 0.1261, 0.1259, 0.1248, 0.1262],
        [0.1247, 0.1217, 0.1240, 0.1256, 0.1263, 0.1263, 0.1250, 0.1264],
        [0.1250, 0.1222, 0.1242, 0.1265, 0.1249, 0.1260, 0.1251, 0.1261]],
       device='cuda:0', grad_fn=<SoftmaxBackward0>)
tensor([[0.1263, 0.1219, 0.1230, 0.1240, 0.1273, 0.1260, 0.1274, 0.1241],
        [0.1209, 0.1178, 0.1184, 0.1272, 0.1277, 0.1286, 0.1279, 0.1315]],
       device='cuda:0', grad_fn=<SoftmaxBackward0>)
tensor([[0.1249, 0.1210, 0.1220, 0.1257, 0.1289, 0.1248, 0.1253, 0.1274],
        [0.1202, 0.1177, 0.1179, 0.1277, 0.1300, 0.1279, 0.1281, 0.1306],
        [0.1212, 0.1190, 0.1190, 0.1280, 0.1269, 0.1277, 0.1290, 0.1292]],
       device='cuda:0', grad_fn=<SoftmaxBackward0>)
tensor([[0.1239, 0.1208, 0.1213, 0.1252, 0.1282, 0.1258, 0.1271, 0.1276],
        [0.1202, 0.1179, 0.1178, 0.1273, 0.1290, 0.1298, 0.1279, 0.1301],
        [0.1208, 0.1189, 0.1193, 0.1255, 0.1293, 0.1287, 0.1280, 0.1295],
        [0.1208, 0.1188, 0.1190, 0.1276, 0.1285, 0.1285, 0.1277, 0.1291]],
       device='cuda:0', grad_fn=<SoftmaxBackward0>)
tensor([[0.1222, 0.1200, 0.1202, 0.1265, 0.1282, 0.1255, 0.1287, 0.1287],
        [0.1202, 0.1181, 0.1184, 0.1291, 0.1283, 0.1273, 0.1281, 0.1305],
        [0.1198, 0.1184, 0.1181, 0.1282, 0.1288, 0.1282, 0.1288, 0.1296],
        [0.1197, 0.1186, 0.1188, 0.1293, 0.1293, 0.1250, 0.1287, 0.1305],
        [0.1194, 0.1179, 0.1185, 0.1280, 0.1289, 0.1291, 0.1287, 0.1295]],
       device='cuda:0', grad_fn=<SoftmaxBackward0>)

# Alpha - reduce
tensor([[0.1283, 0.1246, 0.1274, 0.1243, 0.1254, 0.1216, 0.1245, 0.1240],
        [0.1252, 0.1229, 0.1250, 0.1250, 0.1246, 0.1250, 0.1266, 0.1257]],
       device='cuda:0', grad_fn=<SoftmaxBackward0>)
tensor([[0.1277, 0.1252, 0.1252, 0.1262, 0.1239, 0.1243, 0.1237, 0.1238],
        [0.1235, 0.1222, 0.1267, 0.1260, 0.1260, 0.1243, 0.1248, 0.1265],
        [0.1240, 0.1220, 0.1238, 0.1247, 0.1278, 0.1264, 0.1258, 0.1256]],
       device='cuda:0', grad_fn=<SoftmaxBackward0>)
tensor([[0.1274, 0.1245, 0.1254, 0.1242, 0.1252, 0.1242, 0.1256, 0.1235],
        [0.1254, 0.1237, 0.1260, 0.1244, 0.1254, 0.1250, 0.1256, 0.1245],
        [0.1253, 0.1228, 0.1242, 0.1251, 0.1258, 0.1264, 0.1261, 0.1243],
        [0.1266, 0.1234, 0.1254, 0.1238, 0.1245, 0.1243, 0.1266, 0.1253]],
       device='cuda:0', grad_fn=<SoftmaxBackward0>)
tensor([[0.1271, 0.1245, 0.1241, 0.1244, 0.1259, 0.1252, 0.1252, 0.1236],
        [0.1234, 0.1214, 0.1247, 0.1251, 0.1256, 0.1251, 0.1265, 0.1282],
        [0.1248, 0.1226, 0.1241, 0.1255, 0.1268, 0.1240, 0.1269, 0.1253],
        [0.1252, 0.1220, 0.1243, 0.1248, 0.1256, 0.1258, 0.1260, 0.1263],
        [0.1242, 0.1215, 0.1232, 0.1263, 0.1271, 0.1251, 0.1270, 0.1256]],
       device='cuda:0', grad_fn=<SoftmaxBackward0>)
tensor([[0.1262, 0.1236, 0.1238, 0.1273, 0.1247, 0.1254, 0.1251, 0.1240],
        [0.1253, 0.1231, 0.1239, 0.1246, 0.1251, 0.1253, 0.1266, 0.1261]],
       device='cuda:0', grad_fn=<SoftmaxBackward0>)
tensor([[0.1267, 0.1241, 0.1251, 0.1241, 0.1261, 0.1237, 0.1259, 0.1243],
        [0.1257, 0.1233, 0.1243, 0.1258, 0.1245, 0.1245, 0.1253, 0.1267],
        [0.1244, 0.1204, 0.1226, 0.1283, 0.1263, 0.1263, 0.1275, 0.1244]],
       device='cuda:0', grad_fn=<SoftmaxBackward0>)
tensor([[0.1268, 0.1241, 0.1248, 0.1247, 0.1245, 0.1243, 0.1262, 0.1246],
        [0.1242, 0.1220, 0.1248, 0.1253, 0.1276, 0.1258, 0.1249, 0.1255],
        [0.1254, 0.1209, 0.1235, 0.1246, 0.1282, 0.1253, 0.1264, 0.1256],
        [0.1254, 0.1202, 0.1230, 0.1250, 0.1289, 0.1275, 0.1255, 0.1245]],
       device='cuda:0', grad_fn=<SoftmaxBackward0>)
tensor([[0.1266, 0.1234, 0.1253, 0.1259, 0.1256, 0.1252, 0.1238, 0.1243],
        [0.1259, 0.1231, 0.1259, 0.1227, 0.1243, 0.1244, 0.1273, 0.1265],
        [0.1257, 0.1207, 0.1234, 0.1260, 0.1268, 0.1269, 0.1260, 0.1245],
        [0.1258, 0.1204, 0.1236, 0.1238, 0.1262, 0.1275, 0.1268, 0.1260],
        [0.1257, 0.1207, 0.1240, 0.1260, 0.1260, 0.1243, 0.1272, 0.1261]],
       device='cuda:0', grad_fn=<SoftmaxBackward0>)
#####################
07/12 11:55:31AM searchCell_trainer.py:166 [INFO] Train: Epoch: [1][50/390]	Step 441	lr 0.02498	Loss 3.3158 (3.3673)	Prec@(1,5) (18.3%, 46.5%)	
07/12 11:56:06AM searchCell_trainer.py:166 [INFO] Train: Epoch: [1][100/390]	Step 491	lr 0.02498	Loss 3.1128 (3.3481)	Prec@(1,5) (18.6%, 47.0%)	
07/12 11:56:42AM searchCell_trainer.py:166 [INFO] Train: Epoch: [1][150/390]	Step 541	lr 0.02498	Loss 3.3484 (3.3337)	Prec@(1,5) (18.8%, 47.2%)	
07/12 11:57:18AM searchCell_trainer.py:166 [INFO] Train: Epoch: [1][200/390]	Step 591	lr 0.02498	Loss 3.4271 (3.2959)	Prec@(1,5) (19.3%, 48.2%)	
07/12 11:57:54AM searchCell_trainer.py:166 [INFO] Train: Epoch: [1][250/390]	Step 641	lr 0.02498	Loss 3.2564 (3.2824)	Prec@(1,5) (19.5%, 48.4%)	
07/12 11:58:29AM searchCell_trainer.py:166 [INFO] Train: Epoch: [1][300/390]	Step 691	lr 0.02498	Loss 3.0060 (3.2468)	Prec@(1,5) (20.3%, 49.4%)	
07/12 11:59:05AM searchCell_trainer.py:166 [INFO] Train: Epoch: [1][350/390]	Step 741	lr 0.02498	Loss 2.8683 (3.2205)	Prec@(1,5) (20.7%, 50.1%)	
07/12 11:59:33AM searchCell_trainer.py:166 [INFO] Train: Epoch: [1][390/390]	Step 781	lr 0.02498	Loss 2.9293 (3.2074)	Prec@(1,5) (21.0%, 50.4%)	
07/12 11:59:34AM searchCell_trainer.py:176 [INFO] Train: [  1/49] Final Prec@1 21.0240%
07/12 11:59:41AM searchCell_trainer.py:202 [INFO] Valid: Epoch: [1][50/391]	Step 782	Loss 3.2964	Prec@(1,5) (21.0%, 48.6%)
07/12 11:59:47AM searchCell_trainer.py:202 [INFO] Valid: Epoch: [1][100/391]	Step 782	Loss 3.2807	Prec@(1,5) (21.6%, 49.5%)
07/12 11:59:54AM searchCell_trainer.py:202 [INFO] Valid: Epoch: [1][150/391]	Step 782	Loss 3.2924	Prec@(1,5) (21.1%, 48.9%)
07/12 12:00:00PM searchCell_trainer.py:202 [INFO] Valid: Epoch: [1][200/391]	Step 782	Loss 3.2862	Prec@(1,5) (21.1%, 49.1%)
07/12 12:00:07PM searchCell_trainer.py:202 [INFO] Valid: Epoch: [1][250/391]	Step 782	Loss 3.2859	Prec@(1,5) (21.3%, 49.2%)
07/12 12:00:13PM searchCell_trainer.py:202 [INFO] Valid: Epoch: [1][300/391]	Step 782	Loss 3.2853	Prec@(1,5) (21.4%, 49.2%)
07/12 12:00:19PM searchCell_trainer.py:202 [INFO] Valid: Epoch: [1][350/391]	Step 782	Loss 3.2838	Prec@(1,5) (21.4%, 49.2%)
07/12 12:00:25PM searchCell_trainer.py:202 [INFO] Valid: Epoch: [1][390/391]	Step 782	Loss 3.2901	Prec@(1,5) (21.3%, 49.0%)
07/12 12:00:25PM searchCell_trainer.py:213 [INFO] Valid: [  1/49] Final Prec@1 21.3400%
07/12 12:00:25PM searchCell_main.py:49 [INFO] genotype = Genotype3(normal1=[[('max_pool_3x3', 0), ('dil_conv_5x5', 1)], [('max_pool_3x3', 0), ('max_pool_3x3', 2)], [('max_pool_3x3', 0), ('sep_conv_5x5', 2)], [('max_pool_3x3', 0), ('sep_conv_5x5', 4)]], normal1_concat=range(2, 6), reduce1=[[('max_pool_3x3', 0), ('max_pool_3x3', 1)], [('sep_conv_5x5', 2), ('max_pool_3x3', 0)], [('max_pool_3x3', 0), ('dil_conv_5x5', 3)], [('dil_conv_5x5', 4), ('max_pool_3x3', 0)]], reduce1_concat=range(2, 6), normal2=[[('max_pool_3x3', 0), ('dil_conv_5x5', 1)], [('max_pool_3x3', 0), ('sep_conv_5x5', 2)], [('max_pool_3x3', 0), ('sep_conv_3x3', 3)], [('max_pool_3x3', 0), ('sep_conv_5x5', 1)]], normal2_concat=range(2, 6), reduce2=[[('max_pool_3x3', 0), ('dil_conv_5x5', 1)], [('max_pool_3x3', 0), ('dil_conv_5x5', 2)], [('sep_conv_5x5', 2), ('sep_conv_5x5', 3)], [('sep_conv_5x5', 2), ('sep_conv_5x5', 4)]], reduce2_concat=range(2, 6), normal3=[[('dil_conv_5x5', 1), ('max_pool_3x3', 0)], [('sep_conv_5x5', 1), ('sep_conv_5x5', 0)], [('dil_conv_3x3', 1), ('sep_conv_5x5', 2)], [('sep_conv_5x5', 2), ('sep_conv_3x3', 1)]], normal3_concat=range(2, 6))
07/12 12:00:26PM searchCell_main.py:69 [INFO] Until now, best Prec@1 = 21.3400%
####### ALPHA #######
# Alpha - normal
tensor([[0.1319, 0.1171, 0.1256, 0.1250, 0.1232, 0.1253, 0.1289, 0.1229],
        [0.1266, 0.1193, 0.1241, 0.1248, 0.1256, 0.1246, 0.1271, 0.1279]],
       device='cuda:0', grad_fn=<SoftmaxBackward0>)
tensor([[0.1335, 0.1185, 0.1253, 0.1267, 0.1243, 0.1257, 0.1257, 0.1204],
        [0.1268, 0.1204, 0.1253, 0.1226, 0.1247, 0.1261, 0.1295, 0.1245],
        [0.1294, 0.1227, 0.1278, 0.1238, 0.1248, 0.1232, 0.1221, 0.1262]],
       device='cuda:0', grad_fn=<SoftmaxBackward0>)
tensor([[0.1332, 0.1188, 0.1248, 0.1266, 0.1245, 0.1235, 0.1255, 0.1231],
        [0.1271, 0.1191, 0.1232, 0.1274, 0.1271, 0.1242, 0.1263, 0.1256],
        [0.1272, 0.1201, 0.1246, 0.1246, 0.1287, 0.1239, 0.1240, 0.1269],
        [0.1240, 0.1208, 0.1249, 0.1262, 0.1244, 0.1266, 0.1246, 0.1285]],
       device='cuda:0', grad_fn=<SoftmaxBackward0>)
tensor([[0.1344, 0.1197, 0.1257, 0.1231, 0.1258, 0.1261, 0.1210, 0.1243],
        [0.1268, 0.1192, 0.1239, 0.1269, 0.1253, 0.1245, 0.1267, 0.1265],
        [0.1280, 0.1222, 0.1246, 0.1283, 0.1249, 0.1244, 0.1246, 0.1229],
        [0.1254, 0.1215, 0.1253, 0.1256, 0.1248, 0.1247, 0.1268, 0.1258],
        [0.1238, 0.1196, 0.1234, 0.1254, 0.1296, 0.1256, 0.1259, 0.1268]],
       device='cuda:0', grad_fn=<SoftmaxBackward0>)
tensor([[0.1338, 0.1234, 0.1287, 0.1213, 0.1236, 0.1238, 0.1254, 0.1200],
        [0.1228, 0.1176, 0.1210, 0.1258, 0.1286, 0.1241, 0.1294, 0.1307]],
       device='cuda:0', grad_fn=<SoftmaxBackward0>)
tensor([[0.1336, 0.1231, 0.1270, 0.1247, 0.1256, 0.1227, 0.1253, 0.1181],
        [0.1247, 0.1184, 0.1221, 0.1276, 0.1257, 0.1233, 0.1282, 0.1301],
        [0.1267, 0.1203, 0.1253, 0.1253, 0.1287, 0.1214, 0.1259, 0.1265]],
       device='cuda:0', grad_fn=<SoftmaxBackward0>)
tensor([[0.1301, 0.1213, 0.1255, 0.1255, 0.1251, 0.1254, 0.1243, 0.1229],
        [0.1253, 0.1197, 0.1230, 0.1272, 0.1247, 0.1247, 0.1272, 0.1282],
        [0.1244, 0.1205, 0.1244, 0.1241, 0.1259, 0.1259, 0.1275, 0.1272],
        [0.1228, 0.1192, 0.1225, 0.1295, 0.1283, 0.1266, 0.1253, 0.1260]],
       device='cuda:0', grad_fn=<SoftmaxBackward0>)
tensor([[0.1349, 0.1228, 0.1271, 0.1231, 0.1249, 0.1249, 0.1211, 0.1211],
        [0.1244, 0.1183, 0.1214, 0.1257, 0.1288, 0.1273, 0.1267, 0.1272],
        [0.1261, 0.1199, 0.1234, 0.1256, 0.1282, 0.1269, 0.1235, 0.1263],
        [0.1245, 0.1188, 0.1233, 0.1282, 0.1279, 0.1265, 0.1239, 0.1269],
        [0.1250, 0.1197, 0.1239, 0.1280, 0.1269, 0.1258, 0.1238, 0.1269]],
       device='cuda:0', grad_fn=<SoftmaxBackward0>)
tensor([[0.1295, 0.1203, 0.1219, 0.1229, 0.1285, 0.1255, 0.1282, 0.1231],
        [0.1220, 0.1149, 0.1162, 0.1268, 0.1281, 0.1278, 0.1298, 0.1343]],
       device='cuda:0', grad_fn=<SoftmaxBackward0>)
tensor([[0.1274, 0.1191, 0.1206, 0.1259, 0.1312, 0.1234, 0.1252, 0.1273],
        [0.1214, 0.1154, 0.1161, 0.1273, 0.1310, 0.1284, 0.1276, 0.1327],
        [0.1214, 0.1166, 0.1160, 0.1279, 0.1294, 0.1290, 0.1313, 0.1284]],
       device='cuda:0', grad_fn=<SoftmaxBackward0>)
tensor([[0.1262, 0.1189, 0.1197, 0.1249, 0.1286, 0.1263, 0.1276, 0.1279],
        [0.1204, 0.1151, 0.1153, 0.1277, 0.1304, 0.1322, 0.1282, 0.1308],
        [0.1213, 0.1168, 0.1166, 0.1244, 0.1316, 0.1301, 0.1293, 0.1298],
        [0.1214, 0.1171, 0.1172, 0.1268, 0.1303, 0.1300, 0.1284, 0.1287]],
       device='cuda:0', grad_fn=<SoftmaxBackward0>)
tensor([[0.1235, 0.1180, 0.1187, 0.1269, 0.1285, 0.1250, 0.1298, 0.1296],
        [0.1202, 0.1155, 0.1160, 0.1310, 0.1287, 0.1280, 0.1286, 0.1319],
        [0.1195, 0.1162, 0.1160, 0.1284, 0.1310, 0.1282, 0.1297, 0.1311],
        [0.1195, 0.1166, 0.1170, 0.1304, 0.1299, 0.1251, 0.1301, 0.1314],
        [0.1191, 0.1158, 0.1163, 0.1289, 0.1299, 0.1304, 0.1303, 0.1291]],
       device='cuda:0', grad_fn=<SoftmaxBackward0>)

# Alpha - reduce
tensor([[0.1314, 0.1257, 0.1300, 0.1228, 0.1251, 0.1188, 0.1245, 0.1217],
        [0.1258, 0.1230, 0.1242, 0.1245, 0.1247, 0.1244, 0.1253, 0.1280]],
       device='cuda:0', grad_fn=<SoftmaxBackward0>)
tensor([[0.1296, 0.1254, 0.1267, 0.1259, 0.1241, 0.1227, 0.1238, 0.1217],
        [0.1224, 0.1208, 0.1278, 0.1259, 0.1254, 0.1244, 0.1242, 0.1291],
        [0.1218, 0.1182, 0.1213, 0.1244, 0.1319, 0.1284, 0.1279, 0.1260]],
       device='cuda:0', grad_fn=<SoftmaxBackward0>)
tensor([[0.1303, 0.1259, 0.1258, 0.1219, 0.1253, 0.1236, 0.1249, 0.1224],
        [0.1245, 0.1227, 0.1277, 0.1259, 0.1249, 0.1234, 0.1252, 0.1257],
        [0.1234, 0.1191, 0.1220, 0.1288, 0.1272, 0.1289, 0.1265, 0.1242],
        [0.1248, 0.1204, 0.1244, 0.1229, 0.1267, 0.1258, 0.1293, 0.1258]],
       device='cuda:0', grad_fn=<SoftmaxBackward0>)
tensor([[0.1299, 0.1250, 0.1236, 0.1244, 0.1274, 0.1256, 0.1229, 0.1211],
        [0.1235, 0.1208, 0.1243, 0.1229, 0.1250, 0.1267, 0.1264, 0.1304],
        [0.1239, 0.1196, 0.1227, 0.1245, 0.1293, 0.1264, 0.1282, 0.1255],
        [0.1249, 0.1202, 0.1246, 0.1235, 0.1256, 0.1249, 0.1281, 0.1282],
        [0.1230, 0.1189, 0.1219, 0.1275, 0.1256, 0.1266, 0.1302, 0.1263]],
       device='cuda:0', grad_fn=<SoftmaxBackward0>)
tensor([[0.1291, 0.1241, 0.1225, 0.1255, 0.1262, 0.1243, 0.1246, 0.1237],
        [0.1254, 0.1212, 0.1231, 0.1243, 0.1271, 0.1250, 0.1276, 0.1265]],
       device='cuda:0', grad_fn=<SoftmaxBackward0>)
tensor([[0.1298, 0.1245, 0.1254, 0.1232, 0.1270, 0.1222, 0.1242, 0.1236],
        [0.1262, 0.1215, 0.1237, 0.1264, 0.1244, 0.1231, 0.1259, 0.1288],
        [0.1263, 0.1163, 0.1198, 0.1294, 0.1280, 0.1285, 0.1297, 0.1220]],
       device='cuda:0', grad_fn=<SoftmaxBackward0>)
tensor([[0.1296, 0.1240, 0.1250, 0.1240, 0.1227, 0.1239, 0.1272, 0.1237],
        [0.1238, 0.1194, 0.1256, 0.1242, 0.1305, 0.1251, 0.1255, 0.1258],
        [0.1280, 0.1165, 0.1219, 0.1233, 0.1309, 0.1249, 0.1276, 0.1269],
        [0.1270, 0.1164, 0.1213, 0.1242, 0.1315, 0.1275, 0.1280, 0.1241]],
       device='cuda:0', grad_fn=<SoftmaxBackward0>)
tensor([[0.1288, 0.1223, 0.1262, 0.1253, 0.1262, 0.1239, 0.1240, 0.1233],
        [0.1253, 0.1204, 0.1284, 0.1210, 0.1249, 0.1257, 0.1276, 0.1267],
        [0.1267, 0.1148, 0.1200, 0.1274, 0.1297, 0.1295, 0.1267, 0.1251],
        [0.1255, 0.1144, 0.1203, 0.1240, 0.1291, 0.1291, 0.1293, 0.1283],
        [0.1255, 0.1153, 0.1212, 0.1281, 0.1291, 0.1235, 0.1288, 0.1285]],
       device='cuda:0', grad_fn=<SoftmaxBackward0>)
#####################
07/12 12:01:02PM searchCell_trainer.py:166 [INFO] Train: Epoch: [2][50/390]	Step 832	lr 0.02491	Loss 2.8982 (2.9334)	Prec@(1,5) (25.7%, 57.2%)	
07/12 12:01:37PM searchCell_trainer.py:166 [INFO] Train: Epoch: [2][100/390]	Step 882	lr 0.02491	Loss 2.8389 (2.9030)	Prec@(1,5) (26.7%, 58.2%)	
07/12 12:02:12PM searchCell_trainer.py:166 [INFO] Train: Epoch: [2][150/390]	Step 932	lr 0.02491	Loss 2.8108 (2.8896)	Prec@(1,5) (26.9%, 58.1%)	
07/12 12:02:50PM searchCell_trainer.py:166 [INFO] Train: Epoch: [2][200/390]	Step 982	lr 0.02491	Loss 3.1571 (2.8670)	Prec@(1,5) (27.3%, 59.0%)	
07/12 12:03:26PM searchCell_trainer.py:166 [INFO] Train: Epoch: [2][250/390]	Step 1032	lr 0.02491	Loss 3.4268 (2.8543)	Prec@(1,5) (27.5%, 59.2%)	
07/12 12:04:03PM searchCell_trainer.py:166 [INFO] Train: Epoch: [2][300/390]	Step 1082	lr 0.02491	Loss 3.0479 (2.8433)	Prec@(1,5) (27.9%, 59.3%)	
07/12 12:04:40PM searchCell_trainer.py:166 [INFO] Train: Epoch: [2][350/390]	Step 1132	lr 0.02491	Loss 2.6225 (2.8283)	Prec@(1,5) (28.1%, 59.8%)	
07/12 12:05:09PM searchCell_trainer.py:166 [INFO] Train: Epoch: [2][390/390]	Step 1172	lr 0.02491	Loss 2.7945 (2.8183)	Prec@(1,5) (28.3%, 60.0%)	
07/12 12:05:09PM searchCell_trainer.py:176 [INFO] Train: [  2/49] Final Prec@1 28.2760%
07/12 12:05:16PM searchCell_trainer.py:202 [INFO] Valid: Epoch: [2][50/391]	Step 1173	Loss 2.7584	Prec@(1,5) (29.2%, 61.9%)
07/12 12:05:22PM searchCell_trainer.py:202 [INFO] Valid: Epoch: [2][100/391]	Step 1173	Loss 2.7648	Prec@(1,5) (29.3%, 62.1%)
07/12 12:05:29PM searchCell_trainer.py:202 [INFO] Valid: Epoch: [2][150/391]	Step 1173	Loss 2.7564	Prec@(1,5) (28.9%, 62.3%)
07/12 12:05:35PM searchCell_trainer.py:202 [INFO] Valid: Epoch: [2][200/391]	Step 1173	Loss 2.7526	Prec@(1,5) (29.1%, 62.3%)
07/12 12:05:41PM searchCell_trainer.py:202 [INFO] Valid: Epoch: [2][250/391]	Step 1173	Loss 2.7565	Prec@(1,5) (29.2%, 62.1%)
07/12 12:05:48PM searchCell_trainer.py:202 [INFO] Valid: Epoch: [2][300/391]	Step 1173	Loss 2.7606	Prec@(1,5) (29.3%, 61.9%)
07/12 12:05:54PM searchCell_trainer.py:202 [INFO] Valid: Epoch: [2][350/391]	Step 1173	Loss 2.7655	Prec@(1,5) (29.3%, 62.0%)
07/12 12:05:59PM searchCell_trainer.py:202 [INFO] Valid: Epoch: [2][390/391]	Step 1173	Loss 2.7727	Prec@(1,5) (29.2%, 61.8%)
07/12 12:05:59PM searchCell_trainer.py:213 [INFO] Valid: [  2/49] Final Prec@1 29.2040%
07/12 12:05:59PM searchCell_main.py:49 [INFO] genotype = Genotype3(normal1=[[('max_pool_3x3', 0), ('sep_conv_3x3', 1)], [('max_pool_3x3', 0), ('max_pool_3x3', 2)], [('max_pool_3x3', 0), ('sep_conv_3x3', 1)], [('max_pool_3x3', 0), ('sep_conv_5x5', 4)]], normal1_concat=range(2, 6), reduce1=[[('max_pool_3x3', 0), ('max_pool_3x3', 1)], [('sep_conv_5x5', 2), ('max_pool_3x3', 0)], [('max_pool_3x3', 0), ('dil_conv_5x5', 3)], [('dil_conv_5x5', 4), ('max_pool_3x3', 0)]], reduce1_concat=range(2, 6), normal2=[[('max_pool_3x3', 0), ('sep_conv_5x5', 1)], [('max_pool_3x3', 0), ('dil_conv_5x5', 1)], [('max_pool_3x3', 0), ('sep_conv_3x3', 3)], [('max_pool_3x3', 0), ('sep_conv_5x5', 2)]], normal2_concat=range(2, 6), reduce2=[[('max_pool_3x3', 0), ('sep_conv_5x5', 1)], [('max_pool_3x3', 0), ('dil_conv_3x3', 2)], [('sep_conv_5x5', 2), ('sep_conv_5x5', 3)], [('sep_conv_5x5', 3), ('sep_conv_5x5', 2)]], reduce2_concat=range(2, 6), normal3=[[('max_pool_3x3', 0), ('dil_conv_5x5', 1)], [('dil_conv_5x5', 2), ('sep_conv_5x5', 1)], [('sep_conv_5x5', 2), ('dil_conv_3x3', 1)], [('dil_conv_5x5', 4), ('sep_conv_3x3', 1)]], normal3_concat=range(2, 6))
07/12 12:06:00PM searchCell_main.py:69 [INFO] Until now, best Prec@1 = 29.2040%
####### ALPHA #######
# Alpha - normal
tensor([[0.1336, 0.1131, 0.1254, 0.1256, 0.1258, 0.1248, 0.1286, 0.1230],
        [0.1262, 0.1169, 0.1236, 0.1276, 0.1260, 0.1255, 0.1273, 0.1269]],
       device='cuda:0', grad_fn=<SoftmaxBackward0>)
tensor([[0.1366, 0.1155, 0.1251, 0.1285, 0.1233, 0.1268, 0.1234, 0.1209],
        [0.1285, 0.1196, 0.1263, 0.1223, 0.1252, 0.1255, 0.1290, 0.1237],
        [0.1317, 0.1218, 0.1294, 0.1245, 0.1238, 0.1227, 0.1221, 0.1239]],
       device='cuda:0', grad_fn=<SoftmaxBackward0>)
tensor([[0.1356, 0.1163, 0.1244, 0.1286, 0.1236, 0.1236, 0.1260, 0.1220],
        [0.1271, 0.1167, 0.1225, 0.1298, 0.1287, 0.1235, 0.1271, 0.1247],
        [0.1284, 0.1183, 0.1259, 0.1236, 0.1285, 0.1242, 0.1238, 0.1273],
        [0.1231, 0.1199, 0.1269, 0.1254, 0.1249, 0.1264, 0.1227, 0.1306]],
       device='cuda:0', grad_fn=<SoftmaxBackward0>)
tensor([[0.1371, 0.1178, 0.1260, 0.1236, 0.1233, 0.1268, 0.1201, 0.1253],
        [0.1259, 0.1170, 0.1235, 0.1298, 0.1256, 0.1241, 0.1276, 0.1265],
        [0.1289, 0.1215, 0.1261, 0.1292, 0.1255, 0.1221, 0.1230, 0.1237],
        [0.1234, 0.1197, 0.1256, 0.1263, 0.1250, 0.1250, 0.1283, 0.1267],
        [0.1215, 0.1172, 0.1228, 0.1259, 0.1301, 0.1272, 0.1269, 0.1283]],
       device='cuda:0', grad_fn=<SoftmaxBackward0>)
tensor([[0.1374, 0.1230, 0.1302, 0.1212, 0.1229, 0.1227, 0.1246, 0.1180],
        [0.1215, 0.1151, 0.1197, 0.1286, 0.1287, 0.1250, 0.1282, 0.1333]],
       device='cuda:0', grad_fn=<SoftmaxBackward0>)
tensor([[0.1372, 0.1228, 0.1282, 0.1233, 0.1253, 0.1234, 0.1234, 0.1163],
        [0.1238, 0.1164, 0.1214, 0.1286, 0.1270, 0.1219, 0.1300, 0.1310],
        [0.1275, 0.1187, 0.1251, 0.1254, 0.1299, 0.1216, 0.1258, 0.1261]],
       device='cuda:0', grad_fn=<SoftmaxBackward0>)
tensor([[0.1327, 0.1209, 0.1270, 0.1243, 0.1258, 0.1237, 0.1235, 0.1220],
        [0.1243, 0.1176, 0.1219, 0.1274, 0.1233, 0.1263, 0.1295, 0.1297],
        [0.1236, 0.1180, 0.1236, 0.1248, 0.1261, 0.1262, 0.1296, 0.1281],
        [0.1219, 0.1169, 0.1216, 0.1311, 0.1286, 0.1275, 0.1260, 0.1264]],
       device='cuda:0', grad_fn=<SoftmaxBackward0>)
tensor([[0.1378, 0.1228, 0.1286, 0.1236, 0.1251, 0.1231, 0.1203, 0.1187],
        [0.1234, 0.1164, 0.1207, 0.1270, 0.1299, 0.1278, 0.1265, 0.1282],
        [0.1254, 0.1178, 0.1235, 0.1263, 0.1300, 0.1261, 0.1233, 0.1276],
        [0.1234, 0.1168, 0.1228, 0.1276, 0.1295, 0.1267, 0.1254, 0.1278],
        [0.1246, 0.1178, 0.1236, 0.1291, 0.1269, 0.1242, 0.1253, 0.1285]],
       device='cuda:0', grad_fn=<SoftmaxBackward0>)
tensor([[0.1330, 0.1199, 0.1224, 0.1225, 0.1272, 0.1249, 0.1281, 0.1220],
        [0.1226, 0.1125, 0.1143, 0.1265, 0.1280, 0.1279, 0.1308, 0.1374]],
       device='cuda:0', grad_fn=<SoftmaxBackward0>)
tensor([[0.1302, 0.1180, 0.1203, 0.1257, 0.1314, 0.1214, 0.1252, 0.1279],
        [0.1217, 0.1130, 0.1141, 0.1285, 0.1319, 0.1285, 0.1282, 0.1340],
        [0.1207, 0.1134, 0.1137, 0.1281, 0.1312, 0.1285, 0.1339, 0.1304]],
       device='cuda:0', grad_fn=<SoftmaxBackward0>)
tensor([[0.1284, 0.1172, 0.1185, 0.1250, 0.1293, 0.1263, 0.1270, 0.1283],
        [0.1203, 0.1123, 0.1129, 0.1288, 0.1315, 0.1335, 0.1285, 0.1322],
        [0.1207, 0.1138, 0.1141, 0.1259, 0.1338, 0.1285, 0.1315, 0.1317],
        [0.1210, 0.1142, 0.1142, 0.1280, 0.1323, 0.1310, 0.1296, 0.1297]],
       device='cuda:0', grad_fn=<SoftmaxBackward0>)
tensor([[0.1247, 0.1163, 0.1173, 0.1272, 0.1289, 0.1252, 0.1309, 0.1295],
        [0.1196, 0.1126, 0.1134, 0.1330, 0.1279, 0.1277, 0.1312, 0.1346],
        [0.1179, 0.1127, 0.1130, 0.1288, 0.1327, 0.1295, 0.1317, 0.1336],
        [0.1182, 0.1133, 0.1138, 0.1316, 0.1324, 0.1258, 0.1311, 0.1339],
        [0.1177, 0.1125, 0.1129, 0.1303, 0.1320, 0.1318, 0.1327, 0.1302]],
       device='cuda:0', grad_fn=<SoftmaxBackward0>)

# Alpha - reduce
tensor([[0.1332, 0.1264, 0.1311, 0.1224, 0.1255, 0.1177, 0.1234, 0.1203],
        [0.1257, 0.1227, 0.1239, 0.1251, 0.1250, 0.1235, 0.1245, 0.1296]],
       device='cuda:0', grad_fn=<SoftmaxBackward0>)
tensor([[0.1324, 0.1265, 0.1276, 0.1265, 0.1229, 0.1233, 0.1217, 0.1192],
        [0.1215, 0.1196, 0.1290, 0.1281, 0.1258, 0.1229, 0.1219, 0.1313],
        [0.1209, 0.1161, 0.1211, 0.1248, 0.1341, 0.1267, 0.1292, 0.1272]],
       device='cuda:0', grad_fn=<SoftmaxBackward0>)
tensor([[0.1339, 0.1278, 0.1255, 0.1208, 0.1244, 0.1224, 0.1242, 0.1210],
        [0.1245, 0.1222, 0.1287, 0.1261, 0.1256, 0.1219, 0.1245, 0.1265],
        [0.1228, 0.1169, 0.1225, 0.1306, 0.1273, 0.1279, 0.1258, 0.1262],
        [0.1241, 0.1189, 0.1244, 0.1228, 0.1273, 0.1253, 0.1312, 0.1260]],
       device='cuda:0', grad_fn=<SoftmaxBackward0>)
tensor([[0.1319, 0.1255, 0.1255, 0.1237, 0.1270, 0.1254, 0.1219, 0.1190],
        [0.1236, 0.1211, 0.1233, 0.1234, 0.1240, 0.1265, 0.1263, 0.1317],
        [0.1231, 0.1180, 0.1224, 0.1242, 0.1307, 0.1270, 0.1293, 0.1253],
        [0.1237, 0.1186, 0.1243, 0.1241, 0.1250, 0.1242, 0.1310, 0.1290],
        [0.1218, 0.1166, 0.1204, 0.1276, 0.1254, 0.1280, 0.1340, 0.1263]],
       device='cuda:0', grad_fn=<SoftmaxBackward0>)
tensor([[0.1308, 0.1238, 0.1207, 0.1241, 0.1273, 0.1250, 0.1246, 0.1237],
        [0.1255, 0.1198, 0.1214, 0.1237, 0.1292, 0.1251, 0.1285, 0.1268]],
       device='cuda:0', grad_fn=<SoftmaxBackward0>)
tensor([[0.1314, 0.1241, 0.1255, 0.1221, 0.1278, 0.1216, 0.1234, 0.1241],
        [0.1271, 0.1209, 0.1240, 0.1274, 0.1227, 0.1231, 0.1253, 0.1295],
        [0.1273, 0.1132, 0.1180, 0.1312, 0.1285, 0.1313, 0.1299, 0.1205]],
       device='cuda:0', grad_fn=<SoftmaxBackward0>)
tensor([[0.1314, 0.1234, 0.1245, 0.1242, 0.1223, 0.1224, 0.1277, 0.1240],
        [0.1237, 0.1175, 0.1239, 0.1241, 0.1322, 0.1256, 0.1274, 0.1254],
        [0.1295, 0.1128, 0.1200, 0.1221, 0.1341, 0.1238, 0.1310, 0.1267],
        [0.1276, 0.1121, 0.1191, 0.1245, 0.1340, 0.1273, 0.1309, 0.1245]],
       device='cuda:0', grad_fn=<SoftmaxBackward0>)
tensor([[0.1300, 0.1215, 0.1252, 0.1255, 0.1270, 0.1249, 0.1240, 0.1219],
        [0.1247, 0.1188, 0.1297, 0.1219, 0.1256, 0.1262, 0.1270, 0.1262],
        [0.1279, 0.1113, 0.1187, 0.1288, 0.1313, 0.1299, 0.1261, 0.1259],
        [0.1267, 0.1110, 0.1194, 0.1244, 0.1318, 0.1266, 0.1302, 0.1298],
        [0.1253, 0.1124, 0.1200, 0.1286, 0.1311, 0.1226, 0.1302, 0.1297]],
       device='cuda:0', grad_fn=<SoftmaxBackward0>)
#####################
07/12 12:06:37PM searchCell_trainer.py:166 [INFO] Train: Epoch: [3][50/390]	Step 1223	lr 0.02479	Loss 2.7206 (2.6543)	Prec@(1,5) (31.5%, 64.3%)	
07/12 12:07:12PM searchCell_trainer.py:166 [INFO] Train: Epoch: [3][100/390]	Step 1273	lr 0.02479	Loss 2.2952 (2.6072)	Prec@(1,5) (31.9%, 65.3%)	
07/12 12:07:49PM searchCell_trainer.py:166 [INFO] Train: Epoch: [3][150/390]	Step 1323	lr 0.02479	Loss 2.4121 (2.5811)	Prec@(1,5) (32.5%, 66.0%)	
07/12 12:08:25PM searchCell_trainer.py:166 [INFO] Train: Epoch: [3][200/390]	Step 1373	lr 0.02479	Loss 2.5241 (2.5797)	Prec@(1,5) (32.6%, 65.9%)	
07/12 12:09:01PM searchCell_trainer.py:166 [INFO] Train: Epoch: [3][250/390]	Step 1423	lr 0.02479	Loss 2.3484 (2.5703)	Prec@(1,5) (32.9%, 66.1%)	
07/12 12:09:39PM searchCell_trainer.py:166 [INFO] Train: Epoch: [3][300/390]	Step 1473	lr 0.02479	Loss 2.4645 (2.5553)	Prec@(1,5) (33.3%, 66.5%)	
07/12 12:10:15PM searchCell_trainer.py:166 [INFO] Train: Epoch: [3][350/390]	Step 1523	lr 0.02479	Loss 2.5404 (2.5402)	Prec@(1,5) (33.5%, 66.7%)	
07/12 12:10:44PM searchCell_trainer.py:166 [INFO] Train: Epoch: [3][390/390]	Step 1563	lr 0.02479	Loss 2.3732 (2.5339)	Prec@(1,5) (33.6%, 66.9%)	
07/12 12:10:45PM searchCell_trainer.py:176 [INFO] Train: [  3/49] Final Prec@1 33.6560%
07/12 12:10:52PM searchCell_trainer.py:202 [INFO] Valid: Epoch: [3][50/391]	Step 1564	Loss 2.5157	Prec@(1,5) (35.7%, 67.1%)
07/12 12:10:59PM searchCell_trainer.py:202 [INFO] Valid: Epoch: [3][100/391]	Step 1564	Loss 2.4819	Prec@(1,5) (35.7%, 67.9%)
07/12 12:11:05PM searchCell_trainer.py:202 [INFO] Valid: Epoch: [3][150/391]	Step 1564	Loss 2.5040	Prec@(1,5) (35.4%, 67.7%)
07/12 12:11:12PM searchCell_trainer.py:202 [INFO] Valid: Epoch: [3][200/391]	Step 1564	Loss 2.4997	Prec@(1,5) (35.3%, 67.9%)
07/12 12:11:18PM searchCell_trainer.py:202 [INFO] Valid: Epoch: [3][250/391]	Step 1564	Loss 2.5109	Prec@(1,5) (35.2%, 67.6%)
07/12 12:11:25PM searchCell_trainer.py:202 [INFO] Valid: Epoch: [3][300/391]	Step 1564	Loss 2.5126	Prec@(1,5) (35.1%, 67.3%)
07/12 12:11:31PM searchCell_trainer.py:202 [INFO] Valid: Epoch: [3][350/391]	Step 1564	Loss 2.5171	Prec@(1,5) (34.9%, 67.3%)
07/12 12:11:37PM searchCell_trainer.py:202 [INFO] Valid: Epoch: [3][390/391]	Step 1564	Loss 2.5212	Prec@(1,5) (34.8%, 67.2%)
