05/25 07:47:59PM parser.py:28 [INFO] 
05/25 07:47:59PM parser.py:29 [INFO] Parameters:
05/25 07:47:59PM parser.py:31 [INFO] DAG_PATH=results/search_Stage/CIFAR10/PRET_CIFAR10/EXP(20240524-071444)-20240525-194759/DAG
05/25 07:47:59PM parser.py:31 [INFO] ALPHA_LR=0.0003
05/25 07:47:59PM parser.py:31 [INFO] ALPHA_WEIGHT_DECAY=0.001
05/25 07:47:59PM parser.py:31 [INFO] BATCH_SIZE=64
05/25 07:47:59PM parser.py:31 [INFO] CHECKPOINT_RESET=True
05/25 07:47:59PM parser.py:31 [INFO] DATA_PATH=../data/
05/25 07:47:59PM parser.py:31 [INFO] DATASET=CIFAR10
05/25 07:47:59PM parser.py:31 [INFO] EPOCHS=50
05/25 07:47:59PM parser.py:31 [INFO] EXP_NAME=EXP(20240524-071444)-20240525-194759
05/25 07:47:59PM parser.py:31 [INFO] GENOTYPE=Genotype(normal=[[('sep_conv_3x3', 1), ('sep_conv_3x3', 0)], [('skip_connect', 0), ('sep_conv_3x3', 1)], [('skip_connect', 0), ('sep_conv_3x3', 1)], [('sep_conv_3x3', 0), ('skip_connect', 2)]], normal_concat=[2, 3, 4, 5], reduce=[[('max_pool_3x3', 0), ('max_pool_3x3', 1)], [('skip_connect', 2), ('max_pool_3x3', 0)], [('max_pool_3x3', 0), ('skip_connect', 2)], [('skip_connect', 2), ('avg_pool_3x3', 0)]], reduce_concat=[2, 3, 4, 5])
05/25 07:47:59PM parser.py:31 [INFO] GPUS=[0]
05/25 07:47:59PM parser.py:31 [INFO] INIT_CHANNELS=16
05/25 07:47:59PM parser.py:31 [INFO] LAYERS=20
05/25 07:47:59PM parser.py:31 [INFO] LOCAL_RANK=0
05/25 07:47:59PM parser.py:31 [INFO] LOGGER=<Logger H-DAS (INFO)>
05/25 07:47:59PM parser.py:31 [INFO] NAME=PRET_CIFAR10
05/25 07:47:59PM parser.py:31 [INFO] PATH=results/search_Stage/CIFAR10/PRET_CIFAR10/EXP(20240524-071444)-20240525-194759
05/25 07:47:59PM parser.py:31 [INFO] PRINT_FREQ=50
05/25 07:47:59PM parser.py:31 [INFO] RESUME_PATH=/home/miura/lab/research-hdas/results/search_Stage/CIFAR10/SCRATCH/EXP-20240524-071444/best.pth.tar
05/25 07:47:59PM parser.py:31 [INFO] SAVE=EXP(20240524-071444)
05/25 07:47:59PM parser.py:31 [INFO] SEED=0
05/25 07:47:59PM parser.py:31 [INFO] SHARE_STAGE=True
05/25 07:47:59PM parser.py:31 [INFO] TRAIN_PORTION=0.5
05/25 07:47:59PM parser.py:31 [INFO] W_GRAD_CLIP=5.0
05/25 07:47:59PM parser.py:31 [INFO] W_LR=0.025
05/25 07:47:59PM parser.py:31 [INFO] W_LR_MIN=0.001
05/25 07:47:59PM parser.py:31 [INFO] W_MOMENTUM=0.9
05/25 07:47:59PM parser.py:31 [INFO] W_WEIGHT_DECAY=0.0003
05/25 07:47:59PM parser.py:31 [INFO] WORKERS=4
05/25 07:47:59PM parser.py:32 [INFO] 
05/25 07:48:01PM searchStage_trainer.py:110 [INFO] --> Loaded checkpoint '/home/miura/lab/research-hdas/results/search_Stage/CIFAR10/SCRATCH/EXP-20240524-071444/best.pth.tar'(Reseted epoch 0)
####### ALPHA #######
# Alpha - DAG
tensor([[0.2506, 0.2631, 0.2597, 0.2267],
        [0.2532, 0.2708, 0.2608, 0.2151]], device='cuda:0',
       grad_fn=<SoftmaxBackward0>)
tensor([[0.2586, 0.2653, 0.2605, 0.2157],
        [0.2578, 0.2672, 0.2660, 0.2090],
        [0.2649, 0.2749, 0.2313, 0.2289]], device='cuda:0',
       grad_fn=<SoftmaxBackward0>)
tensor([[0.2511, 0.2611, 0.2581, 0.2297],
        [0.2600, 0.2696, 0.2444, 0.2260],
        [0.2544, 0.2666, 0.2415, 0.2375]], device='cuda:0',
       grad_fn=<SoftmaxBackward0>)
tensor([[0.2563, 0.2638, 0.2459, 0.2339],
        [0.2556, 0.2623, 0.2468, 0.2352],
        [0.2539, 0.2623, 0.2422, 0.2415]], device='cuda:0',
       grad_fn=<SoftmaxBackward0>)
tensor([[0.2670, 0.2638, 0.2422, 0.2270],
        [0.2580, 0.2577, 0.2332, 0.2511],
        [0.2605, 0.2623, 0.2460, 0.2312]], device='cuda:0',
       grad_fn=<SoftmaxBackward0>)
tensor([[0.2522, 0.2581, 0.2448, 0.2450],
        [0.2492, 0.2636, 0.2503, 0.2368],
        [0.2492, 0.2617, 0.2506, 0.2385]], device='cuda:0',
       grad_fn=<SoftmaxBackward0>)
#####################
05/25 07:48:20PM searchShareStage_trainer.py:124 [INFO] Train: Epoch: [0][50/390]	Step 50	lr 0.025	Loss 0.4765 (0.4142)	Prec@(1,5) (88.2%, 99.5%)	
05/25 07:48:38PM searchShareStage_trainer.py:124 [INFO] Train: Epoch: [0][100/390]	Step 100	lr 0.025	Loss 0.8091 (0.5628)	Prec@(1,5) (82.1%, 99.1%)	
05/25 07:48:55PM searchShareStage_trainer.py:124 [INFO] Train: Epoch: [0][150/390]	Step 150	lr 0.025	Loss 0.5370 (0.5819)	Prec@(1,5) (81.0%, 98.9%)	
05/25 07:49:12PM searchShareStage_trainer.py:124 [INFO] Train: Epoch: [0][200/390]	Step 200	lr 0.025	Loss 0.7496 (0.5758)	Prec@(1,5) (80.9%, 98.9%)	
05/25 07:49:30PM searchShareStage_trainer.py:124 [INFO] Train: Epoch: [0][250/390]	Step 250	lr 0.025	Loss 0.4173 (0.5646)	Prec@(1,5) (81.2%, 99.0%)	
05/25 07:49:48PM searchShareStage_trainer.py:124 [INFO] Train: Epoch: [0][300/390]	Step 300	lr 0.025	Loss 0.6202 (0.5567)	Prec@(1,5) (81.2%, 99.0%)	
05/25 07:50:05PM searchShareStage_trainer.py:124 [INFO] Train: Epoch: [0][350/390]	Step 350	lr 0.025	Loss 0.4844 (0.5506)	Prec@(1,5) (81.3%, 99.0%)	
05/25 07:50:19PM searchShareStage_trainer.py:124 [INFO] Train: Epoch: [0][390/390]	Step 390	lr 0.025	Loss 0.5004 (0.5464)	Prec@(1,5) (81.5%, 99.0%)	
05/25 07:50:20PM searchShareStage_trainer.py:134 [INFO] Train: [  0/49] Final Prec@1 81.4680%
05/25 07:50:23PM searchStage_trainer.py:249 [INFO] Valid: Epoch: [0][50/391]	Step 391	Loss 0.7582	Prec@(1,5) (74.7%, 98.5%)
05/25 07:50:26PM searchStage_trainer.py:249 [INFO] Valid: Epoch: [0][100/391]	Step 391	Loss 0.7616	Prec@(1,5) (74.6%, 98.2%)
05/25 07:50:29PM searchStage_trainer.py:249 [INFO] Valid: Epoch: [0][150/391]	Step 391	Loss 0.7626	Prec@(1,5) (74.4%, 98.2%)
05/25 07:50:31PM searchStage_trainer.py:249 [INFO] Valid: Epoch: [0][200/391]	Step 391	Loss 0.7596	Prec@(1,5) (74.7%, 98.3%)
05/25 07:50:34PM searchStage_trainer.py:249 [INFO] Valid: Epoch: [0][250/391]	Step 391	Loss 0.7603	Prec@(1,5) (74.6%, 98.3%)
05/25 07:50:37PM searchStage_trainer.py:249 [INFO] Valid: Epoch: [0][300/391]	Step 391	Loss 0.7674	Prec@(1,5) (74.4%, 98.2%)
05/25 07:50:40PM searchStage_trainer.py:249 [INFO] Valid: Epoch: [0][350/391]	Step 391	Loss 0.7724	Prec@(1,5) (74.2%, 98.2%)
05/25 07:50:42PM searchStage_trainer.py:249 [INFO] Valid: Epoch: [0][390/391]	Step 391	Loss 0.7712	Prec@(1,5) (74.3%, 98.2%)
05/25 07:50:42PM searchStage_trainer.py:260 [INFO] Valid: [  0/49] Final Prec@1 74.3040%
05/25 07:50:42PM searchStage_main.py:53 [INFO] DAG = Genotype2(DAG1=[[('avg_pool_3x3', 1), ('avg_pool_3x3', 0)], [('avg_pool_3x3', 2), ('avg_pool_3x3', 1)], [('avg_pool_3x3', 3), ('avg_pool_3x3', 2)], [('avg_pool_3x3', 4), ('avg_pool_3x3', 3)], [('avg_pool_3x3', 5), ('max_pool_3x3', 4)], [('avg_pool_3x3', 6), ('avg_pool_3x3', 5)]], DAG1_concat=range(6, 8), DAG2=[[('avg_pool_3x3', 1), ('avg_pool_3x3', 0)], [('avg_pool_3x3', 2), ('avg_pool_3x3', 1)], [('avg_pool_3x3', 3), ('avg_pool_3x3', 2)], [('avg_pool_3x3', 4), ('avg_pool_3x3', 3)], [('avg_pool_3x3', 5), ('max_pool_3x3', 4)], [('avg_pool_3x3', 6), ('avg_pool_3x3', 5)]], DAG2_concat=range(6, 8), DAG3=[[('avg_pool_3x3', 1), ('avg_pool_3x3', 0)], [('avg_pool_3x3', 2), ('avg_pool_3x3', 1)], [('avg_pool_3x3', 3), ('avg_pool_3x3', 2)], [('avg_pool_3x3', 4), ('avg_pool_3x3', 3)], [('avg_pool_3x3', 5), ('max_pool_3x3', 4)], [('avg_pool_3x3', 6), ('avg_pool_3x3', 5)]], DAG3_concat=range(6, 8))
05/25 07:50:42PM searchStage_main.py:68 [INFO] Until now, best Prec@1 = 74.3040%
####### ALPHA #######
# Alpha - DAG
tensor([[0.2506, 0.2630, 0.2597, 0.2266],
        [0.2533, 0.2708, 0.2607, 0.2152]], device='cuda:0',
       grad_fn=<SoftmaxBackward0>)
tensor([[0.2587, 0.2652, 0.2604, 0.2157],
        [0.2579, 0.2671, 0.2661, 0.2089],
        [0.2649, 0.2750, 0.2312, 0.2289]], device='cuda:0',
       grad_fn=<SoftmaxBackward0>)
tensor([[0.2512, 0.2610, 0.2580, 0.2297],
        [0.2599, 0.2697, 0.2445, 0.2260],
        [0.2543, 0.2667, 0.2414, 0.2376]], device='cuda:0',
       grad_fn=<SoftmaxBackward0>)
tensor([[0.2564, 0.2638, 0.2459, 0.2340],
        [0.2558, 0.2623, 0.2468, 0.2351],
        [0.2539, 0.2624, 0.2422, 0.2415]], device='cuda:0',
       grad_fn=<SoftmaxBackward0>)
tensor([[0.2669, 0.2639, 0.2423, 0.2269],
        [0.2579, 0.2578, 0.2333, 0.2510],
        [0.2605, 0.2622, 0.2459, 0.2314]], device='cuda:0',
       grad_fn=<SoftmaxBackward0>)
tensor([[0.2522, 0.2580, 0.2447, 0.2451],
        [0.2492, 0.2637, 0.2504, 0.2367],
        [0.2491, 0.2616, 0.2506, 0.2386]], device='cuda:0',
       grad_fn=<SoftmaxBackward0>)
#####################
05/25 07:51:00PM searchShareStage_trainer.py:124 [INFO] Train: Epoch: [1][50/390]	Step 441	lr 0.02498	Loss 0.3224 (0.4432)	Prec@(1,5) (84.9%, 99.5%)	
05/25 07:51:18PM searchShareStage_trainer.py:124 [INFO] Train: Epoch: [1][100/390]	Step 491	lr 0.02498	Loss 0.4134 (0.4538)	Prec@(1,5) (84.6%, 99.5%)	
05/25 07:51:36PM searchShareStage_trainer.py:124 [INFO] Train: Epoch: [1][150/390]	Step 541	lr 0.02498	Loss 0.6535 (0.4641)	Prec@(1,5) (84.0%, 99.4%)	
05/25 07:51:54PM searchShareStage_trainer.py:124 [INFO] Train: Epoch: [1][200/390]	Step 591	lr 0.02498	Loss 0.5863 (0.4666)	Prec@(1,5) (83.7%, 99.4%)	
05/25 07:52:11PM searchShareStage_trainer.py:124 [INFO] Train: Epoch: [1][250/390]	Step 641	lr 0.02498	Loss 0.5582 (0.4725)	Prec@(1,5) (83.5%, 99.4%)	
05/25 07:52:29PM searchShareStage_trainer.py:124 [INFO] Train: Epoch: [1][300/390]	Step 691	lr 0.02498	Loss 0.2580 (0.4736)	Prec@(1,5) (83.4%, 99.4%)	
05/25 07:52:47PM searchShareStage_trainer.py:124 [INFO] Train: Epoch: [1][350/390]	Step 741	lr 0.02498	Loss 0.3659 (0.4752)	Prec@(1,5) (83.4%, 99.4%)	
05/25 07:53:01PM searchShareStage_trainer.py:124 [INFO] Train: Epoch: [1][390/390]	Step 781	lr 0.02498	Loss 0.3718 (0.4753)	Prec@(1,5) (83.4%, 99.4%)	
05/25 07:53:01PM searchShareStage_trainer.py:134 [INFO] Train: [  1/49] Final Prec@1 83.3960%
05/25 07:53:04PM searchStage_trainer.py:249 [INFO] Valid: Epoch: [1][50/391]	Step 782	Loss 0.8016	Prec@(1,5) (73.2%, 98.4%)
05/25 07:53:07PM searchStage_trainer.py:249 [INFO] Valid: Epoch: [1][100/391]	Step 782	Loss 0.7857	Prec@(1,5) (73.8%, 98.4%)
05/25 07:53:09PM searchStage_trainer.py:249 [INFO] Valid: Epoch: [1][150/391]	Step 782	Loss 0.7776	Prec@(1,5) (74.2%, 98.4%)
05/25 07:53:12PM searchStage_trainer.py:249 [INFO] Valid: Epoch: [1][200/391]	Step 782	Loss 0.7679	Prec@(1,5) (74.3%, 98.4%)
05/25 07:53:15PM searchStage_trainer.py:249 [INFO] Valid: Epoch: [1][250/391]	Step 782	Loss 0.7709	Prec@(1,5) (74.2%, 98.4%)
05/25 07:53:18PM searchStage_trainer.py:249 [INFO] Valid: Epoch: [1][300/391]	Step 782	Loss 0.7741	Prec@(1,5) (74.3%, 98.4%)
05/25 07:53:21PM searchStage_trainer.py:249 [INFO] Valid: Epoch: [1][350/391]	Step 782	Loss 0.7778	Prec@(1,5) (74.0%, 98.4%)
05/25 07:53:23PM searchStage_trainer.py:249 [INFO] Valid: Epoch: [1][390/391]	Step 782	Loss 0.7778	Prec@(1,5) (74.1%, 98.4%)
05/25 07:53:23PM searchStage_trainer.py:260 [INFO] Valid: [  1/49] Final Prec@1 74.0720%
05/25 07:53:23PM searchStage_main.py:53 [INFO] DAG = Genotype2(DAG1=[[('avg_pool_3x3', 1), ('avg_pool_3x3', 0)], [('avg_pool_3x3', 2), ('avg_pool_3x3', 1)], [('avg_pool_3x3', 3), ('avg_pool_3x3', 2)], [('avg_pool_3x3', 4), ('avg_pool_3x3', 3)], [('avg_pool_3x3', 5), ('max_pool_3x3', 4)], [('avg_pool_3x3', 6), ('avg_pool_3x3', 5)]], DAG1_concat=range(6, 8), DAG2=[[('avg_pool_3x3', 1), ('avg_pool_3x3', 0)], [('avg_pool_3x3', 2), ('avg_pool_3x3', 1)], [('avg_pool_3x3', 3), ('avg_pool_3x3', 2)], [('avg_pool_3x3', 4), ('avg_pool_3x3', 3)], [('avg_pool_3x3', 5), ('max_pool_3x3', 4)], [('avg_pool_3x3', 6), ('avg_pool_3x3', 5)]], DAG2_concat=range(6, 8), DAG3=[[('avg_pool_3x3', 1), ('avg_pool_3x3', 0)], [('avg_pool_3x3', 2), ('avg_pool_3x3', 1)], [('avg_pool_3x3', 3), ('avg_pool_3x3', 2)], [('avg_pool_3x3', 4), ('avg_pool_3x3', 3)], [('avg_pool_3x3', 5), ('max_pool_3x3', 4)], [('avg_pool_3x3', 6), ('avg_pool_3x3', 5)]], DAG3_concat=range(6, 8))
05/25 07:53:23PM searchStage_main.py:68 [INFO] Until now, best Prec@1 = 74.3040%
####### ALPHA #######
# Alpha - DAG
tensor([[0.2506, 0.2630, 0.2597, 0.2266],
        [0.2533, 0.2707, 0.2607, 0.2152]], device='cuda:0',
       grad_fn=<SoftmaxBackward0>)
tensor([[0.2587, 0.2652, 0.2604, 0.2157],
        [0.2579, 0.2671, 0.2661, 0.2089],
        [0.2649, 0.2750, 0.2312, 0.2290]], device='cuda:0',
       grad_fn=<SoftmaxBackward0>)
tensor([[0.2512, 0.2610, 0.2581, 0.2297],
        [0.2599, 0.2697, 0.2445, 0.2260],
        [0.2543, 0.2667, 0.2414, 0.2376]], device='cuda:0',
       grad_fn=<SoftmaxBackward0>)
tensor([[0.2564, 0.2638, 0.2459, 0.2340],
        [0.2557, 0.2623, 0.2468, 0.2352],
        [0.2539, 0.2624, 0.2422, 0.2415]], device='cuda:0',
       grad_fn=<SoftmaxBackward0>)
tensor([[0.2669, 0.2639, 0.2423, 0.2269],
        [0.2579, 0.2578, 0.2333, 0.2510],
        [0.2605, 0.2622, 0.2459, 0.2314]], device='cuda:0',
       grad_fn=<SoftmaxBackward0>)
tensor([[0.2523, 0.2580, 0.2447, 0.2451],
        [0.2492, 0.2637, 0.2504, 0.2367],
        [0.2491, 0.2616, 0.2506, 0.2386]], device='cuda:0',
       grad_fn=<SoftmaxBackward0>)
#####################
05/25 07:53:42PM searchShareStage_trainer.py:124 [INFO] Train: Epoch: [2][50/390]	Step 832	lr 0.02491	Loss 0.4283 (0.4240)	Prec@(1,5) (85.7%, 99.3%)	
05/25 07:54:00PM searchShareStage_trainer.py:124 [INFO] Train: Epoch: [2][100/390]	Step 882	lr 0.02491	Loss 0.4298 (0.4415)	Prec@(1,5) (84.8%, 99.3%)	
05/25 07:54:17PM searchShareStage_trainer.py:124 [INFO] Train: Epoch: [2][150/390]	Step 932	lr 0.02491	Loss 0.6229 (0.4395)	Prec@(1,5) (84.7%, 99.3%)	
05/25 07:54:35PM searchShareStage_trainer.py:124 [INFO] Train: Epoch: [2][200/390]	Step 982	lr 0.02491	Loss 0.4611 (0.4424)	Prec@(1,5) (84.5%, 99.4%)	
05/25 07:54:53PM searchShareStage_trainer.py:124 [INFO] Train: Epoch: [2][250/390]	Step 1032	lr 0.02491	Loss 0.4539 (0.4484)	Prec@(1,5) (84.3%, 99.4%)	
05/25 07:55:10PM searchShareStage_trainer.py:124 [INFO] Train: Epoch: [2][300/390]	Step 1082	lr 0.02491	Loss 0.5072 (0.4516)	Prec@(1,5) (84.1%, 99.4%)	
05/25 07:55:27PM searchShareStage_trainer.py:124 [INFO] Train: Epoch: [2][350/390]	Step 1132	lr 0.02491	Loss 0.3473 (0.4499)	Prec@(1,5) (84.1%, 99.4%)	
05/25 07:55:41PM searchShareStage_trainer.py:124 [INFO] Train: Epoch: [2][390/390]	Step 1172	lr 0.02491	Loss 0.4511 (0.4487)	Prec@(1,5) (84.1%, 99.4%)	
05/25 07:55:42PM searchShareStage_trainer.py:134 [INFO] Train: [  2/49] Final Prec@1 84.1080%
05/25 07:55:45PM searchStage_trainer.py:249 [INFO] Valid: Epoch: [2][50/391]	Step 1173	Loss 0.7532	Prec@(1,5) (75.5%, 98.9%)
05/25 07:55:48PM searchStage_trainer.py:249 [INFO] Valid: Epoch: [2][100/391]	Step 1173	Loss 0.7169	Prec@(1,5) (76.5%, 98.8%)
05/25 07:55:50PM searchStage_trainer.py:249 [INFO] Valid: Epoch: [2][150/391]	Step 1173	Loss 0.7052	Prec@(1,5) (77.3%, 98.8%)
05/25 07:55:53PM searchStage_trainer.py:249 [INFO] Valid: Epoch: [2][200/391]	Step 1173	Loss 0.6996	Prec@(1,5) (77.3%, 98.8%)
05/25 07:55:56PM searchStage_trainer.py:249 [INFO] Valid: Epoch: [2][250/391]	Step 1173	Loss 0.6997	Prec@(1,5) (77.2%, 98.8%)
05/25 07:56:00PM searchStage_trainer.py:249 [INFO] Valid: Epoch: [2][300/391]	Step 1173	Loss 0.7041	Prec@(1,5) (77.2%, 98.7%)
05/25 07:56:03PM searchStage_trainer.py:249 [INFO] Valid: Epoch: [2][350/391]	Step 1173	Loss 0.7003	Prec@(1,5) (77.4%, 98.7%)
05/25 07:56:05PM searchStage_trainer.py:249 [INFO] Valid: Epoch: [2][390/391]	Step 1173	Loss 0.6989	Prec@(1,5) (77.4%, 98.7%)
05/25 07:56:05PM searchStage_trainer.py:260 [INFO] Valid: [  2/49] Final Prec@1 77.3560%
05/25 07:56:05PM searchStage_main.py:53 [INFO] DAG = Genotype2(DAG1=[[('avg_pool_3x3', 1), ('avg_pool_3x3', 0)], [('avg_pool_3x3', 2), ('avg_pool_3x3', 1)], [('avg_pool_3x3', 3), ('avg_pool_3x3', 2)], [('avg_pool_3x3', 4), ('avg_pool_3x3', 3)], [('avg_pool_3x3', 5), ('max_pool_3x3', 4)], [('avg_pool_3x3', 6), ('avg_pool_3x3', 5)]], DAG1_concat=range(6, 8), DAG2=[[('avg_pool_3x3', 1), ('avg_pool_3x3', 0)], [('avg_pool_3x3', 2), ('avg_pool_3x3', 1)], [('avg_pool_3x3', 3), ('avg_pool_3x3', 2)], [('avg_pool_3x3', 4), ('avg_pool_3x3', 3)], [('avg_pool_3x3', 5), ('max_pool_3x3', 4)], [('avg_pool_3x3', 6), ('avg_pool_3x3', 5)]], DAG2_concat=range(6, 8), DAG3=[[('avg_pool_3x3', 1), ('avg_pool_3x3', 0)], [('avg_pool_3x3', 2), ('avg_pool_3x3', 1)], [('avg_pool_3x3', 3), ('avg_pool_3x3', 2)], [('avg_pool_3x3', 4), ('avg_pool_3x3', 3)], [('avg_pool_3x3', 5), ('max_pool_3x3', 4)], [('avg_pool_3x3', 6), ('avg_pool_3x3', 5)]], DAG3_concat=range(6, 8))
05/25 07:56:05PM searchStage_main.py:68 [INFO] Until now, best Prec@1 = 77.3560%
####### ALPHA #######
# Alpha - DAG
tensor([[0.2506, 0.2630, 0.2597, 0.2267],
        [0.2533, 0.2707, 0.2607, 0.2152]], device='cuda:0',
       grad_fn=<SoftmaxBackward0>)
tensor([[0.2587, 0.2652, 0.2604, 0.2157],
        [0.2579, 0.2671, 0.2661, 0.2089],
        [0.2649, 0.2749, 0.2312, 0.2290]], device='cuda:0',
       grad_fn=<SoftmaxBackward0>)
tensor([[0.2512, 0.2610, 0.2581, 0.2297],
        [0.2599, 0.2696, 0.2445, 0.2260],
        [0.2543, 0.2667, 0.2414, 0.2376]], device='cuda:0',
       grad_fn=<SoftmaxBackward0>)
tensor([[0.2564, 0.2638, 0.2459, 0.2340],
        [0.2557, 0.2623, 0.2468, 0.2352],
        [0.2539, 0.2624, 0.2422, 0.2415]], device='cuda:0',
       grad_fn=<SoftmaxBackward0>)
tensor([[0.2669, 0.2639, 0.2424, 0.2269],
        [0.2579, 0.2577, 0.2333, 0.2510],
        [0.2605, 0.2622, 0.2459, 0.2314]], device='cuda:0',
       grad_fn=<SoftmaxBackward0>)
tensor([[0.2522, 0.2580, 0.2447, 0.2451],
        [0.2492, 0.2637, 0.2504, 0.2368],
        [0.2491, 0.2616, 0.2506, 0.2387]], device='cuda:0',
       grad_fn=<SoftmaxBackward0>)
#####################
05/25 07:56:23PM searchShareStage_trainer.py:124 [INFO] Train: Epoch: [3][50/390]	Step 1223	lr 0.02479	Loss 0.3925 (0.4160)	Prec@(1,5) (85.5%, 99.5%)	
05/25 07:56:41PM searchShareStage_trainer.py:124 [INFO] Train: Epoch: [3][100/390]	Step 1273	lr 0.02479	Loss 0.2212 (0.4218)	Prec@(1,5) (85.4%, 99.4%)	
05/25 07:56:59PM searchShareStage_trainer.py:124 [INFO] Train: Epoch: [3][150/390]	Step 1323	lr 0.02479	Loss 0.4888 (0.4242)	Prec@(1,5) (84.9%, 99.5%)	
05/25 07:57:16PM searchShareStage_trainer.py:124 [INFO] Train: Epoch: [3][200/390]	Step 1373	lr 0.02479	Loss 0.5755 (0.4304)	Prec@(1,5) (84.7%, 99.5%)	
05/25 07:57:34PM searchShareStage_trainer.py:124 [INFO] Train: Epoch: [3][250/390]	Step 1423	lr 0.02479	Loss 0.3101 (0.4328)	Prec@(1,5) (84.8%, 99.4%)	
05/25 07:57:52PM searchShareStage_trainer.py:124 [INFO] Train: Epoch: [3][300/390]	Step 1473	lr 0.02479	Loss 0.3840 (0.4324)	Prec@(1,5) (84.9%, 99.4%)	
05/25 07:58:09PM searchShareStage_trainer.py:124 [INFO] Train: Epoch: [3][350/390]	Step 1523	lr 0.02479	Loss 0.3029 (0.4320)	Prec@(1,5) (84.9%, 99.4%)	
05/25 07:58:23PM searchShareStage_trainer.py:124 [INFO] Train: Epoch: [3][390/390]	Step 1563	lr 0.02479	Loss 0.4758 (0.4306)	Prec@(1,5) (85.0%, 99.4%)	
05/25 07:58:23PM searchShareStage_trainer.py:134 [INFO] Train: [  3/49] Final Prec@1 84.9960%
05/25 07:58:26PM searchStage_trainer.py:249 [INFO] Valid: Epoch: [3][50/391]	Step 1564	Loss 0.6068	Prec@(1,5) (80.1%, 98.7%)
05/25 07:58:29PM searchStage_trainer.py:249 [INFO] Valid: Epoch: [3][100/391]	Step 1564	Loss 0.6200	Prec@(1,5) (79.3%, 98.5%)
05/25 07:58:32PM searchStage_trainer.py:249 [INFO] Valid: Epoch: [3][150/391]	Step 1564	Loss 0.6207	Prec@(1,5) (79.1%, 98.5%)
05/25 07:58:35PM searchStage_trainer.py:249 [INFO] Valid: Epoch: [3][200/391]	Step 1564	Loss 0.6090	Prec@(1,5) (79.5%, 98.5%)
05/25 07:58:38PM searchStage_trainer.py:249 [INFO] Valid: Epoch: [3][250/391]	Step 1564	Loss 0.6054	Prec@(1,5) (79.7%, 98.6%)
05/25 07:58:41PM searchStage_trainer.py:249 [INFO] Valid: Epoch: [3][300/391]	Step 1564	Loss 0.6042	Prec@(1,5) (79.8%, 98.6%)
05/25 07:58:43PM searchStage_trainer.py:249 [INFO] Valid: Epoch: [3][350/391]	Step 1564	Loss 0.6064	Prec@(1,5) (79.6%, 98.6%)
05/25 07:58:45PM searchStage_trainer.py:249 [INFO] Valid: Epoch: [3][390/391]	Step 1564	Loss 0.6096	Prec@(1,5) (79.6%, 98.5%)
05/25 07:58:45PM searchStage_trainer.py:260 [INFO] Valid: [  3/49] Final Prec@1 79.5640%
05/25 07:58:45PM searchStage_main.py:53 [INFO] DAG = Genotype2(DAG1=[[('avg_pool_3x3', 1), ('avg_pool_3x3', 0)], [('avg_pool_3x3', 2), ('avg_pool_3x3', 1)], [('avg_pool_3x3', 3), ('avg_pool_3x3', 2)], [('avg_pool_3x3', 4), ('avg_pool_3x3', 3)], [('avg_pool_3x3', 5), ('max_pool_3x3', 4)], [('avg_pool_3x3', 6), ('avg_pool_3x3', 5)]], DAG1_concat=range(6, 8), DAG2=[[('avg_pool_3x3', 1), ('avg_pool_3x3', 0)], [('avg_pool_3x3', 2), ('avg_pool_3x3', 1)], [('avg_pool_3x3', 3), ('avg_pool_3x3', 2)], [('avg_pool_3x3', 4), ('avg_pool_3x3', 3)], [('avg_pool_3x3', 5), ('max_pool_3x3', 4)], [('avg_pool_3x3', 6), ('avg_pool_3x3', 5)]], DAG2_concat=range(6, 8), DAG3=[[('avg_pool_3x3', 1), ('avg_pool_3x3', 0)], [('avg_pool_3x3', 2), ('avg_pool_3x3', 1)], [('avg_pool_3x3', 3), ('avg_pool_3x3', 2)], [('avg_pool_3x3', 4), ('avg_pool_3x3', 3)], [('avg_pool_3x3', 5), ('max_pool_3x3', 4)], [('avg_pool_3x3', 6), ('avg_pool_3x3', 5)]], DAG3_concat=range(6, 8))
05/25 07:58:46PM searchStage_main.py:68 [INFO] Until now, best Prec@1 = 79.5640%
####### ALPHA #######
# Alpha - DAG
tensor([[0.2506, 0.2630, 0.2598, 0.2267],
        [0.2533, 0.2707, 0.2607, 0.2152]], device='cuda:0',
       grad_fn=<SoftmaxBackward0>)
tensor([[0.2587, 0.2652, 0.2604, 0.2157],
        [0.2579, 0.2671, 0.2661, 0.2089],
        [0.2649, 0.2749, 0.2312, 0.2290]], device='cuda:0',
       grad_fn=<SoftmaxBackward0>)
tensor([[0.2512, 0.2610, 0.2581, 0.2297],
        [0.2599, 0.2696, 0.2445, 0.2260],
        [0.2543, 0.2666, 0.2414, 0.2377]], device='cuda:0',
       grad_fn=<SoftmaxBackward0>)
tensor([[0.2564, 0.2638, 0.2459, 0.2340],
        [0.2557, 0.2623, 0.2468, 0.2352],
        [0.2539, 0.2624, 0.2422, 0.2416]], device='cuda:0',
       grad_fn=<SoftmaxBackward0>)
tensor([[0.2669, 0.2639, 0.2424, 0.2269],
        [0.2579, 0.2577, 0.2333, 0.2510],
        [0.2605, 0.2622, 0.2459, 0.2314]], device='cuda:0',
       grad_fn=<SoftmaxBackward0>)
tensor([[0.2523, 0.2580, 0.2447, 0.2451],
        [0.2492, 0.2636, 0.2504, 0.2368],
        [0.2491, 0.2616, 0.2506, 0.2387]], device='cuda:0',
       grad_fn=<SoftmaxBackward0>)
#####################
05/25 07:59:04PM searchShareStage_trainer.py:124 [INFO] Train: Epoch: [4][50/390]	Step 1614	lr 0.02462	Loss 0.4472 (0.4029)	Prec@(1,5) (85.9%, 99.7%)	
05/25 07:59:21PM searchShareStage_trainer.py:124 [INFO] Train: Epoch: [4][100/390]	Step 1664	lr 0.02462	Loss 0.3983 (0.3996)	Prec@(1,5) (85.9%, 99.7%)	
05/25 07:59:38PM searchShareStage_trainer.py:124 [INFO] Train: Epoch: [4][150/390]	Step 1714	lr 0.02462	Loss 0.4686 (0.4079)	Prec@(1,5) (85.7%, 99.5%)	
05/25 07:59:56PM searchShareStage_trainer.py:124 [INFO] Train: Epoch: [4][200/390]	Step 1764	lr 0.02462	Loss 0.3290 (0.4104)	Prec@(1,5) (85.6%, 99.5%)	
05/25 08:00:14PM searchShareStage_trainer.py:124 [INFO] Train: Epoch: [4][250/390]	Step 1814	lr 0.02462	Loss 0.3432 (0.4123)	Prec@(1,5) (85.6%, 99.5%)	
05/25 08:00:31PM searchShareStage_trainer.py:124 [INFO] Train: Epoch: [4][300/390]	Step 1864	lr 0.02462	Loss 0.5313 (0.4144)	Prec@(1,5) (85.6%, 99.5%)	
05/25 08:00:49PM searchShareStage_trainer.py:124 [INFO] Train: Epoch: [4][350/390]	Step 1914	lr 0.02462	Loss 0.4180 (0.4147)	Prec@(1,5) (85.6%, 99.5%)	
05/25 08:01:04PM searchShareStage_trainer.py:124 [INFO] Train: Epoch: [4][390/390]	Step 1954	lr 0.02462	Loss 0.4683 (0.4179)	Prec@(1,5) (85.5%, 99.5%)	
05/25 08:01:04PM searchShareStage_trainer.py:134 [INFO] Train: [  4/49] Final Prec@1 85.5400%
05/25 08:01:07PM searchStage_trainer.py:249 [INFO] Valid: Epoch: [4][50/391]	Step 1955	Loss 0.6496	Prec@(1,5) (77.8%, 98.6%)
05/25 08:01:10PM searchStage_trainer.py:249 [INFO] Valid: Epoch: [4][100/391]	Step 1955	Loss 0.6491	Prec@(1,5) (78.3%, 98.6%)
05/25 08:01:13PM searchStage_trainer.py:249 [INFO] Valid: Epoch: [4][150/391]	Step 1955	Loss 0.6435	Prec@(1,5) (78.7%, 98.7%)
05/25 08:01:16PM searchStage_trainer.py:249 [INFO] Valid: Epoch: [4][200/391]	Step 1955	Loss 0.6506	Prec@(1,5) (78.5%, 98.6%)
05/25 08:01:18PM searchStage_trainer.py:249 [INFO] Valid: Epoch: [4][250/391]	Step 1955	Loss 0.6564	Prec@(1,5) (78.2%, 98.6%)
05/25 08:01:21PM searchStage_trainer.py:249 [INFO] Valid: Epoch: [4][300/391]	Step 1955	Loss 0.6504	Prec@(1,5) (78.5%, 98.7%)
05/25 08:01:23PM searchStage_trainer.py:249 [INFO] Valid: Epoch: [4][350/391]	Step 1955	Loss 0.6490	Prec@(1,5) (78.4%, 98.7%)
05/25 08:01:25PM searchStage_trainer.py:249 [INFO] Valid: Epoch: [4][390/391]	Step 1955	Loss 0.6460	Prec@(1,5) (78.5%, 98.7%)
05/25 08:01:26PM searchStage_trainer.py:260 [INFO] Valid: [  4/49] Final Prec@1 78.5440%
05/25 08:01:26PM searchStage_main.py:53 [INFO] DAG = Genotype2(DAG1=[[('avg_pool_3x3', 1), ('avg_pool_3x3', 0)], [('avg_pool_3x3', 2), ('avg_pool_3x3', 1)], [('avg_pool_3x3', 3), ('avg_pool_3x3', 2)], [('avg_pool_3x3', 4), ('avg_pool_3x3', 3)], [('avg_pool_3x3', 5), ('max_pool_3x3', 4)], [('avg_pool_3x3', 6), ('avg_pool_3x3', 5)]], DAG1_concat=range(6, 8), DAG2=[[('avg_pool_3x3', 1), ('avg_pool_3x3', 0)], [('avg_pool_3x3', 2), ('avg_pool_3x3', 1)], [('avg_pool_3x3', 3), ('avg_pool_3x3', 2)], [('avg_pool_3x3', 4), ('avg_pool_3x3', 3)], [('avg_pool_3x3', 5), ('max_pool_3x3', 4)], [('avg_pool_3x3', 6), ('avg_pool_3x3', 5)]], DAG2_concat=range(6, 8), DAG3=[[('avg_pool_3x3', 1), ('avg_pool_3x3', 0)], [('avg_pool_3x3', 2), ('avg_pool_3x3', 1)], [('avg_pool_3x3', 3), ('avg_pool_3x3', 2)], [('avg_pool_3x3', 4), ('avg_pool_3x3', 3)], [('avg_pool_3x3', 5), ('max_pool_3x3', 4)], [('avg_pool_3x3', 6), ('avg_pool_3x3', 5)]], DAG3_concat=range(6, 8))
05/25 08:01:26PM searchStage_main.py:68 [INFO] Until now, best Prec@1 = 79.5640%
####### ALPHA #######
# Alpha - DAG
tensor([[0.2506, 0.2630, 0.2598, 0.2267],
        [0.2533, 0.2707, 0.2607, 0.2153]], device='cuda:0',
       grad_fn=<SoftmaxBackward0>)
tensor([[0.2587, 0.2652, 0.2604, 0.2157],
        [0.2579, 0.2671, 0.2661, 0.2089],
        [0.2649, 0.2749, 0.2312, 0.2290]], device='cuda:0',
       grad_fn=<SoftmaxBackward0>)
tensor([[0.2512, 0.2610, 0.2581, 0.2297],
        [0.2599, 0.2696, 0.2445, 0.2260],
        [0.2543, 0.2666, 0.2414, 0.2377]], device='cuda:0',
       grad_fn=<SoftmaxBackward0>)
tensor([[0.2564, 0.2638, 0.2459, 0.2340],
        [0.2557, 0.2622, 0.2468, 0.2352],
        [0.2538, 0.2624, 0.2422, 0.2416]], device='cuda:0',
       grad_fn=<SoftmaxBackward0>)
tensor([[0.2669, 0.2638, 0.2424, 0.2269],
        [0.2579, 0.2577, 0.2333, 0.2511],
        [0.2605, 0.2622, 0.2459, 0.2314]], device='cuda:0',
       grad_fn=<SoftmaxBackward0>)
tensor([[0.2522, 0.2580, 0.2447, 0.2451],
        [0.2492, 0.2636, 0.2504, 0.2368],
        [0.2491, 0.2616, 0.2506, 0.2387]], device='cuda:0',
       grad_fn=<SoftmaxBackward0>)
#####################
05/25 08:01:44PM searchShareStage_trainer.py:124 [INFO] Train: Epoch: [5][50/390]	Step 2005	lr 0.02441	Loss 0.3270 (0.3641)	Prec@(1,5) (87.5%, 99.5%)	
05/25 08:02:02PM searchShareStage_trainer.py:124 [INFO] Train: Epoch: [5][100/390]	Step 2055	lr 0.02441	Loss 0.2708 (0.3737)	Prec@(1,5) (87.1%, 99.6%)	
05/25 08:02:20PM searchShareStage_trainer.py:124 [INFO] Train: Epoch: [5][150/390]	Step 2105	lr 0.02441	Loss 0.3193 (0.3824)	Prec@(1,5) (86.7%, 99.6%)	
05/25 08:02:36PM searchShareStage_trainer.py:124 [INFO] Train: Epoch: [5][200/390]	Step 2155	lr 0.02441	Loss 0.3735 (0.3881)	Prec@(1,5) (86.6%, 99.6%)	
05/25 08:02:54PM searchShareStage_trainer.py:124 [INFO] Train: Epoch: [5][250/390]	Step 2205	lr 0.02441	Loss 0.2773 (0.3948)	Prec@(1,5) (86.3%, 99.6%)	
05/25 08:03:12PM searchShareStage_trainer.py:124 [INFO] Train: Epoch: [5][300/390]	Step 2255	lr 0.02441	Loss 0.3507 (0.3999)	Prec@(1,5) (86.2%, 99.6%)	
05/25 08:03:29PM searchShareStage_trainer.py:124 [INFO] Train: Epoch: [5][350/390]	Step 2305	lr 0.02441	Loss 0.4507 (0.3998)	Prec@(1,5) (86.1%, 99.5%)	
05/25 08:03:43PM searchShareStage_trainer.py:124 [INFO] Train: Epoch: [5][390/390]	Step 2345	lr 0.02441	Loss 0.2068 (0.4002)	Prec@(1,5) (86.1%, 99.5%)	
05/25 08:03:43PM searchShareStage_trainer.py:134 [INFO] Train: [  5/49] Final Prec@1 86.1400%
05/25 08:03:46PM searchStage_trainer.py:249 [INFO] Valid: Epoch: [5][50/391]	Step 2346	Loss 0.5233	Prec@(1,5) (81.7%, 99.0%)
05/25 08:03:49PM searchStage_trainer.py:249 [INFO] Valid: Epoch: [5][100/391]	Step 2346	Loss 0.5509	Prec@(1,5) (81.1%, 98.9%)
05/25 08:03:51PM searchStage_trainer.py:249 [INFO] Valid: Epoch: [5][150/391]	Step 2346	Loss 0.5684	Prec@(1,5) (80.4%, 98.8%)
05/25 08:03:54PM searchStage_trainer.py:249 [INFO] Valid: Epoch: [5][200/391]	Step 2346	Loss 0.5716	Prec@(1,5) (80.4%, 98.8%)
05/25 08:03:57PM searchStage_trainer.py:249 [INFO] Valid: Epoch: [5][250/391]	Step 2346	Loss 0.5786	Prec@(1,5) (80.4%, 98.8%)
05/25 08:04:00PM searchStage_trainer.py:249 [INFO] Valid: Epoch: [5][300/391]	Step 2346	Loss 0.5742	Prec@(1,5) (80.5%, 98.8%)
05/25 08:04:03PM searchStage_trainer.py:249 [INFO] Valid: Epoch: [5][350/391]	Step 2346	Loss 0.5714	Prec@(1,5) (80.7%, 98.8%)
05/25 08:04:06PM searchStage_trainer.py:249 [INFO] Valid: Epoch: [5][390/391]	Step 2346	Loss 0.5736	Prec@(1,5) (80.6%, 98.8%)
05/25 08:04:06PM searchStage_trainer.py:260 [INFO] Valid: [  5/49] Final Prec@1 80.5960%
05/25 08:04:06PM searchStage_main.py:53 [INFO] DAG = Genotype2(DAG1=[[('avg_pool_3x3', 1), ('avg_pool_3x3', 0)], [('avg_pool_3x3', 2), ('avg_pool_3x3', 1)], [('avg_pool_3x3', 3), ('avg_pool_3x3', 2)], [('avg_pool_3x3', 4), ('avg_pool_3x3', 3)], [('avg_pool_3x3', 5), ('max_pool_3x3', 4)], [('avg_pool_3x3', 6), ('avg_pool_3x3', 5)]], DAG1_concat=range(6, 8), DAG2=[[('avg_pool_3x3', 1), ('avg_pool_3x3', 0)], [('avg_pool_3x3', 2), ('avg_pool_3x3', 1)], [('avg_pool_3x3', 3), ('avg_pool_3x3', 2)], [('avg_pool_3x3', 4), ('avg_pool_3x3', 3)], [('avg_pool_3x3', 5), ('max_pool_3x3', 4)], [('avg_pool_3x3', 6), ('avg_pool_3x3', 5)]], DAG2_concat=range(6, 8), DAG3=[[('avg_pool_3x3', 1), ('avg_pool_3x3', 0)], [('avg_pool_3x3', 2), ('avg_pool_3x3', 1)], [('avg_pool_3x3', 3), ('avg_pool_3x3', 2)], [('avg_pool_3x3', 4), ('avg_pool_3x3', 3)], [('avg_pool_3x3', 5), ('max_pool_3x3', 4)], [('avg_pool_3x3', 6), ('avg_pool_3x3', 5)]], DAG3_concat=range(6, 8))
05/25 08:04:06PM searchStage_main.py:68 [INFO] Until now, best Prec@1 = 80.5960%
####### ALPHA #######
# Alpha - DAG
tensor([[0.2506, 0.2629, 0.2598, 0.2267],
        [0.2533, 0.2707, 0.2608, 0.2153]], device='cuda:0',
       grad_fn=<SoftmaxBackward0>)
tensor([[0.2587, 0.2652, 0.2604, 0.2157],
        [0.2579, 0.2671, 0.2661, 0.2089],
        [0.2649, 0.2749, 0.2312, 0.2290]], device='cuda:0',
       grad_fn=<SoftmaxBackward0>)
tensor([[0.2512, 0.2610, 0.2581, 0.2297],
        [0.2599, 0.2696, 0.2445, 0.2260],
        [0.2543, 0.2666, 0.2414, 0.2377]], device='cuda:0',
       grad_fn=<SoftmaxBackward0>)
tensor([[0.2563, 0.2638, 0.2459, 0.2340],
        [0.2557, 0.2622, 0.2468, 0.2352],
        [0.2538, 0.2624, 0.2422, 0.2416]], device='cuda:0',
       grad_fn=<SoftmaxBackward0>)
tensor([[0.2669, 0.2638, 0.2424, 0.2269],
        [0.2579, 0.2577, 0.2333, 0.2511],
        [0.2605, 0.2622, 0.2459, 0.2314]], device='cuda:0',
       grad_fn=<SoftmaxBackward0>)
tensor([[0.2522, 0.2579, 0.2447, 0.2451],
        [0.2492, 0.2636, 0.2504, 0.2368],
        [0.2491, 0.2616, 0.2506, 0.2387]], device='cuda:0',
       grad_fn=<SoftmaxBackward0>)
#####################
05/25 08:04:25PM searchShareStage_trainer.py:124 [INFO] Train: Epoch: [6][50/390]	Step 2396	lr 0.02416	Loss 0.4717 (0.3597)	Prec@(1,5) (87.7%, 99.7%)	
05/25 08:04:43PM searchShareStage_trainer.py:124 [INFO] Train: Epoch: [6][100/390]	Step 2446	lr 0.02416	Loss 0.2050 (0.3534)	Prec@(1,5) (88.1%, 99.6%)	
05/25 08:05:01PM searchShareStage_trainer.py:124 [INFO] Train: Epoch: [6][150/390]	Step 2496	lr 0.02416	Loss 0.2234 (0.3632)	Prec@(1,5) (87.5%, 99.6%)	
05/25 08:05:19PM searchShareStage_trainer.py:124 [INFO] Train: Epoch: [6][200/390]	Step 2546	lr 0.02416	Loss 0.3518 (0.3725)	Prec@(1,5) (87.1%, 99.6%)	
05/25 08:05:36PM searchShareStage_trainer.py:124 [INFO] Train: Epoch: [6][250/390]	Step 2596	lr 0.02416	Loss 0.3658 (0.3792)	Prec@(1,5) (86.9%, 99.6%)	
05/25 08:05:54PM searchShareStage_trainer.py:124 [INFO] Train: Epoch: [6][300/390]	Step 2646	lr 0.02416	Loss 0.6134 (0.3859)	Prec@(1,5) (86.7%, 99.6%)	
05/25 08:06:12PM searchShareStage_trainer.py:124 [INFO] Train: Epoch: [6][350/390]	Step 2696	lr 0.02416	Loss 0.4738 (0.3846)	Prec@(1,5) (86.6%, 99.6%)	
05/25 08:06:27PM searchShareStage_trainer.py:124 [INFO] Train: Epoch: [6][390/390]	Step 2736	lr 0.02416	Loss 0.3808 (0.3849)	Prec@(1,5) (86.5%, 99.6%)	
05/25 08:06:28PM searchShareStage_trainer.py:134 [INFO] Train: [  6/49] Final Prec@1 86.5360%
05/25 08:06:31PM searchStage_trainer.py:249 [INFO] Valid: Epoch: [6][50/391]	Step 2737	Loss 0.6469	Prec@(1,5) (79.6%, 98.4%)
05/25 08:06:33PM searchStage_trainer.py:249 [INFO] Valid: Epoch: [6][100/391]	Step 2737	Loss 0.6491	Prec@(1,5) (79.5%, 98.3%)
05/25 08:06:36PM searchStage_trainer.py:249 [INFO] Valid: Epoch: [6][150/391]	Step 2737	Loss 0.6485	Prec@(1,5) (79.5%, 98.3%)
05/25 08:06:39PM searchStage_trainer.py:249 [INFO] Valid: Epoch: [6][200/391]	Step 2737	Loss 0.6502	Prec@(1,5) (79.4%, 98.3%)
05/25 08:06:42PM searchStage_trainer.py:249 [INFO] Valid: Epoch: [6][250/391]	Step 2737	Loss 0.6573	Prec@(1,5) (79.1%, 98.3%)
05/25 08:06:45PM searchStage_trainer.py:249 [INFO] Valid: Epoch: [6][300/391]	Step 2737	Loss 0.6565	Prec@(1,5) (79.0%, 98.3%)
05/25 08:06:47PM searchStage_trainer.py:249 [INFO] Valid: Epoch: [6][350/391]	Step 2737	Loss 0.6573	Prec@(1,5) (79.0%, 98.4%)
05/25 08:06:49PM searchStage_trainer.py:249 [INFO] Valid: Epoch: [6][390/391]	Step 2737	Loss 0.6607	Prec@(1,5) (78.9%, 98.4%)
05/25 08:06:49PM searchStage_trainer.py:260 [INFO] Valid: [  6/49] Final Prec@1 78.9160%
05/25 08:06:49PM searchStage_main.py:53 [INFO] DAG = Genotype2(DAG1=[[('avg_pool_3x3', 1), ('avg_pool_3x3', 0)], [('avg_pool_3x3', 2), ('avg_pool_3x3', 1)], [('avg_pool_3x3', 3), ('avg_pool_3x3', 2)], [('avg_pool_3x3', 4), ('avg_pool_3x3', 3)], [('avg_pool_3x3', 5), ('max_pool_3x3', 4)], [('avg_pool_3x3', 6), ('avg_pool_3x3', 5)]], DAG1_concat=range(6, 8), DAG2=[[('avg_pool_3x3', 1), ('avg_pool_3x3', 0)], [('avg_pool_3x3', 2), ('avg_pool_3x3', 1)], [('avg_pool_3x3', 3), ('avg_pool_3x3', 2)], [('avg_pool_3x3', 4), ('avg_pool_3x3', 3)], [('avg_pool_3x3', 5), ('max_pool_3x3', 4)], [('avg_pool_3x3', 6), ('avg_pool_3x3', 5)]], DAG2_concat=range(6, 8), DAG3=[[('avg_pool_3x3', 1), ('avg_pool_3x3', 0)], [('avg_pool_3x3', 2), ('avg_pool_3x3', 1)], [('avg_pool_3x3', 3), ('avg_pool_3x3', 2)], [('avg_pool_3x3', 4), ('avg_pool_3x3', 3)], [('avg_pool_3x3', 5), ('max_pool_3x3', 4)], [('avg_pool_3x3', 6), ('avg_pool_3x3', 5)]], DAG3_concat=range(6, 8))
05/25 08:06:50PM searchStage_main.py:68 [INFO] Until now, best Prec@1 = 80.5960%
####### ALPHA #######
# Alpha - DAG
tensor([[0.2506, 0.2629, 0.2598, 0.2267],
        [0.2533, 0.2707, 0.2608, 0.2153]], device='cuda:0',
       grad_fn=<SoftmaxBackward0>)
tensor([[0.2587, 0.2652, 0.2604, 0.2157],
        [0.2579, 0.2671, 0.2661, 0.2090],
        [0.2649, 0.2749, 0.2312, 0.2290]], device='cuda:0',
       grad_fn=<SoftmaxBackward0>)
tensor([[0.2512, 0.2610, 0.2581, 0.2297],
        [0.2599, 0.2696, 0.2445, 0.2260],
        [0.2543, 0.2666, 0.2414, 0.2377]], device='cuda:0',
       grad_fn=<SoftmaxBackward0>)
tensor([[0.2563, 0.2637, 0.2459, 0.2340],
        [0.2557, 0.2622, 0.2468, 0.2353],
        [0.2538, 0.2623, 0.2422, 0.2417]], device='cuda:0',
       grad_fn=<SoftmaxBackward0>)
tensor([[0.2669, 0.2638, 0.2424, 0.2269],
        [0.2579, 0.2577, 0.2333, 0.2511],
        [0.2604, 0.2622, 0.2459, 0.2315]], device='cuda:0',
       grad_fn=<SoftmaxBackward0>)
tensor([[0.2522, 0.2579, 0.2447, 0.2451],
        [0.2492, 0.2636, 0.2504, 0.2368],
        [0.2491, 0.2615, 0.2506, 0.2388]], device='cuda:0',
       grad_fn=<SoftmaxBackward0>)
#####################
05/25 08:07:08PM searchShareStage_trainer.py:124 [INFO] Train: Epoch: [7][50/390]	Step 2787	lr 0.02386	Loss 0.4637 (0.3448)	Prec@(1,5) (88.1%, 99.7%)	
05/25 08:07:26PM searchShareStage_trainer.py:124 [INFO] Train: Epoch: [7][100/390]	Step 2837	lr 0.02386	Loss 0.3233 (0.3476)	Prec@(1,5) (87.5%, 99.7%)	
05/25 08:07:43PM searchShareStage_trainer.py:124 [INFO] Train: Epoch: [7][150/390]	Step 2887	lr 0.02386	Loss 0.3954 (0.3598)	Prec@(1,5) (87.1%, 99.7%)	
05/25 08:08:00PM searchShareStage_trainer.py:124 [INFO] Train: Epoch: [7][200/390]	Step 2937	lr 0.02386	Loss 0.4406 (0.3676)	Prec@(1,5) (87.0%, 99.7%)	
05/25 08:08:18PM searchShareStage_trainer.py:124 [INFO] Train: Epoch: [7][250/390]	Step 2987	lr 0.02386	Loss 0.3030 (0.3686)	Prec@(1,5) (86.9%, 99.7%)	
05/25 08:08:36PM searchShareStage_trainer.py:124 [INFO] Train: Epoch: [7][300/390]	Step 3037	lr 0.02386	Loss 0.4796 (0.3739)	Prec@(1,5) (86.8%, 99.7%)	
05/25 08:08:53PM searchShareStage_trainer.py:124 [INFO] Train: Epoch: [7][350/390]	Step 3087	lr 0.02386	Loss 0.3373 (0.3773)	Prec@(1,5) (86.7%, 99.6%)	
05/25 08:09:08PM searchShareStage_trainer.py:124 [INFO] Train: Epoch: [7][390/390]	Step 3127	lr 0.02386	Loss 0.3887 (0.3766)	Prec@(1,5) (86.7%, 99.6%)	
05/25 08:09:08PM searchShareStage_trainer.py:134 [INFO] Train: [  7/49] Final Prec@1 86.7120%
05/25 08:09:11PM searchStage_trainer.py:249 [INFO] Valid: Epoch: [7][50/391]	Step 3128	Loss 0.5786	Prec@(1,5) (81.6%, 98.5%)
05/25 08:09:14PM searchStage_trainer.py:249 [INFO] Valid: Epoch: [7][100/391]	Step 3128	Loss 0.5904	Prec@(1,5) (80.9%, 98.6%)
05/25 08:09:17PM searchStage_trainer.py:249 [INFO] Valid: Epoch: [7][150/391]	Step 3128	Loss 0.5891	Prec@(1,5) (81.0%, 98.7%)
05/25 08:09:20PM searchStage_trainer.py:249 [INFO] Valid: Epoch: [7][200/391]	Step 3128	Loss 0.5888	Prec@(1,5) (80.6%, 98.8%)
05/25 08:09:23PM searchStage_trainer.py:249 [INFO] Valid: Epoch: [7][250/391]	Step 3128	Loss 0.5901	Prec@(1,5) (80.6%, 98.8%)
05/25 08:09:25PM searchStage_trainer.py:249 [INFO] Valid: Epoch: [7][300/391]	Step 3128	Loss 0.5878	Prec@(1,5) (80.8%, 98.8%)
05/25 08:09:28PM searchStage_trainer.py:249 [INFO] Valid: Epoch: [7][350/391]	Step 3128	Loss 0.5849	Prec@(1,5) (80.9%, 98.8%)
05/25 08:09:31PM searchStage_trainer.py:249 [INFO] Valid: Epoch: [7][390/391]	Step 3128	Loss 0.5838	Prec@(1,5) (80.9%, 98.8%)
05/25 08:09:31PM searchStage_trainer.py:260 [INFO] Valid: [  7/49] Final Prec@1 80.9440%
05/25 08:09:31PM searchStage_main.py:53 [INFO] DAG = Genotype2(DAG1=[[('avg_pool_3x3', 1), ('avg_pool_3x3', 0)], [('avg_pool_3x3', 2), ('avg_pool_3x3', 1)], [('avg_pool_3x3', 3), ('avg_pool_3x3', 2)], [('avg_pool_3x3', 4), ('avg_pool_3x3', 3)], [('avg_pool_3x3', 5), ('max_pool_3x3', 4)], [('avg_pool_3x3', 6), ('avg_pool_3x3', 5)]], DAG1_concat=range(6, 8), DAG2=[[('avg_pool_3x3', 1), ('avg_pool_3x3', 0)], [('avg_pool_3x3', 2), ('avg_pool_3x3', 1)], [('avg_pool_3x3', 3), ('avg_pool_3x3', 2)], [('avg_pool_3x3', 4), ('avg_pool_3x3', 3)], [('avg_pool_3x3', 5), ('max_pool_3x3', 4)], [('avg_pool_3x3', 6), ('avg_pool_3x3', 5)]], DAG2_concat=range(6, 8), DAG3=[[('avg_pool_3x3', 1), ('avg_pool_3x3', 0)], [('avg_pool_3x3', 2), ('avg_pool_3x3', 1)], [('avg_pool_3x3', 3), ('avg_pool_3x3', 2)], [('avg_pool_3x3', 4), ('avg_pool_3x3', 3)], [('avg_pool_3x3', 5), ('max_pool_3x3', 4)], [('avg_pool_3x3', 6), ('avg_pool_3x3', 5)]], DAG3_concat=range(6, 8))
05/25 08:09:31PM searchStage_main.py:68 [INFO] Until now, best Prec@1 = 80.9440%
####### ALPHA #######
# Alpha - DAG
tensor([[0.2506, 0.2629, 0.2598, 0.2267],
        [0.2533, 0.2707, 0.2608, 0.2153]], device='cuda:0',
       grad_fn=<SoftmaxBackward0>)
tensor([[0.2587, 0.2651, 0.2604, 0.2157],
        [0.2579, 0.2671, 0.2661, 0.2090],
        [0.2649, 0.2749, 0.2312, 0.2290]], device='cuda:0',
       grad_fn=<SoftmaxBackward0>)
tensor([[0.2512, 0.2610, 0.2581, 0.2297],
        [0.2599, 0.2696, 0.2445, 0.2260],
        [0.2543, 0.2666, 0.2414, 0.2377]], device='cuda:0',
       grad_fn=<SoftmaxBackward0>)
tensor([[0.2563, 0.2637, 0.2459, 0.2340],
        [0.2557, 0.2622, 0.2468, 0.2353],
        [0.2538, 0.2623, 0.2422, 0.2417]], device='cuda:0',
       grad_fn=<SoftmaxBackward0>)
tensor([[0.2669, 0.2638, 0.2424, 0.2269],
        [0.2579, 0.2576, 0.2333, 0.2511],
        [0.2604, 0.2621, 0.2459, 0.2316]], device='cuda:0',
       grad_fn=<SoftmaxBackward0>)
tensor([[0.2522, 0.2579, 0.2447, 0.2451],
        [0.2492, 0.2636, 0.2504, 0.2368],
        [0.2491, 0.2614, 0.2507, 0.2388]], device='cuda:0',
       grad_fn=<SoftmaxBackward0>)
#####################
05/25 08:09:49PM searchShareStage_trainer.py:124 [INFO] Train: Epoch: [8][50/390]	Step 3178	lr 0.02352	Loss 0.3418 (0.3369)	Prec@(1,5) (87.9%, 99.6%)	
