05/28 01:08:11AM parser.py:28 [INFO] 
05/28 01:08:11AM parser.py:29 [INFO] Parameters:
05/28 01:08:11AM parser.py:31 [INFO] DAG_PATH=results/search_Stage/CIFAR10/SCRATCH_SPEC/EXP-20240528-010811/DAG
05/28 01:08:11AM parser.py:31 [INFO] ALPHA_LR=0.0003
05/28 01:08:11AM parser.py:31 [INFO] ALPHA_WEIGHT_DECAY=0.001
05/28 01:08:11AM parser.py:31 [INFO] BATCH_SIZE=64
05/28 01:08:11AM parser.py:31 [INFO] CHECKPOINT_RESET=False
05/28 01:08:11AM parser.py:31 [INFO] DATA_PATH=../data/
05/28 01:08:11AM parser.py:31 [INFO] DATASET=CIFAR10
05/28 01:08:11AM parser.py:31 [INFO] EPOCHS=50
05/28 01:08:11AM parser.py:31 [INFO] EXP_NAME=EXP-20240528-010811
05/28 01:08:11AM parser.py:31 [INFO] GENOTYPE=Genotype(normal=[[('sep_conv_3x3', 1), ('sep_conv_3x3', 0)], [('skip_connect', 0), ('sep_conv_3x3', 1)], [('skip_connect', 0), ('sep_conv_3x3', 1)], [('sep_conv_3x3', 0), ('skip_connect', 2)]], normal_concat=[2, 3, 4, 5], reduce=[[('max_pool_3x3', 0), ('max_pool_3x3', 1)], [('skip_connect', 2), ('max_pool_3x3', 0)], [('max_pool_3x3', 0), ('skip_connect', 2)], [('skip_connect', 2), ('avg_pool_3x3', 0)]], reduce_concat=[2, 3, 4, 5])
05/28 01:08:11AM parser.py:31 [INFO] GPUS=[0]
05/28 01:08:11AM parser.py:31 [INFO] INIT_CHANNELS=16
05/28 01:08:11AM parser.py:31 [INFO] LAYERS=20
05/28 01:08:11AM parser.py:31 [INFO] LOCAL_RANK=0
05/28 01:08:11AM parser.py:31 [INFO] LOGGER=<Logger H-DAS (INFO)>
05/28 01:08:11AM parser.py:31 [INFO] NAME=SCRATCH_SPEC
05/28 01:08:11AM parser.py:31 [INFO] PATH=results/search_Stage/CIFAR10/SCRATCH_SPEC/EXP-20240528-010811
05/28 01:08:11AM parser.py:31 [INFO] PRINT_FREQ=50
05/28 01:08:11AM parser.py:31 [INFO] RESUME_PATH=None
05/28 01:08:11AM parser.py:31 [INFO] SAVE=EXP
05/28 01:08:11AM parser.py:31 [INFO] SEED=3
05/28 01:08:11AM parser.py:31 [INFO] SHARE_STAGE=False
05/28 01:08:11AM parser.py:31 [INFO] TRAIN_PORTION=0.5
05/28 01:08:11AM parser.py:31 [INFO] W_GRAD_CLIP=5.0
05/28 01:08:11AM parser.py:31 [INFO] W_LR=0.025
05/28 01:08:11AM parser.py:31 [INFO] W_LR_MIN=0.001
05/28 01:08:11AM parser.py:31 [INFO] W_MOMENTUM=0.9
05/28 01:08:11AM parser.py:31 [INFO] W_WEIGHT_DECAY=0.0003
05/28 01:08:11AM parser.py:31 [INFO] WORKERS=4
05/28 01:08:11AM parser.py:32 [INFO] 
05/28 01:08:12AM searchStage_trainer.py:103 [INFO] --> No loaded checkpoint!
####### ALPHA #######
# Alpha - DAG
tensor([[0.2502, 0.2500, 0.2500, 0.2498],
        [0.2500, 0.2497, 0.2501, 0.2503]], device='cuda:0',
       grad_fn=<SoftmaxBackward0>)
tensor([[0.2496, 0.2502, 0.2500, 0.2502],
        [0.2498, 0.2501, 0.2501, 0.2500],
        [0.2501, 0.2501, 0.2500, 0.2498]], device='cuda:0',
       grad_fn=<SoftmaxBackward0>)
tensor([[0.2499, 0.2498, 0.2502, 0.2501],
        [0.2500, 0.2501, 0.2498, 0.2502],
        [0.2498, 0.2500, 0.2502, 0.2501]], device='cuda:0',
       grad_fn=<SoftmaxBackward0>)
tensor([[0.2499, 0.2498, 0.2501, 0.2502],
        [0.2501, 0.2503, 0.2495, 0.2501],
        [0.2499, 0.2500, 0.2498, 0.2503]], device='cuda:0',
       grad_fn=<SoftmaxBackward0>)
tensor([[0.2500, 0.2503, 0.2499, 0.2498],
        [0.2500, 0.2502, 0.2500, 0.2498],
        [0.2501, 0.2497, 0.2498, 0.2504]], device='cuda:0',
       grad_fn=<SoftmaxBackward0>)
tensor([[0.2498, 0.2502, 0.2498, 0.2502],
        [0.2500, 0.2501, 0.2500, 0.2499],
        [0.2496, 0.2500, 0.2506, 0.2497]], device='cuda:0',
       grad_fn=<SoftmaxBackward0>)
tensor([[0.2501, 0.2498, 0.2501, 0.2501],
        [0.2497, 0.2497, 0.2504, 0.2502]], device='cuda:0',
       grad_fn=<SoftmaxBackward0>)
tensor([[0.2499, 0.2499, 0.2501, 0.2501],
        [0.2502, 0.2501, 0.2499, 0.2498],
        [0.2500, 0.2499, 0.2499, 0.2502]], device='cuda:0',
       grad_fn=<SoftmaxBackward0>)
tensor([[0.2504, 0.2499, 0.2497, 0.2500],
        [0.2499, 0.2499, 0.2498, 0.2504],
        [0.2500, 0.2498, 0.2500, 0.2502]], device='cuda:0',
       grad_fn=<SoftmaxBackward0>)
tensor([[0.2501, 0.2503, 0.2497, 0.2500],
        [0.2501, 0.2498, 0.2502, 0.2499],
        [0.2500, 0.2501, 0.2498, 0.2501]], device='cuda:0',
       grad_fn=<SoftmaxBackward0>)
tensor([[0.2496, 0.2504, 0.2502, 0.2498],
        [0.2501, 0.2499, 0.2500, 0.2500],
        [0.2503, 0.2499, 0.2496, 0.2502]], device='cuda:0',
       grad_fn=<SoftmaxBackward0>)
tensor([[0.2502, 0.2498, 0.2504, 0.2496],
        [0.2500, 0.2500, 0.2501, 0.2499],
        [0.2499, 0.2500, 0.2500, 0.2501]], device='cuda:0',
       grad_fn=<SoftmaxBackward0>)
tensor([[0.2501, 0.2501, 0.2500, 0.2498],
        [0.2501, 0.2498, 0.2502, 0.2499]], device='cuda:0',
       grad_fn=<SoftmaxBackward0>)
tensor([[0.2498, 0.2501, 0.2500, 0.2501],
        [0.2500, 0.2503, 0.2499, 0.2498],
        [0.2497, 0.2501, 0.2500, 0.2502]], device='cuda:0',
       grad_fn=<SoftmaxBackward0>)
tensor([[0.2502, 0.2501, 0.2500, 0.2497],
        [0.2496, 0.2501, 0.2501, 0.2502],
        [0.2501, 0.2497, 0.2500, 0.2503]], device='cuda:0',
       grad_fn=<SoftmaxBackward0>)
tensor([[0.2499, 0.2502, 0.2498, 0.2501],
        [0.2502, 0.2500, 0.2501, 0.2496],
        [0.2500, 0.2498, 0.2501, 0.2501]], device='cuda:0',
       grad_fn=<SoftmaxBackward0>)
tensor([[0.2502, 0.2500, 0.2499, 0.2498],
        [0.2497, 0.2497, 0.2502, 0.2505],
        [0.2503, 0.2503, 0.2497, 0.2497]], device='cuda:0',
       grad_fn=<SoftmaxBackward0>)
tensor([[0.2503, 0.2498, 0.2502, 0.2497],
        [0.2502, 0.2497, 0.2501, 0.2500],
        [0.2498, 0.2503, 0.2497, 0.2502]], device='cuda:0',
       grad_fn=<SoftmaxBackward0>)
#####################
05/28 01:08:28AM searchStage_trainer.py:211 [INFO] Train: Epoch: [0][50/390]	Step 50	lr 0.025	Loss 2.3889 (2.2253)	Prec@(1,5) (16.3%, 68.0%)	
05/28 01:08:44AM searchStage_trainer.py:211 [INFO] Train: Epoch: [0][100/390]	Step 100	lr 0.025	Loss 1.9784 (2.2060)	Prec@(1,5) (18.9%, 71.5%)	
05/28 01:08:59AM searchStage_trainer.py:211 [INFO] Train: Epoch: [0][150/390]	Step 150	lr 0.025	Loss 1.7537 (2.1231)	Prec@(1,5) (22.1%, 74.9%)	
05/28 01:09:14AM searchStage_trainer.py:211 [INFO] Train: Epoch: [0][200/390]	Step 200	lr 0.025	Loss 1.6998 (2.0468)	Prec@(1,5) (24.9%, 77.4%)	
05/28 01:09:29AM searchStage_trainer.py:211 [INFO] Train: Epoch: [0][250/390]	Step 250	lr 0.025	Loss 1.6167 (1.9849)	Prec@(1,5) (26.7%, 79.5%)	
05/28 01:09:44AM searchStage_trainer.py:211 [INFO] Train: Epoch: [0][300/390]	Step 300	lr 0.025	Loss 1.6221 (1.9401)	Prec@(1,5) (28.1%, 80.9%)	
05/28 01:10:00AM searchStage_trainer.py:211 [INFO] Train: Epoch: [0][350/390]	Step 350	lr 0.025	Loss 1.8870 (1.8968)	Prec@(1,5) (29.6%, 82.1%)	
05/28 01:10:12AM searchStage_trainer.py:211 [INFO] Train: Epoch: [0][390/390]	Step 390	lr 0.025	Loss 1.5532 (1.8716)	Prec@(1,5) (30.5%, 82.8%)	
05/28 01:10:13AM searchStage_trainer.py:221 [INFO] Train: [  0/49] Final Prec@1 30.5400%
05/28 01:10:15AM searchStage_trainer.py:249 [INFO] Valid: Epoch: [0][50/391]	Step 391	Loss 1.6538	Prec@(1,5) (37.7%, 88.6%)
05/28 01:10:18AM searchStage_trainer.py:249 [INFO] Valid: Epoch: [0][100/391]	Step 391	Loss 1.6685	Prec@(1,5) (37.4%, 88.7%)
05/28 01:10:20AM searchStage_trainer.py:249 [INFO] Valid: Epoch: [0][150/391]	Step 391	Loss 1.6822	Prec@(1,5) (37.2%, 88.2%)
05/28 01:10:23AM searchStage_trainer.py:249 [INFO] Valid: Epoch: [0][200/391]	Step 391	Loss 1.6854	Prec@(1,5) (36.9%, 88.0%)
05/28 01:10:25AM searchStage_trainer.py:249 [INFO] Valid: Epoch: [0][250/391]	Step 391	Loss 1.6901	Prec@(1,5) (36.7%, 88.0%)
05/28 01:10:28AM searchStage_trainer.py:249 [INFO] Valid: Epoch: [0][300/391]	Step 391	Loss 1.6905	Prec@(1,5) (36.5%, 88.2%)
05/28 01:10:30AM searchStage_trainer.py:249 [INFO] Valid: Epoch: [0][350/391]	Step 391	Loss 1.6925	Prec@(1,5) (36.3%, 88.2%)
05/28 01:10:32AM searchStage_trainer.py:249 [INFO] Valid: Epoch: [0][390/391]	Step 391	Loss 1.6960	Prec@(1,5) (36.3%, 88.1%)
05/28 01:10:33AM searchStage_trainer.py:260 [INFO] Valid: [  0/49] Final Prec@1 36.2840%
05/28 01:10:33AM searchStage_main.py:53 [INFO] DAG = Genotype2(DAG1=[[('avg_pool_3x3', 0), ('avg_pool_3x3', 1)], [('avg_pool_3x3', 2), ('avg_pool_3x3', 0)], [('avg_pool_3x3', 3), ('avg_pool_3x3', 2)], [('avg_pool_3x3', 2), ('avg_pool_3x3', 3)], [('avg_pool_3x3', 3), ('avg_pool_3x3', 4)], [('avg_pool_3x3', 4), ('avg_pool_3x3', 5)]], DAG1_concat=range(6, 8), DAG2=[[('skip_connect', 0), ('max_pool_3x3', 1)], [('max_pool_3x3', 2), ('avg_pool_3x3', 1)], [('max_pool_3x3', 3), ('max_pool_3x3', 2)], [('max_pool_3x3', 3), ('avg_pool_3x3', 4)], [('avg_pool_3x3', 3), ('avg_pool_3x3', 4)], [('skip_connect', 6), ('avg_pool_3x3', 5)]], DAG2_concat=range(6, 8), DAG3=[[('max_pool_3x3', 1), ('skip_connect', 0)], [('avg_pool_3x3', 2), ('avg_pool_3x3', 1)], [('skip_connect', 3), ('avg_pool_3x3', 2)], [('skip_connect', 4), ('skip_connect', 3)], [('skip_connect', 5), ('skip_connect', 3)], [('max_pool_3x3', 5), ('skip_connect', 4)]], DAG3_concat=range(6, 8))
05/28 01:10:33AM searchStage_main.py:68 [INFO] Until now, best Prec@1 = 36.2840%
####### ALPHA #######
# Alpha - DAG
tensor([[0.2476, 0.2545, 0.2522, 0.2458],
        [0.2484, 0.2531, 0.2492, 0.2493]], device='cuda:0',
       grad_fn=<SoftmaxBackward0>)
tensor([[0.2505, 0.2533, 0.2500, 0.2461],
        [0.2520, 0.2524, 0.2489, 0.2466],
        [0.2536, 0.2563, 0.2469, 0.2433]], device='cuda:0',
       grad_fn=<SoftmaxBackward0>)
tensor([[0.2518, 0.2543, 0.2532, 0.2407],
        [0.2530, 0.2545, 0.2431, 0.2494],
        [0.2503, 0.2564, 0.2481, 0.2451]], device='cuda:0',
       grad_fn=<SoftmaxBackward0>)
tensor([[0.2527, 0.2528, 0.2478, 0.2466],
        [0.2531, 0.2539, 0.2452, 0.2477],
        [0.2509, 0.2537, 0.2496, 0.2459]], device='cuda:0',
       grad_fn=<SoftmaxBackward0>)
tensor([[0.2516, 0.2543, 0.2481, 0.2460],
        [0.2529, 0.2541, 0.2493, 0.2437],
        [0.2530, 0.2542, 0.2457, 0.2471]], device='cuda:0',
       grad_fn=<SoftmaxBackward0>)
tensor([[0.2508, 0.2534, 0.2483, 0.2475],
        [0.2529, 0.2532, 0.2491, 0.2447],
        [0.2512, 0.2515, 0.2469, 0.2504]], device='cuda:0',
       grad_fn=<SoftmaxBackward0>)
tensor([[0.2499, 0.2508, 0.2509, 0.2484],
        [0.2503, 0.2488, 0.2502, 0.2507]], device='cuda:0',
       grad_fn=<SoftmaxBackward0>)
tensor([[0.2505, 0.2497, 0.2502, 0.2496],
        [0.2504, 0.2512, 0.2502, 0.2482],
        [0.2510, 0.2503, 0.2491, 0.2496]], device='cuda:0',
       grad_fn=<SoftmaxBackward0>)
tensor([[0.2505, 0.2498, 0.2502, 0.2496],
        [0.2502, 0.2502, 0.2496, 0.2500],
        [0.2505, 0.2502, 0.2499, 0.2494]], device='cuda:0',
       grad_fn=<SoftmaxBackward0>)
tensor([[0.2504, 0.2508, 0.2499, 0.2488],
        [0.2508, 0.2501, 0.2491, 0.2500],
        [0.2499, 0.2505, 0.2495, 0.2501]], device='cuda:0',
       grad_fn=<SoftmaxBackward0>)
tensor([[0.2493, 0.2513, 0.2498, 0.2496],
        [0.2502, 0.2503, 0.2497, 0.2499],
        [0.2500, 0.2506, 0.2500, 0.2494]], device='cuda:0',
       grad_fn=<SoftmaxBackward0>)
tensor([[0.2502, 0.2498, 0.2499, 0.2501],
        [0.2500, 0.2504, 0.2498, 0.2498],
        [0.2500, 0.2503, 0.2505, 0.2492]], device='cuda:0',
       grad_fn=<SoftmaxBackward0>)
tensor([[0.2500, 0.2502, 0.2502, 0.2496],
        [0.2505, 0.2495, 0.2500, 0.2499]], device='cuda:0',
       grad_fn=<SoftmaxBackward0>)
tensor([[0.2498, 0.2499, 0.2503, 0.2500],
        [0.2499, 0.2508, 0.2504, 0.2488],
        [0.2493, 0.2501, 0.2497, 0.2509]], device='cuda:0',
       grad_fn=<SoftmaxBackward0>)
tensor([[0.2492, 0.2506, 0.2508, 0.2494],
        [0.2488, 0.2503, 0.2495, 0.2515],
        [0.2491, 0.2504, 0.2514, 0.2491]], device='cuda:0',
       grad_fn=<SoftmaxBackward0>)
tensor([[0.2498, 0.2501, 0.2495, 0.2507],
        [0.2501, 0.2499, 0.2502, 0.2498],
        [0.2499, 0.2500, 0.2506, 0.2494]], device='cuda:0',
       grad_fn=<SoftmaxBackward0>)
tensor([[0.2503, 0.2500, 0.2513, 0.2484],
        [0.2506, 0.2480, 0.2492, 0.2522],
        [0.2490, 0.2505, 0.2513, 0.2493]], device='cuda:0',
       grad_fn=<SoftmaxBackward0>)
tensor([[0.2504, 0.2494, 0.2509, 0.2493],
        [0.2511, 0.2492, 0.2495, 0.2503],
        [0.2489, 0.2503, 0.2506, 0.2503]], device='cuda:0',
       grad_fn=<SoftmaxBackward0>)
#####################
05/28 01:10:49AM searchStage_trainer.py:211 [INFO] Train: Epoch: [1][50/390]	Step 441	lr 0.02498	Loss 1.3943 (1.6067)	Prec@(1,5) (39.1%, 90.1%)	
05/28 01:11:04AM searchStage_trainer.py:211 [INFO] Train: Epoch: [1][100/390]	Step 491	lr 0.02498	Loss 1.5419 (1.5829)	Prec@(1,5) (40.4%, 90.0%)	
05/28 01:11:19AM searchStage_trainer.py:211 [INFO] Train: Epoch: [1][150/390]	Step 541	lr 0.02498	Loss 1.4871 (1.5742)	Prec@(1,5) (41.0%, 90.2%)	
05/28 01:11:34AM searchStage_trainer.py:211 [INFO] Train: Epoch: [1][200/390]	Step 591	lr 0.02498	Loss 1.5163 (1.5683)	Prec@(1,5) (41.6%, 90.1%)	
05/28 01:11:50AM searchStage_trainer.py:211 [INFO] Train: Epoch: [1][250/390]	Step 641	lr 0.02498	Loss 1.3536 (1.5549)	Prec@(1,5) (42.1%, 90.4%)	
05/28 01:12:05AM searchStage_trainer.py:211 [INFO] Train: Epoch: [1][300/390]	Step 691	lr 0.02498	Loss 1.4354 (1.5380)	Prec@(1,5) (42.6%, 90.7%)	
05/28 01:12:20AM searchStage_trainer.py:211 [INFO] Train: Epoch: [1][350/390]	Step 741	lr 0.02498	Loss 1.5001 (1.5326)	Prec@(1,5) (42.9%, 90.8%)	
05/28 01:12:32AM searchStage_trainer.py:211 [INFO] Train: Epoch: [1][390/390]	Step 781	lr 0.02498	Loss 1.5546 (1.5265)	Prec@(1,5) (43.3%, 90.9%)	
05/28 01:12:33AM searchStage_trainer.py:221 [INFO] Train: [  1/49] Final Prec@1 43.2760%
05/28 01:12:35AM searchStage_trainer.py:249 [INFO] Valid: Epoch: [1][50/391]	Step 782	Loss 1.5129	Prec@(1,5) (44.3%, 91.1%)
05/28 01:12:38AM searchStage_trainer.py:249 [INFO] Valid: Epoch: [1][100/391]	Step 782	Loss 1.5101	Prec@(1,5) (44.4%, 91.1%)
05/28 01:12:40AM searchStage_trainer.py:249 [INFO] Valid: Epoch: [1][150/391]	Step 782	Loss 1.5240	Prec@(1,5) (44.2%, 90.5%)
05/28 01:12:43AM searchStage_trainer.py:249 [INFO] Valid: Epoch: [1][200/391]	Step 782	Loss 1.5245	Prec@(1,5) (44.2%, 90.4%)
05/28 01:12:45AM searchStage_trainer.py:249 [INFO] Valid: Epoch: [1][250/391]	Step 782	Loss 1.5311	Prec@(1,5) (44.0%, 90.4%)
05/28 01:12:48AM searchStage_trainer.py:249 [INFO] Valid: Epoch: [1][300/391]	Step 782	Loss 1.5299	Prec@(1,5) (44.2%, 90.4%)
05/28 01:12:50AM searchStage_trainer.py:249 [INFO] Valid: Epoch: [1][350/391]	Step 782	Loss 1.5288	Prec@(1,5) (44.1%, 90.5%)
05/28 01:12:52AM searchStage_trainer.py:249 [INFO] Valid: Epoch: [1][390/391]	Step 782	Loss 1.5307	Prec@(1,5) (44.2%, 90.5%)
05/28 01:12:53AM searchStage_trainer.py:260 [INFO] Valid: [  1/49] Final Prec@1 44.1600%
05/28 01:12:53AM searchStage_main.py:53 [INFO] DAG = Genotype2(DAG1=[[('avg_pool_3x3', 0), ('avg_pool_3x3', 1)], [('avg_pool_3x3', 2), ('avg_pool_3x3', 0)], [('avg_pool_3x3', 3), ('avg_pool_3x3', 2)], [('avg_pool_3x3', 4), ('avg_pool_3x3', 3)], [('avg_pool_3x3', 4), ('avg_pool_3x3', 3)], [('avg_pool_3x3', 5), ('avg_pool_3x3', 6)]], DAG1_concat=range(6, 8), DAG2=[[('avg_pool_3x3', 0), ('max_pool_3x3', 1)], [('avg_pool_3x3', 2), ('avg_pool_3x3', 1)], [('max_pool_3x3', 3), ('max_pool_3x3', 2)], [('avg_pool_3x3', 4), ('avg_pool_3x3', 3)], [('avg_pool_3x3', 3), ('avg_pool_3x3', 5)], [('avg_pool_3x3', 6), ('avg_pool_3x3', 5)]], DAG2_concat=range(6, 8), DAG3=[[('skip_connect', 0), ('max_pool_3x3', 1)], [('avg_pool_3x3', 2), ('avg_pool_3x3', 1)], [('skip_connect', 3), ('avg_pool_3x3', 2)], [('skip_connect', 4), ('skip_connect', 3)], [('skip_connect', 5), ('skip_connect', 3)], [('max_pool_3x3', 5), ('skip_connect', 6)]], DAG3_concat=range(6, 8))
05/28 01:12:53AM searchStage_main.py:68 [INFO] Until now, best Prec@1 = 44.1600%
####### ALPHA #######
# Alpha - DAG
tensor([[0.2472, 0.2590, 0.2498, 0.2440],
        [0.2494, 0.2576, 0.2478, 0.2452]], device='cuda:0',
       grad_fn=<SoftmaxBackward0>)
tensor([[0.2519, 0.2577, 0.2497, 0.2407],
        [0.2541, 0.2566, 0.2494, 0.2399],
        [0.2560, 0.2640, 0.2400, 0.2400]], device='cuda:0',
       grad_fn=<SoftmaxBackward0>)
tensor([[0.2542, 0.2578, 0.2549, 0.2332],
        [0.2550, 0.2606, 0.2393, 0.2451],
        [0.2533, 0.2616, 0.2442, 0.2409]], device='cuda:0',
       grad_fn=<SoftmaxBackward0>)
tensor([[0.2541, 0.2563, 0.2463, 0.2432],
        [0.2541, 0.2586, 0.2433, 0.2440],
        [0.2522, 0.2582, 0.2470, 0.2426]], device='cuda:0',
       grad_fn=<SoftmaxBackward0>)
tensor([[0.2534, 0.2590, 0.2476, 0.2400],
        [0.2551, 0.2587, 0.2488, 0.2374],
        [0.2558, 0.2581, 0.2398, 0.2463]], device='cuda:0',
       grad_fn=<SoftmaxBackward0>)
tensor([[0.2518, 0.2565, 0.2459, 0.2459],
        [0.2551, 0.2560, 0.2477, 0.2412],
        [0.2522, 0.2551, 0.2450, 0.2477]], device='cuda:0',
       grad_fn=<SoftmaxBackward0>)
tensor([[0.2505, 0.2516, 0.2513, 0.2466],
        [0.2505, 0.2484, 0.2495, 0.2515]], device='cuda:0',
       grad_fn=<SoftmaxBackward0>)
tensor([[0.2502, 0.2506, 0.2506, 0.2486],
        [0.2504, 0.2512, 0.2497, 0.2487],
        [0.2511, 0.2512, 0.2495, 0.2481]], device='cuda:0',
       grad_fn=<SoftmaxBackward0>)
tensor([[0.2509, 0.2495, 0.2505, 0.2491],
        [0.2507, 0.2505, 0.2494, 0.2495],
        [0.2510, 0.2504, 0.2497, 0.2490]], device='cuda:0',
       grad_fn=<SoftmaxBackward0>)
tensor([[0.2505, 0.2513, 0.2502, 0.2479],
        [0.2505, 0.2507, 0.2495, 0.2494],
        [0.2502, 0.2507, 0.2485, 0.2506]], device='cuda:0',
       grad_fn=<SoftmaxBackward0>)
tensor([[0.2495, 0.2521, 0.2502, 0.2483],
        [0.2504, 0.2508, 0.2493, 0.2495],
        [0.2500, 0.2507, 0.2495, 0.2498]], device='cuda:0',
       grad_fn=<SoftmaxBackward0>)
tensor([[0.2499, 0.2499, 0.2503, 0.2499],
        [0.2499, 0.2507, 0.2495, 0.2500],
        [0.2502, 0.2507, 0.2506, 0.2485]], device='cuda:0',
       grad_fn=<SoftmaxBackward0>)
tensor([[0.2498, 0.2503, 0.2504, 0.2494],
        [0.2506, 0.2492, 0.2501, 0.2501]], device='cuda:0',
       grad_fn=<SoftmaxBackward0>)
tensor([[0.2498, 0.2499, 0.2506, 0.2497],
        [0.2497, 0.2512, 0.2508, 0.2482],
        [0.2489, 0.2501, 0.2497, 0.2513]], device='cuda:0',
       grad_fn=<SoftmaxBackward0>)
tensor([[0.2486, 0.2511, 0.2515, 0.2489],
        [0.2480, 0.2503, 0.2493, 0.2523],
        [0.2483, 0.2508, 0.2523, 0.2486]], device='cuda:0',
       grad_fn=<SoftmaxBackward0>)
tensor([[0.2496, 0.2501, 0.2493, 0.2511],
        [0.2499, 0.2499, 0.2504, 0.2497],
        [0.2499, 0.2501, 0.2511, 0.2490]], device='cuda:0',
       grad_fn=<SoftmaxBackward0>)
tensor([[0.2505, 0.2500, 0.2525, 0.2470],
        [0.2511, 0.2468, 0.2487, 0.2535],
        [0.2481, 0.2504, 0.2523, 0.2492]], device='cuda:0',
       grad_fn=<SoftmaxBackward0>)
tensor([[0.2503, 0.2492, 0.2516, 0.2488],
        [0.2517, 0.2488, 0.2489, 0.2507],
        [0.2481, 0.2503, 0.2514, 0.2502]], device='cuda:0',
       grad_fn=<SoftmaxBackward0>)
#####################
05/28 01:13:09AM searchStage_trainer.py:211 [INFO] Train: Epoch: [2][50/390]	Step 832	lr 0.02491	Loss 1.3603 (1.4129)	Prec@(1,5) (48.0%, 92.3%)	
05/28 01:13:24AM searchStage_trainer.py:211 [INFO] Train: Epoch: [2][100/390]	Step 882	lr 0.02491	Loss 1.5714 (1.4085)	Prec@(1,5) (48.4%, 92.5%)	
05/28 01:13:39AM searchStage_trainer.py:211 [INFO] Train: Epoch: [2][150/390]	Step 932	lr 0.02491	Loss 1.4599 (1.4017)	Prec@(1,5) (48.7%, 92.4%)	
05/28 01:13:55AM searchStage_trainer.py:211 [INFO] Train: Epoch: [2][200/390]	Step 982	lr 0.02491	Loss 1.3607 (1.4021)	Prec@(1,5) (48.7%, 92.3%)	
05/28 01:14:10AM searchStage_trainer.py:211 [INFO] Train: Epoch: [2][250/390]	Step 1032	lr 0.02491	Loss 1.4406 (1.3821)	Prec@(1,5) (49.2%, 92.8%)	
05/28 01:14:25AM searchStage_trainer.py:211 [INFO] Train: Epoch: [2][300/390]	Step 1082	lr 0.02491	Loss 1.3835 (1.3810)	Prec@(1,5) (49.5%, 92.9%)	
05/28 01:14:40AM searchStage_trainer.py:211 [INFO] Train: Epoch: [2][350/390]	Step 1132	lr 0.02491	Loss 1.2714 (1.3735)	Prec@(1,5) (49.9%, 92.9%)	
05/28 01:14:52AM searchStage_trainer.py:211 [INFO] Train: Epoch: [2][390/390]	Step 1172	lr 0.02491	Loss 1.6786 (1.3647)	Prec@(1,5) (50.3%, 92.9%)	
05/28 01:14:53AM searchStage_trainer.py:221 [INFO] Train: [  2/49] Final Prec@1 50.3280%
05/28 01:14:55AM searchStage_trainer.py:249 [INFO] Valid: Epoch: [2][50/391]	Step 1173	Loss 1.5127	Prec@(1,5) (47.0%, 92.4%)
05/28 01:14:58AM searchStage_trainer.py:249 [INFO] Valid: Epoch: [2][100/391]	Step 1173	Loss 1.5222	Prec@(1,5) (46.9%, 92.3%)
05/28 01:15:00AM searchStage_trainer.py:249 [INFO] Valid: Epoch: [2][150/391]	Step 1173	Loss 1.5231	Prec@(1,5) (46.9%, 92.1%)
05/28 01:15:03AM searchStage_trainer.py:249 [INFO] Valid: Epoch: [2][200/391]	Step 1173	Loss 1.5416	Prec@(1,5) (46.2%, 91.8%)
05/28 01:15:05AM searchStage_trainer.py:249 [INFO] Valid: Epoch: [2][250/391]	Step 1173	Loss 1.5378	Prec@(1,5) (46.3%, 91.9%)
05/28 01:15:08AM searchStage_trainer.py:249 [INFO] Valid: Epoch: [2][300/391]	Step 1173	Loss 1.5303	Prec@(1,5) (46.4%, 92.0%)
05/28 01:15:10AM searchStage_trainer.py:249 [INFO] Valid: Epoch: [2][350/391]	Step 1173	Loss 1.5236	Prec@(1,5) (46.7%, 92.2%)
05/28 01:15:12AM searchStage_trainer.py:249 [INFO] Valid: Epoch: [2][390/391]	Step 1173	Loss 1.5218	Prec@(1,5) (46.7%, 92.1%)
05/28 01:15:12AM searchStage_trainer.py:260 [INFO] Valid: [  2/49] Final Prec@1 46.6840%
05/28 01:15:12AM searchStage_main.py:53 [INFO] DAG = Genotype2(DAG1=[[('avg_pool_3x3', 1), ('avg_pool_3x3', 0)], [('avg_pool_3x3', 2), ('avg_pool_3x3', 0)], [('avg_pool_3x3', 3), ('avg_pool_3x3', 2)], [('avg_pool_3x3', 4), ('avg_pool_3x3', 3)], [('avg_pool_3x3', 5), ('avg_pool_3x3', 4)], [('avg_pool_3x3', 5), ('avg_pool_3x3', 6)]], DAG1_concat=range(6, 8), DAG2=[[('avg_pool_3x3', 0), ('max_pool_3x3', 1)], [('avg_pool_3x3', 2), ('avg_pool_3x3', 1)], [('max_pool_3x3', 3), ('max_pool_3x3', 2)], [('avg_pool_3x3', 4), ('avg_pool_3x3', 3)], [('avg_pool_3x3', 5), ('avg_pool_3x3', 4)], [('avg_pool_3x3', 6), ('avg_pool_3x3', 5)]], DAG2_concat=range(6, 8), DAG3=[[('skip_connect', 0), ('max_pool_3x3', 1)], [('avg_pool_3x3', 2), ('avg_pool_3x3', 1)], [('skip_connect', 3), ('avg_pool_3x3', 2)], [('skip_connect', 4), ('skip_connect', 3)], [('skip_connect', 5), ('skip_connect', 3)], [('skip_connect', 6), ('max_pool_3x3', 5)]], DAG3_concat=range(6, 8))
05/28 01:15:13AM searchStage_main.py:68 [INFO] Until now, best Prec@1 = 46.6840%
####### ALPHA #######
# Alpha - DAG
tensor([[0.2465, 0.2626, 0.2483, 0.2426],
        [0.2501, 0.2622, 0.2468, 0.2409]], device='cuda:0',
       grad_fn=<SoftmaxBackward0>)
tensor([[0.2554, 0.2615, 0.2496, 0.2335],
        [0.2544, 0.2613, 0.2496, 0.2347],
        [0.2589, 0.2703, 0.2344, 0.2365]], device='cuda:0',
       grad_fn=<SoftmaxBackward0>)
tensor([[0.2547, 0.2603, 0.2563, 0.2287],
        [0.2570, 0.2655, 0.2359, 0.2416],
        [0.2554, 0.2678, 0.2424, 0.2344]], device='cuda:0',
       grad_fn=<SoftmaxBackward0>)
tensor([[0.2571, 0.2599, 0.2438, 0.2392],
        [0.2558, 0.2630, 0.2410, 0.2402],
        [0.2541, 0.2614, 0.2437, 0.2407]], device='cuda:0',
       grad_fn=<SoftmaxBackward0>)
tensor([[0.2556, 0.2625, 0.2466, 0.2352],
        [0.2567, 0.2623, 0.2463, 0.2347],
        [0.2590, 0.2628, 0.2364, 0.2418]], device='cuda:0',
       grad_fn=<SoftmaxBackward0>)
tensor([[0.2530, 0.2597, 0.2438, 0.2435],
        [0.2570, 0.2595, 0.2453, 0.2382],
        [0.2544, 0.2578, 0.2426, 0.2452]], device='cuda:0',
       grad_fn=<SoftmaxBackward0>)
tensor([[0.2505, 0.2520, 0.2515, 0.2460],
        [0.2508, 0.2483, 0.2494, 0.2514]], device='cuda:0',
       grad_fn=<SoftmaxBackward0>)
tensor([[0.2504, 0.2508, 0.2510, 0.2477],
        [0.2505, 0.2510, 0.2499, 0.2486],
        [0.2513, 0.2516, 0.2496, 0.2475]], device='cuda:0',
       grad_fn=<SoftmaxBackward0>)
tensor([[0.2509, 0.2498, 0.2503, 0.2491],
        [0.2511, 0.2508, 0.2489, 0.2492],
        [0.2512, 0.2506, 0.2498, 0.2484]], device='cuda:0',
       grad_fn=<SoftmaxBackward0>)
tensor([[0.2508, 0.2518, 0.2503, 0.2471],
        [0.2502, 0.2508, 0.2495, 0.2494],
        [0.2502, 0.2510, 0.2483, 0.2505]], device='cuda:0',
       grad_fn=<SoftmaxBackward0>)
tensor([[0.2498, 0.2523, 0.2500, 0.2479],
        [0.2507, 0.2510, 0.2488, 0.2496],
        [0.2502, 0.2511, 0.2494, 0.2493]], device='cuda:0',
       grad_fn=<SoftmaxBackward0>)
tensor([[0.2500, 0.2502, 0.2501, 0.2497],
        [0.2501, 0.2508, 0.2491, 0.2499],
        [0.2503, 0.2509, 0.2507, 0.2481]], device='cuda:0',
       grad_fn=<SoftmaxBackward0>)
tensor([[0.2498, 0.2502, 0.2506, 0.2495],
        [0.2507, 0.2490, 0.2502, 0.2501]], device='cuda:0',
       grad_fn=<SoftmaxBackward0>)
tensor([[0.2499, 0.2497, 0.2507, 0.2496],
        [0.2495, 0.2514, 0.2513, 0.2478],
        [0.2487, 0.2502, 0.2496, 0.2515]], device='cuda:0',
       grad_fn=<SoftmaxBackward0>)
tensor([[0.2478, 0.2516, 0.2521, 0.2485],
        [0.2473, 0.2504, 0.2492, 0.2531],
        [0.2476, 0.2512, 0.2530, 0.2481]], device='cuda:0',
       grad_fn=<SoftmaxBackward0>)
tensor([[0.2494, 0.2502, 0.2492, 0.2512],
        [0.2497, 0.2499, 0.2505, 0.2499],
        [0.2497, 0.2502, 0.2514, 0.2487]], device='cuda:0',
       grad_fn=<SoftmaxBackward0>)
tensor([[0.2505, 0.2500, 0.2535, 0.2460],
        [0.2514, 0.2458, 0.2482, 0.2545],
        [0.2471, 0.2505, 0.2534, 0.2490]], device='cuda:0',
       grad_fn=<SoftmaxBackward0>)
tensor([[0.2503, 0.2490, 0.2523, 0.2484],
        [0.2521, 0.2485, 0.2485, 0.2509],
        [0.2473, 0.2503, 0.2521, 0.2502]], device='cuda:0',
       grad_fn=<SoftmaxBackward0>)
#####################
05/28 01:15:29AM searchStage_trainer.py:211 [INFO] Train: Epoch: [3][50/390]	Step 1223	lr 0.02479	Loss 1.4067 (1.3022)	Prec@(1,5) (53.5%, 92.9%)	
05/28 01:15:44AM searchStage_trainer.py:211 [INFO] Train: Epoch: [3][100/390]	Step 1273	lr 0.02479	Loss 1.1596 (1.2723)	Prec@(1,5) (54.5%, 93.7%)	
05/28 01:15:59AM searchStage_trainer.py:211 [INFO] Train: Epoch: [3][150/390]	Step 1323	lr 0.02479	Loss 1.0662 (1.2639)	Prec@(1,5) (54.4%, 94.0%)	
05/28 01:16:15AM searchStage_trainer.py:211 [INFO] Train: Epoch: [3][200/390]	Step 1373	lr 0.02479	Loss 1.2700 (1.2590)	Prec@(1,5) (54.3%, 94.2%)	
05/28 01:16:30AM searchStage_trainer.py:211 [INFO] Train: Epoch: [3][250/390]	Step 1423	lr 0.02479	Loss 1.2334 (1.2570)	Prec@(1,5) (54.4%, 94.1%)	
05/28 01:16:45AM searchStage_trainer.py:211 [INFO] Train: Epoch: [3][300/390]	Step 1473	lr 0.02479	Loss 1.1299 (1.2523)	Prec@(1,5) (54.5%, 94.2%)	
05/28 01:17:00AM searchStage_trainer.py:211 [INFO] Train: Epoch: [3][350/390]	Step 1523	lr 0.02479	Loss 0.9556 (1.2505)	Prec@(1,5) (54.7%, 94.3%)	
05/28 01:17:12AM searchStage_trainer.py:211 [INFO] Train: Epoch: [3][390/390]	Step 1563	lr 0.02479	Loss 1.5016 (1.2479)	Prec@(1,5) (54.8%, 94.4%)	
05/28 01:17:13AM searchStage_trainer.py:221 [INFO] Train: [  3/49] Final Prec@1 54.8080%
05/28 01:17:15AM searchStage_trainer.py:249 [INFO] Valid: Epoch: [3][50/391]	Step 1564	Loss 1.3491	Prec@(1,5) (51.7%, 93.0%)
05/28 01:17:18AM searchStage_trainer.py:249 [INFO] Valid: Epoch: [3][100/391]	Step 1564	Loss 1.3761	Prec@(1,5) (51.1%, 92.5%)
05/28 01:17:20AM searchStage_trainer.py:249 [INFO] Valid: Epoch: [3][150/391]	Step 1564	Loss 1.3696	Prec@(1,5) (51.2%, 92.4%)
05/28 01:17:23AM searchStage_trainer.py:249 [INFO] Valid: Epoch: [3][200/391]	Step 1564	Loss 1.3730	Prec@(1,5) (51.2%, 92.3%)
05/28 01:17:25AM searchStage_trainer.py:249 [INFO] Valid: Epoch: [3][250/391]	Step 1564	Loss 1.3714	Prec@(1,5) (51.3%, 92.3%)
05/28 01:17:28AM searchStage_trainer.py:249 [INFO] Valid: Epoch: [3][300/391]	Step 1564	Loss 1.3673	Prec@(1,5) (51.4%, 92.5%)
05/28 01:17:30AM searchStage_trainer.py:249 [INFO] Valid: Epoch: [3][350/391]	Step 1564	Loss 1.3620	Prec@(1,5) (51.4%, 92.6%)
05/28 01:17:32AM searchStage_trainer.py:249 [INFO] Valid: Epoch: [3][390/391]	Step 1564	Loss 1.3616	Prec@(1,5) (51.6%, 92.6%)
05/28 01:17:32AM searchStage_trainer.py:260 [INFO] Valid: [  3/49] Final Prec@1 51.5760%
05/28 01:17:32AM searchStage_main.py:53 [INFO] DAG = Genotype2(DAG1=[[('avg_pool_3x3', 1), ('avg_pool_3x3', 0)], [('avg_pool_3x3', 2), ('avg_pool_3x3', 0)], [('avg_pool_3x3', 3), ('avg_pool_3x3', 2)], [('avg_pool_3x3', 4), ('avg_pool_3x3', 3)], [('avg_pool_3x3', 5), ('avg_pool_3x3', 4)], [('avg_pool_3x3', 5), ('avg_pool_3x3', 6)]], DAG1_concat=range(6, 8), DAG2=[[('avg_pool_3x3', 0), ('max_pool_3x3', 1)], [('avg_pool_3x3', 2), ('avg_pool_3x3', 1)], [('max_pool_3x3', 3), ('max_pool_3x3', 2)], [('avg_pool_3x3', 4), ('avg_pool_3x3', 3)], [('avg_pool_3x3', 5), ('avg_pool_3x3', 4)], [('avg_pool_3x3', 6), ('avg_pool_3x3', 5)]], DAG2_concat=range(6, 8), DAG3=[[('skip_connect', 0), ('max_pool_3x3', 1)], [('avg_pool_3x3', 2), ('skip_connect', 1)], [('skip_connect', 3), ('avg_pool_3x3', 2)], [('skip_connect', 4), ('skip_connect', 3)], [('skip_connect', 5), ('max_pool_3x3', 4)], [('skip_connect', 6), ('max_pool_3x3', 5)]], DAG3_concat=range(6, 8))
05/28 01:17:33AM searchStage_main.py:68 [INFO] Until now, best Prec@1 = 51.5760%
####### ALPHA #######
# Alpha - DAG
tensor([[0.2461, 0.2663, 0.2459, 0.2417],
        [0.2505, 0.2672, 0.2467, 0.2355]], device='cuda:0',
       grad_fn=<SoftmaxBackward0>)
tensor([[0.2562, 0.2650, 0.2501, 0.2287],
        [0.2554, 0.2654, 0.2502, 0.2290],
        [0.2598, 0.2755, 0.2316, 0.2331]], device='cuda:0',
       grad_fn=<SoftmaxBackward0>)
tensor([[0.2560, 0.2622, 0.2572, 0.2245],
        [0.2591, 0.2692, 0.2331, 0.2386],
        [0.2573, 0.2711, 0.2416, 0.2300]], device='cuda:0',
       grad_fn=<SoftmaxBackward0>)
tensor([[0.2590, 0.2626, 0.2418, 0.2366],
        [0.2574, 0.2658, 0.2405, 0.2363],
        [0.2555, 0.2636, 0.2413, 0.2396]], device='cuda:0',
       grad_fn=<SoftmaxBackward0>)
tensor([[0.2581, 0.2660, 0.2440, 0.2319],
        [0.2575, 0.2655, 0.2446, 0.2325],
        [0.2613, 0.2661, 0.2346, 0.2380]], device='cuda:0',
       grad_fn=<SoftmaxBackward0>)
tensor([[0.2554, 0.2625, 0.2425, 0.2396],
        [0.2590, 0.2619, 0.2436, 0.2355],
        [0.2556, 0.2600, 0.2396, 0.2448]], device='cuda:0',
       grad_fn=<SoftmaxBackward0>)
tensor([[0.2509, 0.2521, 0.2517, 0.2453],
        [0.2511, 0.2480, 0.2494, 0.2515]], device='cuda:0',
       grad_fn=<SoftmaxBackward0>)
tensor([[0.2507, 0.2505, 0.2508, 0.2480],
        [0.2505, 0.2508, 0.2503, 0.2484],
        [0.2515, 0.2522, 0.2496, 0.2467]], device='cuda:0',
       grad_fn=<SoftmaxBackward0>)
tensor([[0.2511, 0.2499, 0.2503, 0.2487],
        [0.2510, 0.2509, 0.2488, 0.2492],
        [0.2514, 0.2509, 0.2497, 0.2480]], device='cuda:0',
       grad_fn=<SoftmaxBackward0>)
tensor([[0.2509, 0.2520, 0.2502, 0.2469],
        [0.2502, 0.2510, 0.2494, 0.2495],
        [0.2505, 0.2510, 0.2484, 0.2501]], device='cuda:0',
       grad_fn=<SoftmaxBackward0>)
tensor([[0.2500, 0.2527, 0.2501, 0.2472],
        [0.2505, 0.2513, 0.2487, 0.2495],
        [0.2503, 0.2513, 0.2491, 0.2494]], device='cuda:0',
       grad_fn=<SoftmaxBackward0>)
tensor([[0.2502, 0.2503, 0.2499, 0.2496],
        [0.2504, 0.2509, 0.2490, 0.2497],
        [0.2506, 0.2511, 0.2503, 0.2480]], device='cuda:0',
       grad_fn=<SoftmaxBackward0>)
tensor([[0.2499, 0.2501, 0.2506, 0.2494],
        [0.2507, 0.2488, 0.2504, 0.2501]], device='cuda:0',
       grad_fn=<SoftmaxBackward0>)
tensor([[0.2496, 0.2496, 0.2510, 0.2497],
        [0.2495, 0.2514, 0.2516, 0.2474],
        [0.2484, 0.2502, 0.2498, 0.2516]], device='cuda:0',
       grad_fn=<SoftmaxBackward0>)
tensor([[0.2472, 0.2520, 0.2526, 0.2482],
        [0.2469, 0.2505, 0.2490, 0.2535],
        [0.2471, 0.2514, 0.2536, 0.2478]], device='cuda:0',
       grad_fn=<SoftmaxBackward0>)
tensor([[0.2493, 0.2503, 0.2490, 0.2514],
        [0.2496, 0.2498, 0.2506, 0.2500],
        [0.2496, 0.2502, 0.2518, 0.2483]], device='cuda:0',
       grad_fn=<SoftmaxBackward0>)
tensor([[0.2506, 0.2499, 0.2542, 0.2453],
        [0.2518, 0.2451, 0.2479, 0.2552],
        [0.2466, 0.2504, 0.2540, 0.2490]], device='cuda:0',
       grad_fn=<SoftmaxBackward0>)
tensor([[0.2502, 0.2489, 0.2529, 0.2480],
        [0.2525, 0.2481, 0.2480, 0.2514],
        [0.2467, 0.2504, 0.2529, 0.2501]], device='cuda:0',
       grad_fn=<SoftmaxBackward0>)
#####################
05/28 01:17:48AM searchStage_trainer.py:211 [INFO] Train: Epoch: [4][50/390]	Step 1614	lr 0.02462	Loss 0.9015 (1.1350)	Prec@(1,5) (58.7%, 95.7%)	
05/28 01:18:04AM searchStage_trainer.py:211 [INFO] Train: Epoch: [4][100/390]	Step 1664	lr 0.02462	Loss 1.3458 (1.1747)	Prec@(1,5) (57.2%, 95.4%)	
05/28 01:18:19AM searchStage_trainer.py:211 [INFO] Train: Epoch: [4][150/390]	Step 1714	lr 0.02462	Loss 1.0492 (1.1696)	Prec@(1,5) (57.7%, 95.5%)	
05/28 01:18:34AM searchStage_trainer.py:211 [INFO] Train: Epoch: [4][200/390]	Step 1764	lr 0.02462	Loss 1.0892 (1.1612)	Prec@(1,5) (58.1%, 95.5%)	
05/28 01:18:49AM searchStage_trainer.py:211 [INFO] Train: Epoch: [4][250/390]	Step 1814	lr 0.02462	Loss 1.3793 (1.1565)	Prec@(1,5) (58.4%, 95.3%)	
05/28 01:19:04AM searchStage_trainer.py:211 [INFO] Train: Epoch: [4][300/390]	Step 1864	lr 0.02462	Loss 1.0436 (1.1533)	Prec@(1,5) (58.6%, 95.3%)	
05/28 01:19:20AM searchStage_trainer.py:211 [INFO] Train: Epoch: [4][350/390]	Step 1914	lr 0.02462	Loss 0.9701 (1.1471)	Prec@(1,5) (58.7%, 95.4%)	
05/28 01:19:32AM searchStage_trainer.py:211 [INFO] Train: Epoch: [4][390/390]	Step 1954	lr 0.02462	Loss 1.1616 (1.1443)	Prec@(1,5) (58.9%, 95.4%)	
05/28 01:19:32AM searchStage_trainer.py:221 [INFO] Train: [  4/49] Final Prec@1 58.8840%
05/28 01:19:35AM searchStage_trainer.py:249 [INFO] Valid: Epoch: [4][50/391]	Step 1955	Loss 1.2615	Prec@(1,5) (53.9%, 95.2%)
05/28 01:19:37AM searchStage_trainer.py:249 [INFO] Valid: Epoch: [4][100/391]	Step 1955	Loss 1.2477	Prec@(1,5) (54.8%, 94.8%)
05/28 01:19:40AM searchStage_trainer.py:249 [INFO] Valid: Epoch: [4][150/391]	Step 1955	Loss 1.2627	Prec@(1,5) (54.5%, 94.6%)
05/28 01:19:42AM searchStage_trainer.py:249 [INFO] Valid: Epoch: [4][200/391]	Step 1955	Loss 1.2512	Prec@(1,5) (54.7%, 94.8%)
05/28 01:19:45AM searchStage_trainer.py:249 [INFO] Valid: Epoch: [4][250/391]	Step 1955	Loss 1.2543	Prec@(1,5) (54.6%, 94.8%)
05/28 01:19:47AM searchStage_trainer.py:249 [INFO] Valid: Epoch: [4][300/391]	Step 1955	Loss 1.2511	Prec@(1,5) (54.9%, 94.7%)
05/28 01:19:50AM searchStage_trainer.py:249 [INFO] Valid: Epoch: [4][350/391]	Step 1955	Loss 1.2550	Prec@(1,5) (54.8%, 94.7%)
05/28 01:19:52AM searchStage_trainer.py:249 [INFO] Valid: Epoch: [4][390/391]	Step 1955	Loss 1.2578	Prec@(1,5) (54.7%, 94.6%)
05/28 01:19:52AM searchStage_trainer.py:260 [INFO] Valid: [  4/49] Final Prec@1 54.6680%
05/28 01:19:52AM searchStage_main.py:53 [INFO] DAG = Genotype2(DAG1=[[('avg_pool_3x3', 1), ('avg_pool_3x3', 0)], [('avg_pool_3x3', 2), ('avg_pool_3x3', 0)], [('avg_pool_3x3', 3), ('avg_pool_3x3', 2)], [('avg_pool_3x3', 4), ('avg_pool_3x3', 3)], [('avg_pool_3x3', 5), ('avg_pool_3x3', 4)], [('avg_pool_3x3', 6), ('avg_pool_3x3', 5)]], DAG1_concat=range(6, 8), DAG2=[[('avg_pool_3x3', 0), ('max_pool_3x3', 1)], [('avg_pool_3x3', 2), ('avg_pool_3x3', 1)], [('max_pool_3x3', 3), ('avg_pool_3x3', 2)], [('avg_pool_3x3', 4), ('avg_pool_3x3', 3)], [('avg_pool_3x3', 5), ('avg_pool_3x3', 4)], [('avg_pool_3x3', 6), ('avg_pool_3x3', 5)]], DAG2_concat=range(6, 8), DAG3=[[('skip_connect', 0), ('max_pool_3x3', 1)], [('avg_pool_3x3', 2), ('skip_connect', 1)], [('skip_connect', 3), ('avg_pool_3x3', 2)], [('skip_connect', 4), ('skip_connect', 3)], [('skip_connect', 5), ('max_pool_3x3', 4)], [('skip_connect', 6), ('max_pool_3x3', 5)]], DAG3_concat=range(6, 8))
05/28 01:19:52AM searchStage_main.py:68 [INFO] Until now, best Prec@1 = 54.6680%
####### ALPHA #######
# Alpha - DAG
tensor([[0.2478, 0.2689, 0.2432, 0.2401],
        [0.2523, 0.2701, 0.2457, 0.2318]], device='cuda:0',
       grad_fn=<SoftmaxBackward0>)
tensor([[0.2561, 0.2673, 0.2509, 0.2257],
        [0.2586, 0.2668, 0.2489, 0.2258],
        [0.2630, 0.2787, 0.2293, 0.2291]], device='cuda:0',
       grad_fn=<SoftmaxBackward0>)
tensor([[0.2566, 0.2643, 0.2576, 0.2215],
        [0.2604, 0.2722, 0.2320, 0.2354],
        [0.2598, 0.2730, 0.2397, 0.2275]], device='cuda:0',
       grad_fn=<SoftmaxBackward0>)
tensor([[0.2602, 0.2644, 0.2399, 0.2354],
        [0.2582, 0.2679, 0.2402, 0.2337],
        [0.2565, 0.2653, 0.2406, 0.2376]], device='cuda:0',
       grad_fn=<SoftmaxBackward0>)
tensor([[0.2595, 0.2684, 0.2429, 0.2293],
        [0.2590, 0.2681, 0.2430, 0.2299],
        [0.2627, 0.2682, 0.2327, 0.2364]], device='cuda:0',
       grad_fn=<SoftmaxBackward0>)
tensor([[0.2568, 0.2646, 0.2414, 0.2373],
        [0.2603, 0.2636, 0.2433, 0.2328],
        [0.2564, 0.2617, 0.2378, 0.2441]], device='cuda:0',
       grad_fn=<SoftmaxBackward0>)
tensor([[0.2511, 0.2522, 0.2517, 0.2450],
        [0.2516, 0.2479, 0.2489, 0.2515]], device='cuda:0',
       grad_fn=<SoftmaxBackward0>)
tensor([[0.2507, 0.2503, 0.2507, 0.2484],
        [0.2503, 0.2506, 0.2505, 0.2485],
        [0.2517, 0.2525, 0.2499, 0.2459]], device='cuda:0',
       grad_fn=<SoftmaxBackward0>)
tensor([[0.2511, 0.2496, 0.2503, 0.2490],
        [0.2508, 0.2512, 0.2492, 0.2488],
        [0.2514, 0.2511, 0.2496, 0.2479]], device='cuda:0',
       grad_fn=<SoftmaxBackward0>)
tensor([[0.2511, 0.2521, 0.2499, 0.2470],
        [0.2503, 0.2511, 0.2493, 0.2493],
        [0.2506, 0.2511, 0.2485, 0.2499]], device='cuda:0',
       grad_fn=<SoftmaxBackward0>)
tensor([[0.2501, 0.2528, 0.2503, 0.2468],
        [0.2504, 0.2514, 0.2487, 0.2495],
        [0.2503, 0.2515, 0.2489, 0.2494]], device='cuda:0',
       grad_fn=<SoftmaxBackward0>)
tensor([[0.2502, 0.2502, 0.2498, 0.2498],
        [0.2504, 0.2512, 0.2491, 0.2493],
        [0.2506, 0.2512, 0.2504, 0.2478]], device='cuda:0',
       grad_fn=<SoftmaxBackward0>)
tensor([[0.2499, 0.2500, 0.2507, 0.2495],
        [0.2507, 0.2486, 0.2506, 0.2500]], device='cuda:0',
       grad_fn=<SoftmaxBackward0>)
tensor([[0.2496, 0.2495, 0.2511, 0.2498],
        [0.2495, 0.2515, 0.2519, 0.2471],
        [0.2482, 0.2502, 0.2499, 0.2517]], device='cuda:0',
       grad_fn=<SoftmaxBackward0>)
tensor([[0.2467, 0.2524, 0.2530, 0.2480],
        [0.2466, 0.2506, 0.2490, 0.2539],
        [0.2468, 0.2516, 0.2540, 0.2476]], device='cuda:0',
       grad_fn=<SoftmaxBackward0>)
tensor([[0.2492, 0.2503, 0.2490, 0.2515],
        [0.2495, 0.2498, 0.2506, 0.2501],
        [0.2495, 0.2502, 0.2521, 0.2482]], device='cuda:0',
       grad_fn=<SoftmaxBackward0>)
tensor([[0.2506, 0.2499, 0.2549, 0.2446],
        [0.2521, 0.2444, 0.2475, 0.2559],
        [0.2461, 0.2504, 0.2546, 0.2489]], device='cuda:0',
       grad_fn=<SoftmaxBackward0>)
tensor([[0.2502, 0.2487, 0.2533, 0.2478],
        [0.2528, 0.2479, 0.2478, 0.2516],
        [0.2461, 0.2504, 0.2534, 0.2501]], device='cuda:0',
       grad_fn=<SoftmaxBackward0>)
#####################
05/28 01:20:08AM searchStage_trainer.py:211 [INFO] Train: Epoch: [5][50/390]	Step 2005	lr 0.02441	Loss 1.1316 (1.0967)	Prec@(1,5) (61.5%, 95.5%)	
05/28 01:20:23AM searchStage_trainer.py:211 [INFO] Train: Epoch: [5][100/390]	Step 2055	lr 0.02441	Loss 0.9807 (1.0915)	Prec@(1,5) (61.5%, 95.9%)	
05/28 01:20:39AM searchStage_trainer.py:211 [INFO] Train: Epoch: [5][150/390]	Step 2105	lr 0.02441	Loss 1.0454 (1.0959)	Prec@(1,5) (61.6%, 95.5%)	
05/28 01:20:54AM searchStage_trainer.py:211 [INFO] Train: Epoch: [5][200/390]	Step 2155	lr 0.02441	Loss 1.0564 (1.0793)	Prec@(1,5) (62.1%, 95.8%)	
05/28 01:21:09AM searchStage_trainer.py:211 [INFO] Train: Epoch: [5][250/390]	Step 2205	lr 0.02441	Loss 1.1415 (1.0692)	Prec@(1,5) (62.5%, 95.8%)	
05/28 01:21:25AM searchStage_trainer.py:211 [INFO] Train: Epoch: [5][300/390]	Step 2255	lr 0.02441	Loss 1.1107 (1.0655)	Prec@(1,5) (62.6%, 95.9%)	
05/28 01:21:40AM searchStage_trainer.py:211 [INFO] Train: Epoch: [5][350/390]	Step 2305	lr 0.02441	Loss 1.0923 (1.0583)	Prec@(1,5) (62.7%, 95.9%)	
05/28 01:21:53AM searchStage_trainer.py:211 [INFO] Train: Epoch: [5][390/390]	Step 2345	lr 0.02441	Loss 0.8131 (1.0533)	Prec@(1,5) (62.9%, 96.0%)	
05/28 01:21:53AM searchStage_trainer.py:221 [INFO] Train: [  5/49] Final Prec@1 62.8960%
05/28 01:21:56AM searchStage_trainer.py:249 [INFO] Valid: Epoch: [5][50/391]	Step 2346	Loss 1.1757	Prec@(1,5) (59.4%, 95.2%)
05/28 01:21:58AM searchStage_trainer.py:249 [INFO] Valid: Epoch: [5][100/391]	Step 2346	Loss 1.1839	Prec@(1,5) (59.1%, 95.2%)
05/28 01:22:01AM searchStage_trainer.py:249 [INFO] Valid: Epoch: [5][150/391]	Step 2346	Loss 1.1779	Prec@(1,5) (58.8%, 95.3%)
05/28 01:22:03AM searchStage_trainer.py:249 [INFO] Valid: Epoch: [5][200/391]	Step 2346	Loss 1.1881	Prec@(1,5) (58.6%, 95.1%)
