05/31 07:12:35AM parser.py:28 [INFO] 
05/31 07:12:35AM parser.py:29 [INFO] Parameters:
05/31 07:12:35AM parser.py:31 [INFO] DAG_PATH=results/search_Stage/CIFAR10/SCRATCH_PDARTS_STAGESPEC/EXP-20240531-071235/DAG
05/31 07:12:35AM parser.py:31 [INFO] ALPHA_LR=0.0003
05/31 07:12:35AM parser.py:31 [INFO] ALPHA_WEIGHT_DECAY=0.001
05/31 07:12:35AM parser.py:31 [INFO] BATCH_SIZE=64
05/31 07:12:35AM parser.py:31 [INFO] CHECKPOINT_RESET=False
05/31 07:12:35AM parser.py:31 [INFO] DATA_PATH=../data/
05/31 07:12:35AM parser.py:31 [INFO] DATASET=CIFAR10
05/31 07:12:35AM parser.py:31 [INFO] EPOCHS=50
05/31 07:12:35AM parser.py:31 [INFO] EXP_NAME=EXP-20240531-071235
05/31 07:12:35AM parser.py:31 [INFO] GENOTYPE=Genotype(normal=[[('skip_connect', 0), ('dil_conv_3x3', 1)], [('skip_connect', 0), ('sep_conv_3x3', 1)], [('sep_conv_3x3', 1), ('sep_conv_3x3', 3)], [('sep_conv_3x3', 0), ('dil_conv_5x5', 4)]], normal_concat=range(2, 6), reduce=[[('avg_pool_3x3', 0), ('sep_conv_5x5', 1)], [('sep_conv_3x3', 0), ('dil_conv_5x5', 2)], [('max_pool_3x3', 0), ('dil_conv_3x3', 1)], [('dil_conv_3x3', 1), ('dil_conv_5x5', 3)]], reduce_concat=range(2, 6))
05/31 07:12:35AM parser.py:31 [INFO] GPUS=[1]
05/31 07:12:35AM parser.py:31 [INFO] INIT_CHANNELS=16
05/31 07:12:35AM parser.py:31 [INFO] LAYERS=20
05/31 07:12:35AM parser.py:31 [INFO] LOCAL_RANK=0
05/31 07:12:35AM parser.py:31 [INFO] LOGGER=<Logger H-DAS (INFO)>
05/31 07:12:35AM parser.py:31 [INFO] NAME=SCRATCH_PDARTS_STAGESPEC
05/31 07:12:35AM parser.py:31 [INFO] PATH=results/search_Stage/CIFAR10/SCRATCH_PDARTS_STAGESPEC/EXP-20240531-071235
05/31 07:12:35AM parser.py:31 [INFO] PRINT_FREQ=50
05/31 07:12:35AM parser.py:31 [INFO] RESUME_PATH=None
05/31 07:12:35AM parser.py:31 [INFO] SAVE=EXP
05/31 07:12:35AM parser.py:31 [INFO] SEED=3
05/31 07:12:35AM parser.py:31 [INFO] SHARE_STAGE=False
05/31 07:12:35AM parser.py:31 [INFO] SPEC_CELL=False
05/31 07:12:35AM parser.py:31 [INFO] TRAIN_PORTION=0.5
05/31 07:12:35AM parser.py:31 [INFO] W_GRAD_CLIP=5.0
05/31 07:12:35AM parser.py:31 [INFO] W_LR=0.025
05/31 07:12:35AM parser.py:31 [INFO] W_LR_MIN=0.001
05/31 07:12:35AM parser.py:31 [INFO] W_MOMENTUM=0.9
05/31 07:12:35AM parser.py:31 [INFO] W_WEIGHT_DECAY=0.0003
05/31 07:12:35AM parser.py:31 [INFO] WORKERS=4
05/31 07:12:35AM parser.py:32 [INFO] 
05/31 07:12:37AM searchStage_trainer.py:103 [INFO] --> No loaded checkpoint!
####### ALPHA #######
# Alpha - DAG
tensor([[0.2502, 0.2500, 0.2500, 0.2498],
        [0.2500, 0.2497, 0.2501, 0.2503]], device='cuda:1',
       grad_fn=<SoftmaxBackward0>)
tensor([[0.2496, 0.2502, 0.2500, 0.2502],
        [0.2498, 0.2501, 0.2501, 0.2500],
        [0.2501, 0.2501, 0.2500, 0.2498]], device='cuda:1',
       grad_fn=<SoftmaxBackward0>)
tensor([[0.2499, 0.2498, 0.2502, 0.2501],
        [0.2500, 0.2501, 0.2498, 0.2502],
        [0.2498, 0.2500, 0.2502, 0.2501]], device='cuda:1',
       grad_fn=<SoftmaxBackward0>)
tensor([[0.2499, 0.2498, 0.2501, 0.2502],
        [0.2501, 0.2503, 0.2495, 0.2501],
        [0.2499, 0.2500, 0.2498, 0.2503]], device='cuda:1',
       grad_fn=<SoftmaxBackward0>)
tensor([[0.2500, 0.2503, 0.2499, 0.2498],
        [0.2500, 0.2502, 0.2500, 0.2498],
        [0.2501, 0.2497, 0.2498, 0.2504]], device='cuda:1',
       grad_fn=<SoftmaxBackward0>)
tensor([[0.2498, 0.2502, 0.2498, 0.2502],
        [0.2500, 0.2501, 0.2500, 0.2499],
        [0.2496, 0.2500, 0.2506, 0.2497]], device='cuda:1',
       grad_fn=<SoftmaxBackward0>)
tensor([[0.2501, 0.2498, 0.2501, 0.2501],
        [0.2497, 0.2497, 0.2504, 0.2502]], device='cuda:1',
       grad_fn=<SoftmaxBackward0>)
tensor([[0.2499, 0.2499, 0.2501, 0.2501],
        [0.2502, 0.2501, 0.2499, 0.2498],
        [0.2500, 0.2499, 0.2499, 0.2502]], device='cuda:1',
       grad_fn=<SoftmaxBackward0>)
tensor([[0.2504, 0.2499, 0.2497, 0.2500],
        [0.2499, 0.2499, 0.2498, 0.2504],
        [0.2500, 0.2498, 0.2500, 0.2502]], device='cuda:1',
       grad_fn=<SoftmaxBackward0>)
tensor([[0.2501, 0.2503, 0.2497, 0.2500],
        [0.2501, 0.2498, 0.2502, 0.2499],
        [0.2500, 0.2501, 0.2498, 0.2501]], device='cuda:1',
       grad_fn=<SoftmaxBackward0>)
tensor([[0.2496, 0.2504, 0.2502, 0.2498],
        [0.2501, 0.2499, 0.2500, 0.2500],
        [0.2503, 0.2499, 0.2496, 0.2502]], device='cuda:1',
       grad_fn=<SoftmaxBackward0>)
tensor([[0.2502, 0.2498, 0.2504, 0.2496],
        [0.2500, 0.2500, 0.2501, 0.2499],
        [0.2499, 0.2500, 0.2500, 0.2501]], device='cuda:1',
       grad_fn=<SoftmaxBackward0>)
tensor([[0.2501, 0.2501, 0.2500, 0.2498],
        [0.2501, 0.2498, 0.2502, 0.2499]], device='cuda:1',
       grad_fn=<SoftmaxBackward0>)
tensor([[0.2498, 0.2501, 0.2500, 0.2501],
        [0.2500, 0.2503, 0.2499, 0.2498],
        [0.2497, 0.2501, 0.2500, 0.2502]], device='cuda:1',
       grad_fn=<SoftmaxBackward0>)
tensor([[0.2502, 0.2501, 0.2500, 0.2497],
        [0.2496, 0.2501, 0.2501, 0.2502],
        [0.2501, 0.2497, 0.2500, 0.2503]], device='cuda:1',
       grad_fn=<SoftmaxBackward0>)
tensor([[0.2499, 0.2502, 0.2498, 0.2501],
        [0.2502, 0.2500, 0.2501, 0.2496],
        [0.2500, 0.2498, 0.2501, 0.2501]], device='cuda:1',
       grad_fn=<SoftmaxBackward0>)
tensor([[0.2502, 0.2500, 0.2499, 0.2498],
        [0.2497, 0.2497, 0.2502, 0.2505],
        [0.2503, 0.2503, 0.2497, 0.2497]], device='cuda:1',
       grad_fn=<SoftmaxBackward0>)
tensor([[0.2503, 0.2498, 0.2502, 0.2497],
        [0.2502, 0.2497, 0.2501, 0.2500],
        [0.2498, 0.2503, 0.2497, 0.2502]], device='cuda:1',
       grad_fn=<SoftmaxBackward0>)
#####################
05/31 07:13:08AM searchStage_trainer.py:211 [INFO] Train: Epoch: [0][50/390]	Step 50	lr 0.025	Loss 2.1564 (2.2989)	Prec@(1,5) (15.6%, 61.7%)	
05/31 07:13:36AM searchStage_trainer.py:211 [INFO] Train: Epoch: [0][100/390]	Step 100	lr 0.025	Loss 2.2378 (2.2750)	Prec@(1,5) (17.4%, 67.6%)	
05/31 07:14:04AM searchStage_trainer.py:211 [INFO] Train: Epoch: [0][150/390]	Step 150	lr 0.025	Loss 1.8736 (2.1885)	Prec@(1,5) (19.7%, 71.6%)	
05/31 07:14:32AM searchStage_trainer.py:211 [INFO] Train: Epoch: [0][200/390]	Step 200	lr 0.025	Loss 1.9758 (2.1260)	Prec@(1,5) (21.4%, 74.2%)	
05/31 07:15:00AM searchStage_trainer.py:211 [INFO] Train: Epoch: [0][250/390]	Step 250	lr 0.025	Loss 1.7659 (2.0698)	Prec@(1,5) (23.2%, 76.4%)	
05/31 07:15:27AM searchStage_trainer.py:211 [INFO] Train: Epoch: [0][300/390]	Step 300	lr 0.025	Loss 1.7031 (2.0194)	Prec@(1,5) (24.9%, 78.1%)	
05/31 07:15:55AM searchStage_trainer.py:211 [INFO] Train: Epoch: [0][350/390]	Step 350	lr 0.025	Loss 1.5671 (1.9696)	Prec@(1,5) (26.6%, 79.6%)	
05/31 07:16:18AM searchStage_trainer.py:211 [INFO] Train: Epoch: [0][390/390]	Step 390	lr 0.025	Loss 1.5127 (1.9347)	Prec@(1,5) (27.9%, 80.5%)	
05/31 07:16:19AM searchStage_trainer.py:221 [INFO] Train: [  0/49] Final Prec@1 27.9440%
05/31 07:16:24AM searchStage_trainer.py:249 [INFO] Valid: Epoch: [0][50/391]	Step 391	Loss 1.7322	Prec@(1,5) (36.7%, 88.2%)
05/31 07:16:29AM searchStage_trainer.py:249 [INFO] Valid: Epoch: [0][100/391]	Step 391	Loss 1.7397	Prec@(1,5) (37.0%, 88.1%)
05/31 07:16:33AM searchStage_trainer.py:249 [INFO] Valid: Epoch: [0][150/391]	Step 391	Loss 1.7509	Prec@(1,5) (36.7%, 88.0%)
05/31 07:16:38AM searchStage_trainer.py:249 [INFO] Valid: Epoch: [0][200/391]	Step 391	Loss 1.7554	Prec@(1,5) (36.7%, 87.9%)
05/31 07:16:42AM searchStage_trainer.py:249 [INFO] Valid: Epoch: [0][250/391]	Step 391	Loss 1.7528	Prec@(1,5) (36.9%, 87.9%)
05/31 07:16:47AM searchStage_trainer.py:249 [INFO] Valid: Epoch: [0][300/391]	Step 391	Loss 1.7477	Prec@(1,5) (37.2%, 87.9%)
05/31 07:16:52AM searchStage_trainer.py:249 [INFO] Valid: Epoch: [0][350/391]	Step 391	Loss 1.7456	Prec@(1,5) (37.1%, 88.0%)
05/31 07:16:55AM searchStage_trainer.py:249 [INFO] Valid: Epoch: [0][390/391]	Step 391	Loss 1.7515	Prec@(1,5) (36.9%, 87.8%)
05/31 07:16:55AM searchStage_trainer.py:260 [INFO] Valid: [  0/49] Final Prec@1 36.9440%
05/31 07:16:56AM searchStage_main.py:59 [INFO] DAG = Genotype2(DAG1=[[('avg_pool_3x3', 1), ('avg_pool_3x3', 0)], [('avg_pool_3x3', 2), ('avg_pool_3x3', 0)], [('avg_pool_3x3', 2), ('avg_pool_3x3', 3)], [('avg_pool_3x3', 2), ('avg_pool_3x3', 3)], [('avg_pool_3x3', 4), ('avg_pool_3x3', 3)], [('avg_pool_3x3', 4), ('avg_pool_3x3', 6)]], DAG1_concat=range(6, 8), DAG2=[[('skip_connect', 1), ('skip_connect', 0)], [('max_pool_3x3', 2), ('avg_pool_3x3', 0)], [('max_pool_3x3', 2), ('max_pool_3x3', 3)], [('avg_pool_3x3', 4), ('avg_pool_3x3', 2)], [('avg_pool_3x3', 4), ('avg_pool_3x3', 3)], [('skip_connect', 6), ('max_pool_3x3', 4)]], DAG2_concat=range(6, 8), DAG3=[[('max_pool_3x3', 0), ('max_pool_3x3', 1)], [('avg_pool_3x3', 2), ('skip_connect', 0)], [('skip_connect', 3), ('skip_connect', 2)], [('skip_connect', 4), ('skip_connect', 3)], [('skip_connect', 4), ('avg_pool_3x3', 5)], [('skip_connect', 4), ('max_pool_3x3', 5)]], DAG3_concat=range(6, 8))
05/31 07:16:56AM searchStage_main.py:79 [INFO] Until now, best Prec@1 = 36.9440%
####### ALPHA #######
# Alpha - DAG
tensor([[0.2475, 0.2530, 0.2516, 0.2480],
        [0.2485, 0.2536, 0.2514, 0.2465]], device='cuda:1',
       grad_fn=<SoftmaxBackward0>)
tensor([[0.2517, 0.2543, 0.2488, 0.2452],
        [0.2518, 0.2531, 0.2525, 0.2426],
        [0.2483, 0.2574, 0.2478, 0.2465]], device='cuda:1',
       grad_fn=<SoftmaxBackward0>)
tensor([[0.2514, 0.2522, 0.2507, 0.2457],
        [0.2531, 0.2558, 0.2446, 0.2465],
        [0.2549, 0.2559, 0.2453, 0.2440]], device='cuda:1',
       grad_fn=<SoftmaxBackward0>)
tensor([[0.2500, 0.2542, 0.2479, 0.2479],
        [0.2498, 0.2537, 0.2498, 0.2467],
        [0.2516, 0.2541, 0.2480, 0.2463]], device='cuda:1',
       grad_fn=<SoftmaxBackward0>)
tensor([[0.2523, 0.2533, 0.2478, 0.2465],
        [0.2523, 0.2541, 0.2483, 0.2453],
        [0.2506, 0.2520, 0.2465, 0.2509]], device='cuda:1',
       grad_fn=<SoftmaxBackward0>)
tensor([[0.2501, 0.2535, 0.2493, 0.2471],
        [0.2511, 0.2516, 0.2470, 0.2504],
        [0.2506, 0.2530, 0.2491, 0.2474]], device='cuda:1',
       grad_fn=<SoftmaxBackward0>)
tensor([[0.2496, 0.2501, 0.2508, 0.2496],
        [0.2488, 0.2500, 0.2511, 0.2502]], device='cuda:1',
       grad_fn=<SoftmaxBackward0>)
tensor([[0.2500, 0.2507, 0.2501, 0.2492],
        [0.2504, 0.2501, 0.2500, 0.2495],
        [0.2506, 0.2502, 0.2495, 0.2497]], device='cuda:1',
       grad_fn=<SoftmaxBackward0>)
tensor([[0.2506, 0.2499, 0.2492, 0.2502],
        [0.2504, 0.2504, 0.2498, 0.2494],
        [0.2503, 0.2501, 0.2499, 0.2496]], device='cuda:1',
       grad_fn=<SoftmaxBackward0>)
tensor([[0.2497, 0.2507, 0.2496, 0.2500],
        [0.2503, 0.2501, 0.2503, 0.2493],
        [0.2498, 0.2506, 0.2498, 0.2498]], device='cuda:1',
       grad_fn=<SoftmaxBackward0>)
tensor([[0.2496, 0.2507, 0.2503, 0.2494],
        [0.2502, 0.2503, 0.2502, 0.2493],
        [0.2503, 0.2502, 0.2491, 0.2504]], device='cuda:1',
       grad_fn=<SoftmaxBackward0>)
tensor([[0.2506, 0.2495, 0.2502, 0.2497],
        [0.2504, 0.2500, 0.2496, 0.2501],
        [0.2500, 0.2504, 0.2506, 0.2490]], device='cuda:1',
       grad_fn=<SoftmaxBackward0>)
tensor([[0.2506, 0.2501, 0.2499, 0.2494],
        [0.2506, 0.2494, 0.2498, 0.2503]], device='cuda:1',
       grad_fn=<SoftmaxBackward0>)
tensor([[0.2492, 0.2505, 0.2506, 0.2497],
        [0.2498, 0.2505, 0.2499, 0.2498],
        [0.2493, 0.2502, 0.2500, 0.2505]], device='cuda:1',
       grad_fn=<SoftmaxBackward0>)
tensor([[0.2496, 0.2507, 0.2505, 0.2492],
        [0.2494, 0.2500, 0.2502, 0.2504],
        [0.2497, 0.2495, 0.2503, 0.2505]], device='cuda:1',
       grad_fn=<SoftmaxBackward0>)
tensor([[0.2494, 0.2502, 0.2498, 0.2506],
        [0.2498, 0.2500, 0.2503, 0.2498],
        [0.2493, 0.2504, 0.2509, 0.2494]], device='cuda:1',
       grad_fn=<SoftmaxBackward0>)
tensor([[0.2502, 0.2496, 0.2497, 0.2505],
        [0.2481, 0.2502, 0.2517, 0.2501],
        [0.2486, 0.2512, 0.2508, 0.2495]], device='cuda:1',
       grad_fn=<SoftmaxBackward0>)
tensor([[0.2498, 0.2501, 0.2523, 0.2478],
        [0.2503, 0.2495, 0.2496, 0.2506],
        [0.2494, 0.2495, 0.2499, 0.2513]], device='cuda:1',
       grad_fn=<SoftmaxBackward0>)
#####################
05/31 07:17:25午前 searchStage_trainer.py:211 [INFO] Train: Epoch: [1][50/390]	Step 441	lr 0.02498	Loss 1.6304 (1.6298)	Prec@(1,5) (39.2%, 89.2%)	
05/31 07:17:53午前 searchStage_trainer.py:211 [INFO] Train: Epoch: [1][100/390]	Step 491	lr 0.02498	Loss 1.6881 (1.6050)	Prec@(1,5) (40.6%, 89.9%)	
05/31 07:18:22午前 searchStage_trainer.py:211 [INFO] Train: Epoch: [1][150/390]	Step 541	lr 0.02498	Loss 1.6946 (1.5750)	Prec@(1,5) (41.9%, 90.1%)	
05/31 07:18:49午前 searchStage_trainer.py:211 [INFO] Train: Epoch: [1][200/390]	Step 591	lr 0.02498	Loss 1.5651 (1.5602)	Prec@(1,5) (42.6%, 90.2%)	
05/31 07:19:18午前 searchStage_trainer.py:211 [INFO] Train: Epoch: [1][250/390]	Step 641	lr 0.02498	Loss 1.4838 (1.5404)	Prec@(1,5) (43.5%, 90.6%)	
05/31 07:19:45午前 searchStage_trainer.py:211 [INFO] Train: Epoch: [1][300/390]	Step 691	lr 0.02498	Loss 1.3276 (1.5226)	Prec@(1,5) (44.3%, 90.8%)	
05/31 07:20:13午前 searchStage_trainer.py:211 [INFO] Train: Epoch: [1][350/390]	Step 741	lr 0.02498	Loss 1.3161 (1.5051)	Prec@(1,5) (44.9%, 91.1%)	
05/31 07:20:35午前 searchStage_trainer.py:211 [INFO] Train: Epoch: [1][390/390]	Step 781	lr 0.02498	Loss 1.2450 (1.4916)	Prec@(1,5) (45.4%, 91.3%)	
05/31 07:20:36午前 searchStage_trainer.py:221 [INFO] Train: [  1/49] Final Prec@1 45.4240%
05/31 07:20:40午前 searchStage_trainer.py:249 [INFO] Valid: Epoch: [1][50/391]	Step 782	Loss 1.4876	Prec@(1,5) (45.9%, 91.6%)
05/31 07:20:45午前 searchStage_trainer.py:249 [INFO] Valid: Epoch: [1][100/391]	Step 782	Loss 1.4635	Prec@(1,5) (47.1%, 91.7%)
05/31 07:20:50午前 searchStage_trainer.py:249 [INFO] Valid: Epoch: [1][150/391]	Step 782	Loss 1.4594	Prec@(1,5) (47.3%, 91.9%)
05/31 07:20:54午前 searchStage_trainer.py:249 [INFO] Valid: Epoch: [1][200/391]	Step 782	Loss 1.4654	Prec@(1,5) (47.3%, 91.8%)
05/31 07:20:59午前 searchStage_trainer.py:249 [INFO] Valid: Epoch: [1][250/391]	Step 782	Loss 1.4716	Prec@(1,5) (46.9%, 91.8%)
05/31 07:21:04午前 searchStage_trainer.py:249 [INFO] Valid: Epoch: [1][300/391]	Step 782	Loss 1.4700	Prec@(1,5) (47.1%, 91.8%)
05/31 07:21:08午前 searchStage_trainer.py:249 [INFO] Valid: Epoch: [1][350/391]	Step 782	Loss 1.4727	Prec@(1,5) (47.0%, 91.8%)
05/31 07:21:12午前 searchStage_trainer.py:249 [INFO] Valid: Epoch: [1][390/391]	Step 782	Loss 1.4710	Prec@(1,5) (47.0%, 91.9%)
05/31 07:21:12午前 searchStage_trainer.py:260 [INFO] Valid: [  1/49] Final Prec@1 47.0360%
05/31 07:21:12午前 searchStage_main.py:59 [INFO] DAG = Genotype2(DAG1=[[('avg_pool_3x3', 0), ('avg_pool_3x3', 1)], [('avg_pool_3x3', 2), ('avg_pool_3x3', 0)], [('avg_pool_3x3', 3), ('avg_pool_3x3', 2)], [('avg_pool_3x3', 3), ('avg_pool_3x3', 4)], [('avg_pool_3x3', 4), ('avg_pool_3x3', 3)], [('avg_pool_3x3', 6), ('avg_pool_3x3', 4)]], DAG1_concat=range(6, 8), DAG2=[[('skip_connect', 0), ('skip_connect', 1)], [('max_pool_3x3', 2), ('avg_pool_3x3', 0)], [('avg_pool_3x3', 3), ('avg_pool_3x3', 2)], [('avg_pool_3x3', 4), ('avg_pool_3x3', 2)], [('avg_pool_3x3', 4), ('avg_pool_3x3', 5)], [('avg_pool_3x3', 6), ('max_pool_3x3', 5)]], DAG2_concat=range(6, 8), DAG3=[[('max_pool_3x3', 0), ('max_pool_3x3', 1)], [('avg_pool_3x3', 2), ('skip_connect', 0)], [('skip_connect', 3), ('skip_connect', 2)], [('skip_connect', 4), ('skip_connect', 3)], [('skip_connect', 4), ('avg_pool_3x3', 5)], [('skip_connect', 4), ('max_pool_3x3', 5)]], DAG3_concat=range(6, 8))
05/31 07:21:12午前 searchStage_main.py:79 [INFO] Until now, best Prec@1 = 47.0360%
####### ALPHA #######
# Alpha - DAG
tensor([[0.2476, 0.2597, 0.2515, 0.2412],
        [0.2469, 0.2553, 0.2512, 0.2466]], device='cuda:1',
       grad_fn=<SoftmaxBackward0>)
tensor([[0.2530, 0.2590, 0.2507, 0.2373],
        [0.2533, 0.2569, 0.2542, 0.2357],
        [0.2498, 0.2647, 0.2410, 0.2445]], device='cuda:1',
       grad_fn=<SoftmaxBackward0>)
tensor([[0.2542, 0.2543, 0.2505, 0.2410],
        [0.2570, 0.2604, 0.2402, 0.2424],
        [0.2581, 0.2615, 0.2422, 0.2381]], device='cuda:1',
       grad_fn=<SoftmaxBackward0>)
tensor([[0.2491, 0.2577, 0.2480, 0.2452],
        [0.2501, 0.2584, 0.2482, 0.2432],
        [0.2529, 0.2586, 0.2454, 0.2431]], device='cuda:1',
       grad_fn=<SoftmaxBackward0>)
tensor([[0.2536, 0.2565, 0.2467, 0.2432],
        [0.2539, 0.2569, 0.2476, 0.2416],
        [0.2515, 0.2545, 0.2443, 0.2497]], device='cuda:1',
       grad_fn=<SoftmaxBackward0>)
tensor([[0.2512, 0.2560, 0.2471, 0.2457],
        [0.2524, 0.2549, 0.2439, 0.2487],
        [0.2518, 0.2557, 0.2480, 0.2444]], device='cuda:1',
       grad_fn=<SoftmaxBackward0>)
tensor([[0.2496, 0.2498, 0.2516, 0.2490],
        [0.2481, 0.2501, 0.2514, 0.2503]], device='cuda:1',
       grad_fn=<SoftmaxBackward0>)
tensor([[0.2504, 0.2509, 0.2504, 0.2483],
        [0.2501, 0.2502, 0.2503, 0.2495],
        [0.2510, 0.2504, 0.2494, 0.2493]], device='cuda:1',
       grad_fn=<SoftmaxBackward0>)
tensor([[0.2510, 0.2499, 0.2487, 0.2505],
        [0.2507, 0.2507, 0.2496, 0.2490],
        [0.2506, 0.2508, 0.2499, 0.2487]], device='cuda:1',
       grad_fn=<SoftmaxBackward0>)
tensor([[0.2497, 0.2512, 0.2497, 0.2494],
        [0.2502, 0.2503, 0.2505, 0.2490],
        [0.2496, 0.2508, 0.2497, 0.2499]], device='cuda:1',
       grad_fn=<SoftmaxBackward0>)
tensor([[0.2495, 0.2511, 0.2503, 0.2491],
        [0.2498, 0.2510, 0.2510, 0.2482],
        [0.2502, 0.2503, 0.2485, 0.2510]], device='cuda:1',
       grad_fn=<SoftmaxBackward0>)
tensor([[0.2509, 0.2494, 0.2501, 0.2495],
        [0.2507, 0.2498, 0.2489, 0.2506],
        [0.2503, 0.2509, 0.2508, 0.2480]], device='cuda:1',
       grad_fn=<SoftmaxBackward0>)
tensor([[0.2509, 0.2499, 0.2500, 0.2492],
        [0.2508, 0.2490, 0.2496, 0.2505]], device='cuda:1',
       grad_fn=<SoftmaxBackward0>)
tensor([[0.2488, 0.2510, 0.2511, 0.2492],
        [0.2494, 0.2508, 0.2500, 0.2497],
        [0.2489, 0.2503, 0.2499, 0.2510]], device='cuda:1',
       grad_fn=<SoftmaxBackward0>)
tensor([[0.2494, 0.2511, 0.2508, 0.2487],
        [0.2491, 0.2499, 0.2505, 0.2505],
        [0.2495, 0.2494, 0.2504, 0.2506]], device='cuda:1',
       grad_fn=<SoftmaxBackward0>)
tensor([[0.2489, 0.2502, 0.2498, 0.2510],
        [0.2496, 0.2501, 0.2505, 0.2499],
        [0.2488, 0.2508, 0.2515, 0.2489]], device='cuda:1',
       grad_fn=<SoftmaxBackward0>)
tensor([[0.2500, 0.2493, 0.2495, 0.2512],
        [0.2467, 0.2506, 0.2532, 0.2495],
        [0.2471, 0.2519, 0.2516, 0.2494]], device='cuda:1',
       grad_fn=<SoftmaxBackward0>)
tensor([[0.2494, 0.2503, 0.2539, 0.2465],
        [0.2503, 0.2493, 0.2493, 0.2511],
        [0.2489, 0.2489, 0.2501, 0.2521]], device='cuda:1',
       grad_fn=<SoftmaxBackward0>)
#####################
05/31 07:21:41午前 searchStage_trainer.py:211 [INFO] Train: Epoch: [2][50/390]	Step 832	lr 0.02491	Loss 1.2284 (1.3856)	Prec@(1,5) (49.9%, 93.2%)	
05/31 07:22:09午前 searchStage_trainer.py:211 [INFO] Train: Epoch: [2][100/390]	Step 882	lr 0.02491	Loss 1.4147 (1.3660)	Prec@(1,5) (50.3%, 93.4%)	
05/31 07:22:37午前 searchStage_trainer.py:211 [INFO] Train: Epoch: [2][150/390]	Step 932	lr 0.02491	Loss 1.1475 (1.3410)	Prec@(1,5) (51.1%, 93.5%)	
05/31 07:23:05午前 searchStage_trainer.py:211 [INFO] Train: Epoch: [2][200/390]	Step 982	lr 0.02491	Loss 1.4222 (1.3416)	Prec@(1,5) (51.2%, 93.3%)	
05/31 07:23:33午前 searchStage_trainer.py:211 [INFO] Train: Epoch: [2][250/390]	Step 1032	lr 0.02491	Loss 1.3942 (1.3333)	Prec@(1,5) (51.5%, 93.3%)	
05/31 07:24:00午前 searchStage_trainer.py:211 [INFO] Train: Epoch: [2][300/390]	Step 1082	lr 0.02491	Loss 1.3836 (1.3223)	Prec@(1,5) (51.9%, 93.5%)	
05/31 07:24:29午前 searchStage_trainer.py:211 [INFO] Train: Epoch: [2][350/390]	Step 1132	lr 0.02491	Loss 1.2101 (1.3212)	Prec@(1,5) (52.1%, 93.5%)	
05/31 07:24:51午前 searchStage_trainer.py:211 [INFO] Train: Epoch: [2][390/390]	Step 1172	lr 0.02491	Loss 1.2671 (1.3142)	Prec@(1,5) (52.3%, 93.6%)	
05/31 07:24:51午前 searchStage_trainer.py:221 [INFO] Train: [  2/49] Final Prec@1 52.3080%
05/31 07:24:56午前 searchStage_trainer.py:249 [INFO] Valid: Epoch: [2][50/391]	Step 1173	Loss 1.3130	Prec@(1,5) (52.1%, 94.6%)
05/31 07:25:01午前 searchStage_trainer.py:249 [INFO] Valid: Epoch: [2][100/391]	Step 1173	Loss 1.3171	Prec@(1,5) (53.0%, 94.4%)
05/31 07:25:05午前 searchStage_trainer.py:249 [INFO] Valid: Epoch: [2][150/391]	Step 1173	Loss 1.3168	Prec@(1,5) (52.6%, 94.2%)
05/31 07:25:10午前 searchStage_trainer.py:249 [INFO] Valid: Epoch: [2][200/391]	Step 1173	Loss 1.3140	Prec@(1,5) (52.7%, 94.2%)
05/31 07:25:15午前 searchStage_trainer.py:249 [INFO] Valid: Epoch: [2][250/391]	Step 1173	Loss 1.3164	Prec@(1,5) (52.5%, 94.2%)
05/31 07:25:19午前 searchStage_trainer.py:249 [INFO] Valid: Epoch: [2][300/391]	Step 1173	Loss 1.3248	Prec@(1,5) (52.2%, 94.1%)
05/31 07:25:24午前 searchStage_trainer.py:249 [INFO] Valid: Epoch: [2][350/391]	Step 1173	Loss 1.3208	Prec@(1,5) (52.4%, 94.1%)
05/31 07:25:28午前 searchStage_trainer.py:249 [INFO] Valid: Epoch: [2][390/391]	Step 1173	Loss 1.3208	Prec@(1,5) (52.4%, 94.2%)
05/31 07:25:28午前 searchStage_trainer.py:260 [INFO] Valid: [  2/49] Final Prec@1 52.4240%
05/31 07:25:28午前 searchStage_main.py:59 [INFO] DAG = Genotype2(DAG1=[[('avg_pool_3x3', 0), ('avg_pool_3x3', 1)], [('avg_pool_3x3', 2), ('avg_pool_3x3', 0)], [('avg_pool_3x3', 3), ('avg_pool_3x3', 2)], [('avg_pool_3x3', 4), ('avg_pool_3x3', 3)], [('avg_pool_3x3', 4), ('avg_pool_3x3', 3)], [('avg_pool_3x3', 6), ('avg_pool_3x3', 4)]], DAG1_concat=range(6, 8), DAG2=[[('skip_connect', 0), ('skip_connect', 1)], [('avg_pool_3x3', 2), ('avg_pool_3x3', 0)], [('avg_pool_3x3', 3), ('avg_pool_3x3', 2)], [('avg_pool_3x3', 4), ('max_pool_3x3', 3)], [('avg_pool_3x3', 5), ('avg_pool_3x3', 4)], [('avg_pool_3x3', 6), ('max_pool_3x3', 5)]], DAG2_concat=range(6, 8), DAG3=[[('max_pool_3x3', 0), ('max_pool_3x3', 1)], [('avg_pool_3x3', 2), ('skip_connect', 0)], [('skip_connect', 3), ('skip_connect', 2)], [('skip_connect', 4), ('skip_connect', 3)], [('skip_connect', 4), ('avg_pool_3x3', 5)], [('skip_connect', 4), ('skip_connect', 6)]], DAG3_concat=range(6, 8))
05/31 07:25:28午前 searchStage_main.py:79 [INFO] Until now, best Prec@1 = 52.4240%
####### ALPHA #######
# Alpha - DAG
tensor([[0.2472, 0.2644, 0.2496, 0.2388],
        [0.2463, 0.2603, 0.2514, 0.2420]], device='cuda:1',
       grad_fn=<SoftmaxBackward0>)
tensor([[0.2548, 0.2622, 0.2515, 0.2315],
        [0.2547, 0.2603, 0.2542, 0.2307],
        [0.2527, 0.2707, 0.2375, 0.2392]], device='cuda:1',
       grad_fn=<SoftmaxBackward0>)
tensor([[0.2546, 0.2576, 0.2500, 0.2377],
        [0.2598, 0.2644, 0.2365, 0.2392],
        [0.2611, 0.2671, 0.2402, 0.2316]], device='cuda:1',
       grad_fn=<SoftmaxBackward0>)
tensor([[0.2482, 0.2606, 0.2473, 0.2439],
        [0.2504, 0.2618, 0.2473, 0.2406],
        [0.2548, 0.2631, 0.2434, 0.2386]], device='cuda:1',
       grad_fn=<SoftmaxBackward0>)
tensor([[0.2551, 0.2596, 0.2435, 0.2417],
        [0.2555, 0.2605, 0.2477, 0.2363],
        [0.2517, 0.2575, 0.2421, 0.2488]], device='cuda:1',
       grad_fn=<SoftmaxBackward0>)
tensor([[0.2521, 0.2583, 0.2468, 0.2428],
        [0.2540, 0.2569, 0.2436, 0.2456],
        [0.2533, 0.2584, 0.2441, 0.2443]], device='cuda:1',
       grad_fn=<SoftmaxBackward0>)
tensor([[0.2497, 0.2496, 0.2515, 0.2491],
        [0.2482, 0.2508, 0.2512, 0.2497]], device='cuda:1',
       grad_fn=<SoftmaxBackward0>)
tensor([[0.2497, 0.2512, 0.2511, 0.2480],
        [0.2492, 0.2511, 0.2506, 0.2490],
        [0.2504, 0.2510, 0.2496, 0.2490]], device='cuda:1',
       grad_fn=<SoftmaxBackward0>)
tensor([[0.2507, 0.2499, 0.2486, 0.2508],
        [0.2508, 0.2510, 0.2497, 0.2485],
        [0.2505, 0.2511, 0.2500, 0.2484]], device='cuda:1',
       grad_fn=<SoftmaxBackward0>)
tensor([[0.2501, 0.2514, 0.2494, 0.2491],
        [0.2503, 0.2503, 0.2503, 0.2491],
        [0.2499, 0.2510, 0.2495, 0.2497]], device='cuda:1',
       grad_fn=<SoftmaxBackward0>)
tensor([[0.2498, 0.2512, 0.2499, 0.2491],
        [0.2500, 0.2513, 0.2510, 0.2477],
        [0.2504, 0.2506, 0.2481, 0.2508]], device='cuda:1',
       grad_fn=<SoftmaxBackward0>)
tensor([[0.2511, 0.2496, 0.2502, 0.2491],
        [0.2511, 0.2497, 0.2480, 0.2512],
        [0.2505, 0.2514, 0.2510, 0.2472]], device='cuda:1',
       grad_fn=<SoftmaxBackward0>)
tensor([[0.2512, 0.2496, 0.2499, 0.2493],
        [0.2512, 0.2488, 0.2496, 0.2504]], device='cuda:1',
       grad_fn=<SoftmaxBackward0>)
tensor([[0.2485, 0.2512, 0.2514, 0.2490],
        [0.2492, 0.2509, 0.2502, 0.2496],
        [0.2486, 0.2503, 0.2499, 0.2512]], device='cuda:1',
       grad_fn=<SoftmaxBackward0>)
tensor([[0.2492, 0.2515, 0.2510, 0.2482],
        [0.2490, 0.2498, 0.2504, 0.2507],
        [0.2494, 0.2493, 0.2507, 0.2506]], device='cuda:1',
       grad_fn=<SoftmaxBackward0>)
tensor([[0.2486, 0.2502, 0.2498, 0.2514],
        [0.2492, 0.2501, 0.2507, 0.2500],
        [0.2484, 0.2511, 0.2521, 0.2485]], device='cuda:1',
       grad_fn=<SoftmaxBackward0>)
tensor([[0.2499, 0.2490, 0.2494, 0.2517],
        [0.2455, 0.2510, 0.2544, 0.2491],
        [0.2460, 0.2524, 0.2523, 0.2493]], device='cuda:1',
       grad_fn=<SoftmaxBackward0>)
tensor([[0.2490, 0.2505, 0.2553, 0.2453],
        [0.2503, 0.2491, 0.2490, 0.2517],
        [0.2484, 0.2484, 0.2505, 0.2527]], device='cuda:1',
       grad_fn=<SoftmaxBackward0>)
#####################
05/31 07:25:57午前 searchStage_trainer.py:211 [INFO] Train: Epoch: [3][50/390]	Step 1223	lr 0.02479	Loss 1.1635 (1.2099)	Prec@(1,5) (56.6%, 95.1%)	
05/31 07:26:25午前 searchStage_trainer.py:211 [INFO] Train: Epoch: [3][100/390]	Step 1273	lr 0.02479	Loss 1.1119 (1.2033)	Prec@(1,5) (56.5%, 95.0%)	
05/31 07:26:53午前 searchStage_trainer.py:211 [INFO] Train: Epoch: [3][150/390]	Step 1323	lr 0.02479	Loss 0.9747 (1.1980)	Prec@(1,5) (56.8%, 95.1%)	
05/31 07:27:21午前 searchStage_trainer.py:211 [INFO] Train: Epoch: [3][200/390]	Step 1373	lr 0.02479	Loss 1.1847 (1.1944)	Prec@(1,5) (56.7%, 95.0%)	
05/31 07:27:49午前 searchStage_trainer.py:211 [INFO] Train: Epoch: [3][250/390]	Step 1423	lr 0.02479	Loss 1.3560 (1.1947)	Prec@(1,5) (56.8%, 94.9%)	
05/31 07:28:16午前 searchStage_trainer.py:211 [INFO] Train: Epoch: [3][300/390]	Step 1473	lr 0.02479	Loss 1.3724 (1.1884)	Prec@(1,5) (57.1%, 95.0%)	
05/31 07:28:44午前 searchStage_trainer.py:211 [INFO] Train: Epoch: [3][350/390]	Step 1523	lr 0.02479	Loss 1.3220 (1.1851)	Prec@(1,5) (57.2%, 95.0%)	
05/31 07:29:07午前 searchStage_trainer.py:211 [INFO] Train: Epoch: [3][390/390]	Step 1563	lr 0.02479	Loss 1.2453 (1.1789)	Prec@(1,5) (57.5%, 95.1%)	
05/31 07:29:07午前 searchStage_trainer.py:221 [INFO] Train: [  3/49] Final Prec@1 57.5760%
05/31 07:29:12午前 searchStage_trainer.py:249 [INFO] Valid: Epoch: [3][50/391]	Step 1564	Loss 1.1837	Prec@(1,5) (58.1%, 95.8%)
05/31 07:29:16午前 searchStage_trainer.py:249 [INFO] Valid: Epoch: [3][100/391]	Step 1564	Loss 1.2061	Prec@(1,5) (56.6%, 95.5%)
05/31 07:29:21午前 searchStage_trainer.py:249 [INFO] Valid: Epoch: [3][150/391]	Step 1564	Loss 1.2081	Prec@(1,5) (56.7%, 95.5%)
05/31 07:29:26午前 searchStage_trainer.py:249 [INFO] Valid: Epoch: [3][200/391]	Step 1564	Loss 1.2148	Prec@(1,5) (56.4%, 95.5%)
05/31 07:29:30午前 searchStage_trainer.py:249 [INFO] Valid: Epoch: [3][250/391]	Step 1564	Loss 1.2122	Prec@(1,5) (56.4%, 95.4%)
05/31 07:29:35午前 searchStage_trainer.py:249 [INFO] Valid: Epoch: [3][300/391]	Step 1564	Loss 1.2071	Prec@(1,5) (56.6%, 95.4%)
05/31 07:29:39午前 searchStage_trainer.py:249 [INFO] Valid: Epoch: [3][350/391]	Step 1564	Loss 1.2048	Prec@(1,5) (56.8%, 95.5%)
05/31 07:29:43午前 searchStage_trainer.py:249 [INFO] Valid: Epoch: [3][390/391]	Step 1564	Loss 1.2016	Prec@(1,5) (56.9%, 95.5%)
05/31 07:29:43午前 searchStage_trainer.py:260 [INFO] Valid: [  3/49] Final Prec@1 56.9040%
05/31 07:29:43午前 searchStage_main.py:59 [INFO] DAG = Genotype2(DAG1=[[('avg_pool_3x3', 0), ('avg_pool_3x3', 1)], [('avg_pool_3x3', 2), ('avg_pool_3x3', 0)], [('avg_pool_3x3', 3), ('avg_pool_3x3', 2)], [('avg_pool_3x3', 4), ('avg_pool_3x3', 3)], [('avg_pool_3x3', 4), ('avg_pool_3x3', 5)], [('avg_pool_3x3', 6), ('avg_pool_3x3', 5)]], DAG1_concat=range(6, 8), DAG2=[[('skip_connect', 0), ('skip_connect', 1)], [('avg_pool_3x3', 2), ('skip_connect', 0)], [('avg_pool_3x3', 3), ('avg_pool_3x3', 2)], [('avg_pool_3x3', 4), ('max_pool_3x3', 3)], [('max_pool_3x3', 5), ('avg_pool_3x3', 4)], [('avg_pool_3x3', 6), ('max_pool_3x3', 5)]], DAG2_concat=range(6, 8), DAG3=[[('max_pool_3x3', 0), ('max_pool_3x3', 1)], [('avg_pool_3x3', 2), ('skip_connect', 0)], [('skip_connect', 3), ('skip_connect', 2)], [('skip_connect', 4), ('skip_connect', 3)], [('avg_pool_3x3', 5), ('skip_connect', 4)], [('skip_connect', 4), ('skip_connect', 6)]], DAG3_concat=range(6, 8))
05/31 07:29:44午前 searchStage_main.py:79 [INFO] Until now, best Prec@1 = 56.9040%
####### ALPHA #######
# Alpha - DAG
tensor([[0.2449, 0.2705, 0.2514, 0.2333],
        [0.2453, 0.2624, 0.2524, 0.2400]], device='cuda:1',
       grad_fn=<SoftmaxBackward0>)
tensor([[0.2565, 0.2645, 0.2507, 0.2283],
        [0.2570, 0.2635, 0.2555, 0.2241],
        [0.2540, 0.2759, 0.2353, 0.2349]], device='cuda:1',
       grad_fn=<SoftmaxBackward0>)
tensor([[0.2564, 0.2593, 0.2500, 0.2343],
        [0.2622, 0.2669, 0.2340, 0.2368],
        [0.2638, 0.2714, 0.2387, 0.2261]], device='cuda:1',
       grad_fn=<SoftmaxBackward0>)
tensor([[0.2488, 0.2636, 0.2467, 0.2409],
        [0.2514, 0.2636, 0.2450, 0.2400],
        [0.2559, 0.2665, 0.2429, 0.2348]], device='cuda:1',
       grad_fn=<SoftmaxBackward0>)
tensor([[0.2551, 0.2626, 0.2425, 0.2397],
        [0.2561, 0.2634, 0.2467, 0.2338],
        [0.2527, 0.2603, 0.2407, 0.2463]], device='cuda:1',
       grad_fn=<SoftmaxBackward0>)
tensor([[0.2537, 0.2602, 0.2449, 0.2412],
        [0.2551, 0.2594, 0.2420, 0.2435],
        [0.2549, 0.2609, 0.2420, 0.2423]], device='cuda:1',
       grad_fn=<SoftmaxBackward0>)
tensor([[0.2499, 0.2494, 0.2519, 0.2488],
        [0.2483, 0.2510, 0.2510, 0.2497]], device='cuda:1',
       grad_fn=<SoftmaxBackward0>)
tensor([[0.2499, 0.2507, 0.2511, 0.2483],
        [0.2498, 0.2512, 0.2506, 0.2484],
        [0.2508, 0.2513, 0.2492, 0.2487]], device='cuda:1',
       grad_fn=<SoftmaxBackward0>)
tensor([[0.2508, 0.2496, 0.2484, 0.2512],
        [0.2508, 0.2513, 0.2500, 0.2480],
        [0.2504, 0.2512, 0.2501, 0.2483]], device='cuda:1',
       grad_fn=<SoftmaxBackward0>)
tensor([[0.2501, 0.2515, 0.2493, 0.2491],
        [0.2505, 0.2503, 0.2501, 0.2491],
        [0.2499, 0.2512, 0.2495, 0.2494]], device='cuda:1',
       grad_fn=<SoftmaxBackward0>)
tensor([[0.2498, 0.2515, 0.2503, 0.2484],
        [0.2500, 0.2515, 0.2511, 0.2474],
        [0.2506, 0.2506, 0.2475, 0.2513]], device='cuda:1',
       grad_fn=<SoftmaxBackward0>)
tensor([[0.2512, 0.2496, 0.2500, 0.2492],
        [0.2514, 0.2498, 0.2474, 0.2514],
        [0.2506, 0.2517, 0.2512, 0.2465]], device='cuda:1',
       grad_fn=<SoftmaxBackward0>)
tensor([[0.2512, 0.2495, 0.2501, 0.2492],
        [0.2512, 0.2486, 0.2496, 0.2506]], device='cuda:1',
       grad_fn=<SoftmaxBackward0>)
tensor([[0.2483, 0.2514, 0.2517, 0.2486],
        [0.2491, 0.2510, 0.2503, 0.2496],
        [0.2484, 0.2503, 0.2499, 0.2514]], device='cuda:1',
       grad_fn=<SoftmaxBackward0>)
tensor([[0.2490, 0.2517, 0.2513, 0.2479],
        [0.2489, 0.2498, 0.2505, 0.2508],
        [0.2493, 0.2493, 0.2508, 0.2506]], device='cuda:1',
       grad_fn=<SoftmaxBackward0>)
tensor([[0.2483, 0.2502, 0.2498, 0.2517],
        [0.2489, 0.2501, 0.2509, 0.2501],
        [0.2480, 0.2513, 0.2525, 0.2482]], device='cuda:1',
       grad_fn=<SoftmaxBackward0>)
tensor([[0.2497, 0.2489, 0.2492, 0.2521],
        [0.2446, 0.2513, 0.2553, 0.2488],
        [0.2450, 0.2529, 0.2528, 0.2493]], device='cuda:1',
       grad_fn=<SoftmaxBackward0>)
tensor([[0.2486, 0.2507, 0.2565, 0.2443],
        [0.2502, 0.2490, 0.2487, 0.2521],
        [0.2481, 0.2480, 0.2507, 0.2532]], device='cuda:1',
       grad_fn=<SoftmaxBackward0>)
#####################
05/31 07:30:13午前 searchStage_trainer.py:211 [INFO] Train: Epoch: [4][50/390]	Step 1614	lr 0.02462	Loss 0.9367 (1.1054)	Prec@(1,5) (60.7%, 95.7%)	
05/31 07:30:41午前 searchStage_trainer.py:211 [INFO] Train: Epoch: [4][100/390]	Step 1664	lr 0.02462	Loss 1.1288 (1.0871)	Prec@(1,5) (61.3%, 95.8%)	
05/31 07:31:09午前 searchStage_trainer.py:211 [INFO] Train: Epoch: [4][150/390]	Step 1714	lr 0.02462	Loss 0.9532 (1.0795)	Prec@(1,5) (61.3%, 96.0%)	
05/31 07:31:37午前 searchStage_trainer.py:211 [INFO] Train: Epoch: [4][200/390]	Step 1764	lr 0.02462	Loss 1.1794 (1.0784)	Prec@(1,5) (61.7%, 96.0%)	
05/31 07:32:05午前 searchStage_trainer.py:211 [INFO] Train: Epoch: [4][250/390]	Step 1814	lr 0.02462	Loss 1.0294 (1.0790)	Prec@(1,5) (61.7%, 95.9%)	
05/31 07:32:32午前 searchStage_trainer.py:211 [INFO] Train: Epoch: [4][300/390]	Step 1864	lr 0.02462	Loss 1.0384 (1.0770)	Prec@(1,5) (61.7%, 95.9%)	
05/31 07:33:00午前 searchStage_trainer.py:211 [INFO] Train: Epoch: [4][350/390]	Step 1914	lr 0.02462	Loss 1.4290 (1.0713)	Prec@(1,5) (62.0%, 96.0%)	
05/31 07:33:22午前 searchStage_trainer.py:211 [INFO] Train: Epoch: [4][390/390]	Step 1954	lr 0.02462	Loss 1.0139 (1.0704)	Prec@(1,5) (61.9%, 96.0%)	
05/31 07:33:23午前 searchStage_trainer.py:221 [INFO] Train: [  4/49] Final Prec@1 61.9080%
05/31 07:33:28午前 searchStage_trainer.py:249 [INFO] Valid: Epoch: [4][50/391]	Step 1955	Loss 1.0670	Prec@(1,5) (62.4%, 96.3%)
05/31 07:33:32午前 searchStage_trainer.py:249 [INFO] Valid: Epoch: [4][100/391]	Step 1955	Loss 1.0744	Prec@(1,5) (61.8%, 96.1%)
05/31 07:33:37午前 searchStage_trainer.py:249 [INFO] Valid: Epoch: [4][150/391]	Step 1955	Loss 1.0735	Prec@(1,5) (61.7%, 96.3%)
05/31 07:33:41午前 searchStage_trainer.py:249 [INFO] Valid: Epoch: [4][200/391]	Step 1955	Loss 1.0609	Prec@(1,5) (62.2%, 96.4%)
05/31 07:33:46午前 searchStage_trainer.py:249 [INFO] Valid: Epoch: [4][250/391]	Step 1955	Loss 1.0608	Prec@(1,5) (62.2%, 96.4%)
05/31 07:33:51午前 searchStage_trainer.py:249 [INFO] Valid: Epoch: [4][300/391]	Step 1955	Loss 1.0611	Prec@(1,5) (62.1%, 96.5%)
05/31 07:33:55午前 searchStage_trainer.py:249 [INFO] Valid: Epoch: [4][350/391]	Step 1955	Loss 1.0616	Prec@(1,5) (62.2%, 96.4%)
05/31 07:33:59午前 searchStage_trainer.py:249 [INFO] Valid: Epoch: [4][390/391]	Step 1955	Loss 1.0593	Prec@(1,5) (62.3%, 96.4%)
05/31 07:33:59午前 searchStage_trainer.py:260 [INFO] Valid: [  4/49] Final Prec@1 62.3200%
05/31 07:33:59午前 searchStage_main.py:59 [INFO] DAG = Genotype2(DAG1=[[('avg_pool_3x3', 0), ('avg_pool_3x3', 1)], [('avg_pool_3x3', 2), ('avg_pool_3x3', 0)], [('avg_pool_3x3', 3), ('avg_pool_3x3', 2)], [('avg_pool_3x3', 4), ('avg_pool_3x3', 3)], [('avg_pool_3x3', 4), ('avg_pool_3x3', 5)], [('avg_pool_3x3', 6), ('avg_pool_3x3', 5)]], DAG1_concat=range(6, 8), DAG2=[[('skip_connect', 0), ('skip_connect', 1)], [('avg_pool_3x3', 2), ('avg_pool_3x3', 1)], [('avg_pool_3x3', 3), ('avg_pool_3x3', 2)], [('avg_pool_3x3', 4), ('max_pool_3x3', 3)], [('max_pool_3x3', 5), ('avg_pool_3x3', 4)], [('avg_pool_3x3', 6), ('max_pool_3x3', 5)]], DAG2_concat=range(6, 8), DAG3=[[('max_pool_3x3', 0), ('max_pool_3x3', 1)], [('avg_pool_3x3', 2), ('skip_connect', 0)], [('skip_connect', 3), ('skip_connect', 2)], [('skip_connect', 4), ('skip_connect', 3)], [('skip_connect', 5), ('skip_connect', 4)], [('skip_connect', 6), ('skip_connect', 4)]], DAG3_concat=range(6, 8))
05/31 07:33:59午前 searchStage_main.py:79 [INFO] Until now, best Prec@1 = 62.3200%
####### ALPHA #######
# Alpha - DAG
tensor([[0.2463, 0.2743, 0.2495, 0.2299],
        [0.2452, 0.2652, 0.2529, 0.2367]], device='cuda:1',
       grad_fn=<SoftmaxBackward0>)
tensor([[0.2565, 0.2666, 0.2519, 0.2250],
        [0.2579, 0.2665, 0.2559, 0.2197],
        [0.2556, 0.2796, 0.2336, 0.2311]], device='cuda:1',
       grad_fn=<SoftmaxBackward0>)
tensor([[0.2570, 0.2608, 0.2505, 0.2317],
        [0.2636, 0.2691, 0.2326, 0.2347],
        [0.2663, 0.2741, 0.2374, 0.2222]], device='cuda:1',
       grad_fn=<SoftmaxBackward0>)
tensor([[0.2498, 0.2656, 0.2458, 0.2388],
        [0.2525, 0.2652, 0.2433, 0.2390],
        [0.2571, 0.2684, 0.2420, 0.2325]], device='cuda:1',
       grad_fn=<SoftmaxBackward0>)
tensor([[0.2557, 0.2645, 0.2419, 0.2379],
        [0.2570, 0.2657, 0.2463, 0.2309],
        [0.2531, 0.2621, 0.2389, 0.2459]], device='cuda:1',
       grad_fn=<SoftmaxBackward0>)
tensor([[0.2543, 0.2617, 0.2450, 0.2390],
        [0.2557, 0.2607, 0.2410, 0.2427],
        [0.2559, 0.2630, 0.2407, 0.2405]], device='cuda:1',
       grad_fn=<SoftmaxBackward0>)
tensor([[0.2497, 0.2494, 0.2522, 0.2487],
        [0.2481, 0.2508, 0.2514, 0.2497]], device='cuda:1',
       grad_fn=<SoftmaxBackward0>)
tensor([[0.2498, 0.2507, 0.2511, 0.2484],
        [0.2502, 0.2515, 0.2508, 0.2475],
        [0.2506, 0.2514, 0.2491, 0.2489]], device='cuda:1',
       grad_fn=<SoftmaxBackward0>)
tensor([[0.2512, 0.2499, 0.2483, 0.2506],
        [0.2509, 0.2512, 0.2500, 0.2479],
        [0.2505, 0.2511, 0.2500, 0.2484]], device='cuda:1',
       grad_fn=<SoftmaxBackward0>)
tensor([[0.2501, 0.2514, 0.2494, 0.2492],
        [0.2507, 0.2504, 0.2500, 0.2489],
        [0.2500, 0.2512, 0.2495, 0.2493]], device='cuda:1',
       grad_fn=<SoftmaxBackward0>)
tensor([[0.2499, 0.2518, 0.2505, 0.2478],
        [0.2500, 0.2517, 0.2508, 0.2474],
        [0.2508, 0.2505, 0.2472, 0.2515]], device='cuda:1',
       grad_fn=<SoftmaxBackward0>)
tensor([[0.2516, 0.2495, 0.2498, 0.2492],
        [0.2516, 0.2496, 0.2473, 0.2515],
        [0.2509, 0.2520, 0.2510, 0.2462]], device='cuda:1',
       grad_fn=<SoftmaxBackward0>)
tensor([[0.2514, 0.2495, 0.2502, 0.2489],
        [0.2512, 0.2484, 0.2496, 0.2508]], device='cuda:1',
       grad_fn=<SoftmaxBackward0>)
tensor([[0.2482, 0.2517, 0.2518, 0.2483],
        [0.2488, 0.2510, 0.2505, 0.2497],
        [0.2482, 0.2503, 0.2499, 0.2515]], device='cuda:1',
       grad_fn=<SoftmaxBackward0>)
tensor([[0.2488, 0.2520, 0.2516, 0.2477],
        [0.2488, 0.2497, 0.2505, 0.2509],
        [0.2491, 0.2493, 0.2509, 0.2507]], device='cuda:1',
       grad_fn=<SoftmaxBackward0>)
tensor([[0.2481, 0.2502, 0.2498, 0.2519],
        [0.2487, 0.2501, 0.2510, 0.2501],
        [0.2478, 0.2515, 0.2527, 0.2481]], device='cuda:1',
       grad_fn=<SoftmaxBackward0>)
tensor([[0.2496, 0.2487, 0.2492, 0.2525],
        [0.2439, 0.2514, 0.2561, 0.2486],
        [0.2443, 0.2532, 0.2532, 0.2492]], device='cuda:1',
       grad_fn=<SoftmaxBackward0>)
tensor([[0.2483, 0.2508, 0.2575, 0.2434],
        [0.2503, 0.2488, 0.2485, 0.2524],
        [0.2478, 0.2477, 0.2509, 0.2536]], device='cuda:1',
       grad_fn=<SoftmaxBackward0>)
#####################
05/31 07:34:29午前 searchStage_trainer.py:211 [INFO] Train: Epoch: [5][50/390]	Step 2005	lr 0.02441	Loss 1.0159 (0.9934)	Prec@(1,5) (64.1%, 96.5%)	
05/31 07:34:57午前 searchStage_trainer.py:211 [INFO] Train: Epoch: [5][100/390]	Step 2055	lr 0.02441	Loss 0.9761 (1.0177)	Prec@(1,5) (63.6%, 96.6%)	
05/31 07:35:25午前 searchStage_trainer.py:211 [INFO] Train: Epoch: [5][150/390]	Step 2105	lr 0.02441	Loss 1.0453 (1.0004)	Prec@(1,5) (64.2%, 96.7%)	
05/31 07:35:53午前 searchStage_trainer.py:211 [INFO] Train: Epoch: [5][200/390]	Step 2155	lr 0.02441	Loss 1.0004 (0.9948)	Prec@(1,5) (64.6%, 96.6%)	
05/31 07:36:21午前 searchStage_trainer.py:211 [INFO] Train: Epoch: [5][250/390]	Step 2205	lr 0.02441	Loss 0.8917 (0.9812)	Prec@(1,5) (65.1%, 96.8%)	
05/31 07:36:48午前 searchStage_trainer.py:211 [INFO] Train: Epoch: [5][300/390]	Step 2255	lr 0.02441	Loss 1.1080 (0.9794)	Prec@(1,5) (65.3%, 96.7%)	
05/31 07:37:16午前 searchStage_trainer.py:211 [INFO] Train: Epoch: [5][350/390]	Step 2305	lr 0.02441	Loss 0.9727 (0.9763)	Prec@(1,5) (65.5%, 96.8%)	
05/31 07:37:39午前 searchStage_trainer.py:211 [INFO] Train: Epoch: [5][390/390]	Step 2345	lr 0.02441	Loss 1.2893 (0.9770)	Prec@(1,5) (65.4%, 96.8%)	
05/31 07:37:39午前 searchStage_trainer.py:221 [INFO] Train: [  5/49] Final Prec@1 65.4040%
05/31 07:37:44午前 searchStage_trainer.py:249 [INFO] Valid: Epoch: [5][50/391]	Step 2346	Loss 1.0717	Prec@(1,5) (61.3%, 96.2%)
05/31 07:37:48午前 searchStage_trainer.py:249 [INFO] Valid: Epoch: [5][100/391]	Step 2346	Loss 1.0410	Prec@(1,5) (62.1%, 96.3%)
05/31 07:37:53午前 searchStage_trainer.py:249 [INFO] Valid: Epoch: [5][150/391]	Step 2346	Loss 1.0443	Prec@(1,5) (62.1%, 96.4%)
05/31 07:37:58午前 searchStage_trainer.py:249 [INFO] Valid: Epoch: [5][200/391]	Step 2346	Loss 1.0426	Prec@(1,5) (62.3%, 96.2%)
