05/28 05:19:30PM parser.py:28 [INFO] 
05/28 05:19:30PM parser.py:29 [INFO] Parameters:
05/28 05:19:30PM parser.py:31 [INFO] DAG_PATH=results/search_Stage/CIFAR10/PRET_MNIST/EXP-20240528-171930/DAG
05/28 05:19:30PM parser.py:31 [INFO] ALPHA_LR=0.0003
05/28 05:19:30PM parser.py:31 [INFO] ALPHA_WEIGHT_DECAY=0.001
05/28 05:19:30PM parser.py:31 [INFO] BATCH_SIZE=64
05/28 05:19:30PM parser.py:31 [INFO] CHECKPOINT_RESET=True
05/28 05:19:30PM parser.py:31 [INFO] DATA_PATH=../data/
05/28 05:19:30PM parser.py:31 [INFO] DATASET=CIFAR10
05/28 05:19:30PM parser.py:31 [INFO] EPOCHS=50
05/28 05:19:30PM parser.py:31 [INFO] EXP_NAME=EXP-20240528-171930
05/28 05:19:30PM parser.py:31 [INFO] GENOTYPE=Genotype(normal=[[('sep_conv_3x3', 1), ('sep_conv_3x3', 0)], [('skip_connect', 0), ('sep_conv_3x3', 1)], [('skip_connect', 0), ('sep_conv_3x3', 1)], [('sep_conv_3x3', 0), ('skip_connect', 2)]], normal_concat=[2, 3, 4, 5], reduce=[[('max_pool_3x3', 0), ('max_pool_3x3', 1)], [('skip_connect', 2), ('max_pool_3x3', 0)], [('max_pool_3x3', 0), ('skip_connect', 2)], [('skip_connect', 2), ('avg_pool_3x3', 0)]], reduce_concat=[2, 3, 4, 5])
05/28 05:19:30PM parser.py:31 [INFO] GPUS=[0]
05/28 05:19:30PM parser.py:31 [INFO] INIT_CHANNELS=16
05/28 05:19:30PM parser.py:31 [INFO] LAYERS=20
05/28 05:19:30PM parser.py:31 [INFO] LOCAL_RANK=0
05/28 05:19:30PM parser.py:31 [INFO] LOGGER=<Logger H-DAS (INFO)>
05/28 05:19:30PM parser.py:31 [INFO] NAME=PRET_MNIST
05/28 05:19:30PM parser.py:31 [INFO] PATH=results/search_Stage/CIFAR10/PRET_MNIST/EXP-20240528-171930
05/28 05:19:30PM parser.py:31 [INFO] PRINT_FREQ=50
05/28 05:19:30PM parser.py:31 [INFO] RESUME_PATH=/home/miura/lab/research-hdas/results/search_Stage/mnist/SCRATCH/EXP-20240527-152425/best.pth.tar
05/28 05:19:30PM parser.py:31 [INFO] SAVE=EXP
05/28 05:19:30PM parser.py:31 [INFO] SEED=0
05/28 05:19:30PM parser.py:31 [INFO] SHARE_STAGE=True
05/28 05:19:30PM parser.py:31 [INFO] TRAIN_PORTION=0.5
05/28 05:19:30PM parser.py:31 [INFO] W_GRAD_CLIP=5.0
05/28 05:19:30PM parser.py:31 [INFO] W_LR=0.025
05/28 05:19:30PM parser.py:31 [INFO] W_LR_MIN=0.001
05/28 05:19:30PM parser.py:31 [INFO] W_MOMENTUM=0.9
05/28 05:19:30PM parser.py:31 [INFO] W_WEIGHT_DECAY=0.0003
05/28 05:19:30PM parser.py:31 [INFO] WORKERS=4
05/28 05:19:30PM parser.py:32 [INFO] 
05/28 05:19:32PM searchStage_trainer.py:110 [INFO] --> Loaded checkpoint '/home/miura/lab/research-hdas/results/search_Stage/mnist/SCRATCH/EXP-20240527-152425/best.pth.tar'(Reseted epoch 0)
####### ALPHA #######
# Alpha - DAG
tensor([[0.2445, 0.2730, 0.2468, 0.2357],
        [0.2325, 0.3027, 0.2512, 0.2136]], device='cuda:0',
       grad_fn=<SoftmaxBackward0>)
tensor([[0.2292, 0.2859, 0.2699, 0.2150],
        [0.2478, 0.2841, 0.2568, 0.2112],
        [0.2576, 0.2967, 0.2204, 0.2253]], device='cuda:0',
       grad_fn=<SoftmaxBackward0>)
tensor([[0.2585, 0.2859, 0.2448, 0.2108],
        [0.2648, 0.2872, 0.2343, 0.2137],
        [0.2585, 0.2823, 0.2184, 0.2408]], device='cuda:0',
       grad_fn=<SoftmaxBackward0>)
tensor([[0.2626, 0.2961, 0.2324, 0.2089],
        [0.2517, 0.2763, 0.2253, 0.2468],
        [0.2559, 0.2835, 0.2311, 0.2295]], device='cuda:0',
       grad_fn=<SoftmaxBackward0>)
tensor([[0.2452, 0.2927, 0.2382, 0.2238],
        [0.2527, 0.2837, 0.2278, 0.2359],
        [0.2543, 0.2831, 0.2410, 0.2215]], device='cuda:0',
       grad_fn=<SoftmaxBackward0>)
tensor([[0.2607, 0.2931, 0.2316, 0.2146],
        [0.2491, 0.2757, 0.2361, 0.2391],
        [0.2583, 0.2742, 0.2311, 0.2365]], device='cuda:0',
       grad_fn=<SoftmaxBackward0>)
#####################
05/28 05:19:52PM searchShareStage_trainer.py:124 [INFO] Train: Epoch: [0][50/390]	Step 50	lr 0.025	Loss 2.0386 (2.6399)	Prec@(1,5) (22.5%, 73.3%)	
05/28 05:20:10PM searchShareStage_trainer.py:124 [INFO] Train: Epoch: [0][100/390]	Step 100	lr 0.025	Loss 1.7639 (2.2311)	Prec@(1,5) (26.6%, 79.2%)	
05/28 05:20:28PM searchShareStage_trainer.py:124 [INFO] Train: Epoch: [0][150/390]	Step 150	lr 0.025	Loss 1.7986 (2.0666)	Prec@(1,5) (29.5%, 81.8%)	
05/28 05:20:47PM searchShareStage_trainer.py:124 [INFO] Train: Epoch: [0][200/390]	Step 200	lr 0.025	Loss 1.7497 (1.9671)	Prec@(1,5) (31.6%, 83.6%)	
05/28 05:21:05PM searchShareStage_trainer.py:124 [INFO] Train: Epoch: [0][250/390]	Step 250	lr 0.025	Loss 1.3994 (1.8922)	Prec@(1,5) (33.5%, 84.7%)	
05/28 05:21:23PM searchShareStage_trainer.py:124 [INFO] Train: Epoch: [0][300/390]	Step 300	lr 0.025	Loss 1.5211 (1.8369)	Prec@(1,5) (35.2%, 85.6%)	
05/28 05:21:41PM searchShareStage_trainer.py:124 [INFO] Train: Epoch: [0][350/390]	Step 350	lr 0.025	Loss 1.3966 (1.7921)	Prec@(1,5) (36.5%, 86.3%)	
05/28 05:21:56PM searchShareStage_trainer.py:124 [INFO] Train: Epoch: [0][390/390]	Step 390	lr 0.025	Loss 1.4683 (1.7641)	Prec@(1,5) (37.4%, 86.8%)	
05/28 05:21:57PM searchShareStage_trainer.py:134 [INFO] Train: [  0/49] Final Prec@1 37.4400%
05/28 05:22:00PM searchStage_trainer.py:249 [INFO] Valid: Epoch: [0][50/391]	Step 391	Loss 1.4938	Prec@(1,5) (43.9%, 91.6%)
05/28 05:22:03PM searchStage_trainer.py:249 [INFO] Valid: Epoch: [0][100/391]	Step 391	Loss 1.4970	Prec@(1,5) (43.6%, 91.7%)
05/28 05:22:06PM searchStage_trainer.py:249 [INFO] Valid: Epoch: [0][150/391]	Step 391	Loss 1.5045	Prec@(1,5) (43.4%, 91.4%)
05/28 05:22:09PM searchStage_trainer.py:249 [INFO] Valid: Epoch: [0][200/391]	Step 391	Loss 1.4947	Prec@(1,5) (43.8%, 91.6%)
05/28 05:22:12PM searchStage_trainer.py:249 [INFO] Valid: Epoch: [0][250/391]	Step 391	Loss 1.4923	Prec@(1,5) (43.8%, 91.6%)
05/28 05:22:15PM searchStage_trainer.py:249 [INFO] Valid: Epoch: [0][300/391]	Step 391	Loss 1.4935	Prec@(1,5) (43.7%, 91.5%)
05/28 05:22:18PM searchStage_trainer.py:249 [INFO] Valid: Epoch: [0][350/391]	Step 391	Loss 1.4904	Prec@(1,5) (43.9%, 91.5%)
05/28 05:22:20PM searchStage_trainer.py:249 [INFO] Valid: Epoch: [0][390/391]	Step 391	Loss 1.4886	Prec@(1,5) (44.1%, 91.6%)
05/28 05:22:20PM searchStage_trainer.py:260 [INFO] Valid: [  0/49] Final Prec@1 44.1080%
05/28 05:22:20PM searchStage_main.py:53 [INFO] DAG = Genotype2(DAG1=[[('avg_pool_3x3', 1), ('avg_pool_3x3', 0)], [('avg_pool_3x3', 2), ('avg_pool_3x3', 0)], [('avg_pool_3x3', 3), ('avg_pool_3x3', 2)], [('avg_pool_3x3', 4), ('avg_pool_3x3', 3)], [('avg_pool_3x3', 5), ('avg_pool_3x3', 4)], [('avg_pool_3x3', 6), ('avg_pool_3x3', 5)]], DAG1_concat=range(6, 8), DAG2=[[('avg_pool_3x3', 1), ('avg_pool_3x3', 0)], [('avg_pool_3x3', 2), ('avg_pool_3x3', 0)], [('avg_pool_3x3', 3), ('avg_pool_3x3', 2)], [('avg_pool_3x3', 4), ('avg_pool_3x3', 3)], [('avg_pool_3x3', 5), ('avg_pool_3x3', 4)], [('avg_pool_3x3', 6), ('avg_pool_3x3', 5)]], DAG2_concat=range(6, 8), DAG3=[[('avg_pool_3x3', 1), ('avg_pool_3x3', 0)], [('avg_pool_3x3', 2), ('avg_pool_3x3', 0)], [('avg_pool_3x3', 3), ('avg_pool_3x3', 2)], [('avg_pool_3x3', 4), ('avg_pool_3x3', 3)], [('avg_pool_3x3', 5), ('avg_pool_3x3', 4)], [('avg_pool_3x3', 6), ('avg_pool_3x3', 5)]], DAG3_concat=range(6, 8))
05/28 05:22:21PM searchStage_main.py:68 [INFO] Until now, best Prec@1 = 44.1080%
####### ALPHA #######
# Alpha - DAG
tensor([[0.2446, 0.2730, 0.2469, 0.2356],
        [0.2326, 0.3026, 0.2511, 0.2137]], device='cuda:0',
       grad_fn=<SoftmaxBackward0>)
tensor([[0.2294, 0.2859, 0.2698, 0.2149],
        [0.2479, 0.2841, 0.2569, 0.2112],
        [0.2576, 0.2968, 0.2203, 0.2253]], device='cuda:0',
       grad_fn=<SoftmaxBackward0>)
tensor([[0.2586, 0.2858, 0.2447, 0.2108],
        [0.2647, 0.2873, 0.2344, 0.2136],
        [0.2584, 0.2823, 0.2183, 0.2409]], device='cuda:0',
       grad_fn=<SoftmaxBackward0>)
tensor([[0.2626, 0.2960, 0.2324, 0.2090],
        [0.2518, 0.2762, 0.2252, 0.2468],
        [0.2559, 0.2836, 0.2311, 0.2295]], device='cuda:0',
       grad_fn=<SoftmaxBackward0>)
tensor([[0.2452, 0.2928, 0.2383, 0.2237],
        [0.2526, 0.2837, 0.2279, 0.2358],
        [0.2543, 0.2831, 0.2410, 0.2217]], device='cuda:0',
       grad_fn=<SoftmaxBackward0>)
tensor([[0.2608, 0.2930, 0.2315, 0.2147],
        [0.2491, 0.2757, 0.2362, 0.2390],
        [0.2582, 0.2741, 0.2310, 0.2366]], device='cuda:0',
       grad_fn=<SoftmaxBackward0>)
#####################
05/28 05:22:40PM searchShareStage_trainer.py:124 [INFO] Train: Epoch: [1][50/390]	Step 441	lr 0.02498	Loss 1.3247 (1.4332)	Prec@(1,5) (46.8%, 92.9%)	
05/28 05:22:59PM searchShareStage_trainer.py:124 [INFO] Train: Epoch: [1][100/390]	Step 491	lr 0.02498	Loss 1.5532 (1.4319)	Prec@(1,5) (47.2%, 92.3%)	
05/28 05:23:18PM searchShareStage_trainer.py:124 [INFO] Train: Epoch: [1][150/390]	Step 541	lr 0.02498	Loss 1.4289 (1.4192)	Prec@(1,5) (47.8%, 92.3%)	
05/28 05:23:36PM searchShareStage_trainer.py:124 [INFO] Train: Epoch: [1][200/390]	Step 591	lr 0.02498	Loss 1.3324 (1.4016)	Prec@(1,5) (48.7%, 92.6%)	
05/28 05:23:55PM searchShareStage_trainer.py:124 [INFO] Train: Epoch: [1][250/390]	Step 641	lr 0.02498	Loss 1.3311 (1.3928)	Prec@(1,5) (49.1%, 92.7%)	
05/28 05:24:13PM searchShareStage_trainer.py:124 [INFO] Train: Epoch: [1][300/390]	Step 691	lr 0.02498	Loss 1.2352 (1.3798)	Prec@(1,5) (49.8%, 92.8%)	
05/28 05:24:32PM searchShareStage_trainer.py:124 [INFO] Train: Epoch: [1][350/390]	Step 741	lr 0.02498	Loss 1.0004 (1.3680)	Prec@(1,5) (50.3%, 93.0%)	
05/28 05:24:46PM searchShareStage_trainer.py:124 [INFO] Train: Epoch: [1][390/390]	Step 781	lr 0.02498	Loss 1.0213 (1.3554)	Prec@(1,5) (50.7%, 93.2%)	
05/28 05:24:47PM searchShareStage_trainer.py:134 [INFO] Train: [  1/49] Final Prec@1 50.7560%
05/28 05:24:50PM searchStage_trainer.py:249 [INFO] Valid: Epoch: [1][50/391]	Step 782	Loss 1.5405	Prec@(1,5) (44.6%, 91.0%)
05/28 05:24:53PM searchStage_trainer.py:249 [INFO] Valid: Epoch: [1][100/391]	Step 782	Loss 1.5153	Prec@(1,5) (45.5%, 91.5%)
05/28 05:24:56PM searchStage_trainer.py:249 [INFO] Valid: Epoch: [1][150/391]	Step 782	Loss 1.5090	Prec@(1,5) (46.2%, 91.4%)
05/28 05:24:59PM searchStage_trainer.py:249 [INFO] Valid: Epoch: [1][200/391]	Step 782	Loss 1.4985	Prec@(1,5) (46.6%, 91.6%)
05/28 05:25:02PM searchStage_trainer.py:249 [INFO] Valid: Epoch: [1][250/391]	Step 782	Loss 1.5064	Prec@(1,5) (46.1%, 91.7%)
05/28 05:25:05PM searchStage_trainer.py:249 [INFO] Valid: Epoch: [1][300/391]	Step 782	Loss 1.5061	Prec@(1,5) (46.0%, 91.7%)
05/28 05:25:08PM searchStage_trainer.py:249 [INFO] Valid: Epoch: [1][350/391]	Step 782	Loss 1.5077	Prec@(1,5) (45.9%, 91.7%)
05/28 05:25:10PM searchStage_trainer.py:249 [INFO] Valid: Epoch: [1][390/391]	Step 782	Loss 1.5041	Prec@(1,5) (45.9%, 91.8%)
05/28 05:25:10PM searchStage_trainer.py:260 [INFO] Valid: [  1/49] Final Prec@1 45.8880%
05/28 05:25:10PM searchStage_main.py:53 [INFO] DAG = Genotype2(DAG1=[[('avg_pool_3x3', 1), ('avg_pool_3x3', 0)], [('avg_pool_3x3', 2), ('avg_pool_3x3', 0)], [('avg_pool_3x3', 3), ('avg_pool_3x3', 2)], [('avg_pool_3x3', 4), ('avg_pool_3x3', 3)], [('avg_pool_3x3', 5), ('avg_pool_3x3', 4)], [('avg_pool_3x3', 6), ('avg_pool_3x3', 5)]], DAG1_concat=range(6, 8), DAG2=[[('avg_pool_3x3', 1), ('avg_pool_3x3', 0)], [('avg_pool_3x3', 2), ('avg_pool_3x3', 0)], [('avg_pool_3x3', 3), ('avg_pool_3x3', 2)], [('avg_pool_3x3', 4), ('avg_pool_3x3', 3)], [('avg_pool_3x3', 5), ('avg_pool_3x3', 4)], [('avg_pool_3x3', 6), ('avg_pool_3x3', 5)]], DAG2_concat=range(6, 8), DAG3=[[('avg_pool_3x3', 1), ('avg_pool_3x3', 0)], [('avg_pool_3x3', 2), ('avg_pool_3x3', 0)], [('avg_pool_3x3', 3), ('avg_pool_3x3', 2)], [('avg_pool_3x3', 4), ('avg_pool_3x3', 3)], [('avg_pool_3x3', 5), ('avg_pool_3x3', 4)], [('avg_pool_3x3', 6), ('avg_pool_3x3', 5)]], DAG3_concat=range(6, 8))
05/28 05:25:11PM searchStage_main.py:68 [INFO] Until now, best Prec@1 = 45.8880%
####### ALPHA #######
# Alpha - DAG
tensor([[0.2446, 0.2729, 0.2469, 0.2356],
        [0.2326, 0.3026, 0.2511, 0.2137]], device='cuda:0',
       grad_fn=<SoftmaxBackward0>)
tensor([[0.2294, 0.2859, 0.2698, 0.2149],
        [0.2479, 0.2840, 0.2569, 0.2112],
        [0.2576, 0.2968, 0.2203, 0.2253]], device='cuda:0',
       grad_fn=<SoftmaxBackward0>)
tensor([[0.2586, 0.2858, 0.2447, 0.2108],
        [0.2647, 0.2873, 0.2344, 0.2136],
        [0.2584, 0.2823, 0.2183, 0.2409]], device='cuda:0',
       grad_fn=<SoftmaxBackward0>)
tensor([[0.2626, 0.2960, 0.2324, 0.2090],
        [0.2518, 0.2762, 0.2253, 0.2468],
        [0.2559, 0.2836, 0.2311, 0.2295]], device='cuda:0',
       grad_fn=<SoftmaxBackward0>)
tensor([[0.2452, 0.2928, 0.2383, 0.2237],
        [0.2526, 0.2837, 0.2279, 0.2358],
        [0.2543, 0.2830, 0.2410, 0.2217]], device='cuda:0',
       grad_fn=<SoftmaxBackward0>)
tensor([[0.2608, 0.2930, 0.2315, 0.2147],
        [0.2491, 0.2757, 0.2362, 0.2390],
        [0.2582, 0.2741, 0.2310, 0.2367]], device='cuda:0',
       grad_fn=<SoftmaxBackward0>)
#####################
05/28 05:25:30PM searchShareStage_trainer.py:124 [INFO] Train: Epoch: [2][50/390]	Step 832	lr 0.02491	Loss 1.3567 (1.2426)	Prec@(1,5) (55.1%, 94.7%)	
05/28 05:25:49PM searchShareStage_trainer.py:124 [INFO] Train: Epoch: [2][100/390]	Step 882	lr 0.02491	Loss 1.2820 (1.2317)	Prec@(1,5) (55.4%, 95.0%)	
05/28 05:26:08PM searchShareStage_trainer.py:124 [INFO] Train: Epoch: [2][150/390]	Step 932	lr 0.02491	Loss 1.4463 (1.2358)	Prec@(1,5) (55.2%, 94.6%)	
05/28 05:26:26PM searchShareStage_trainer.py:124 [INFO] Train: Epoch: [2][200/390]	Step 982	lr 0.02491	Loss 1.2734 (1.2183)	Prec@(1,5) (56.0%, 94.7%)	
05/28 05:26:45PM searchShareStage_trainer.py:124 [INFO] Train: Epoch: [2][250/390]	Step 1032	lr 0.02491	Loss 1.1640 (1.2114)	Prec@(1,5) (56.3%, 94.6%)	
05/28 05:27:03PM searchShareStage_trainer.py:124 [INFO] Train: Epoch: [2][300/390]	Step 1082	lr 0.02491	Loss 1.2300 (1.2010)	Prec@(1,5) (57.1%, 94.7%)	
05/28 05:27:22PM searchShareStage_trainer.py:124 [INFO] Train: Epoch: [2][350/390]	Step 1132	lr 0.02491	Loss 1.1384 (1.1854)	Prec@(1,5) (57.6%, 94.8%)	
05/28 05:27:36PM searchShareStage_trainer.py:124 [INFO] Train: Epoch: [2][390/390]	Step 1172	lr 0.02491	Loss 1.3223 (1.1795)	Prec@(1,5) (57.9%, 94.9%)	
05/28 05:27:37PM searchShareStage_trainer.py:134 [INFO] Train: [  2/49] Final Prec@1 57.8600%
05/28 05:27:40PM searchStage_trainer.py:249 [INFO] Valid: Epoch: [2][50/391]	Step 1173	Loss 1.2604	Prec@(1,5) (53.6%, 94.7%)
05/28 05:27:43PM searchStage_trainer.py:249 [INFO] Valid: Epoch: [2][100/391]	Step 1173	Loss 1.2501	Prec@(1,5) (54.8%, 94.7%)
05/28 05:27:46PM searchStage_trainer.py:249 [INFO] Valid: Epoch: [2][150/391]	Step 1173	Loss 1.2394	Prec@(1,5) (55.4%, 94.5%)
05/28 05:27:48PM searchStage_trainer.py:249 [INFO] Valid: Epoch: [2][200/391]	Step 1173	Loss 1.2317	Prec@(1,5) (55.5%, 94.5%)
05/28 05:27:51PM searchStage_trainer.py:249 [INFO] Valid: Epoch: [2][250/391]	Step 1173	Loss 1.2313	Prec@(1,5) (55.5%, 94.6%)
05/28 05:27:54PM searchStage_trainer.py:249 [INFO] Valid: Epoch: [2][300/391]	Step 1173	Loss 1.2398	Prec@(1,5) (55.3%, 94.6%)
05/28 05:27:57PM searchStage_trainer.py:249 [INFO] Valid: Epoch: [2][350/391]	Step 1173	Loss 1.2428	Prec@(1,5) (55.2%, 94.6%)
05/28 05:27:59PM searchStage_trainer.py:249 [INFO] Valid: Epoch: [2][390/391]	Step 1173	Loss 1.2419	Prec@(1,5) (55.3%, 94.6%)
05/28 05:27:59PM searchStage_trainer.py:260 [INFO] Valid: [  2/49] Final Prec@1 55.3000%
05/28 05:27:59PM searchStage_main.py:53 [INFO] DAG = Genotype2(DAG1=[[('avg_pool_3x3', 1), ('avg_pool_3x3', 0)], [('avg_pool_3x3', 2), ('avg_pool_3x3', 0)], [('avg_pool_3x3', 3), ('avg_pool_3x3', 2)], [('avg_pool_3x3', 4), ('avg_pool_3x3', 3)], [('avg_pool_3x3', 5), ('avg_pool_3x3', 4)], [('avg_pool_3x3', 6), ('avg_pool_3x3', 5)]], DAG1_concat=range(6, 8), DAG2=[[('avg_pool_3x3', 1), ('avg_pool_3x3', 0)], [('avg_pool_3x3', 2), ('avg_pool_3x3', 0)], [('avg_pool_3x3', 3), ('avg_pool_3x3', 2)], [('avg_pool_3x3', 4), ('avg_pool_3x3', 3)], [('avg_pool_3x3', 5), ('avg_pool_3x3', 4)], [('avg_pool_3x3', 6), ('avg_pool_3x3', 5)]], DAG2_concat=range(6, 8), DAG3=[[('avg_pool_3x3', 1), ('avg_pool_3x3', 0)], [('avg_pool_3x3', 2), ('avg_pool_3x3', 0)], [('avg_pool_3x3', 3), ('avg_pool_3x3', 2)], [('avg_pool_3x3', 4), ('avg_pool_3x3', 3)], [('avg_pool_3x3', 5), ('avg_pool_3x3', 4)], [('avg_pool_3x3', 6), ('avg_pool_3x3', 5)]], DAG3_concat=range(6, 8))
05/28 05:28:00PM searchStage_main.py:68 [INFO] Until now, best Prec@1 = 55.3000%
####### ALPHA #######
# Alpha - DAG
tensor([[0.2446, 0.2729, 0.2469, 0.2356],
        [0.2326, 0.3026, 0.2511, 0.2137]], device='cuda:0',
       grad_fn=<SoftmaxBackward0>)
tensor([[0.2294, 0.2858, 0.2699, 0.2150],
        [0.2479, 0.2840, 0.2569, 0.2112],
        [0.2576, 0.2967, 0.2203, 0.2253]], device='cuda:0',
       grad_fn=<SoftmaxBackward0>)
tensor([[0.2586, 0.2858, 0.2448, 0.2109],
        [0.2647, 0.2873, 0.2344, 0.2137],
        [0.2584, 0.2823, 0.2183, 0.2409]], device='cuda:0',
       grad_fn=<SoftmaxBackward0>)
tensor([[0.2626, 0.2960, 0.2324, 0.2090],
        [0.2518, 0.2762, 0.2253, 0.2468],
        [0.2559, 0.2835, 0.2311, 0.2295]], device='cuda:0',
       grad_fn=<SoftmaxBackward0>)
tensor([[0.2452, 0.2928, 0.2383, 0.2237],
        [0.2526, 0.2836, 0.2279, 0.2359],
        [0.2543, 0.2830, 0.2410, 0.2217]], device='cuda:0',
       grad_fn=<SoftmaxBackward0>)
tensor([[0.2608, 0.2930, 0.2315, 0.2147],
        [0.2491, 0.2757, 0.2362, 0.2390],
        [0.2582, 0.2741, 0.2310, 0.2367]], device='cuda:0',
       grad_fn=<SoftmaxBackward0>)
#####################
05/28 05:28:20PM searchShareStage_trainer.py:124 [INFO] Train: Epoch: [3][50/390]	Step 1223	lr 0.02479	Loss 0.9571 (1.1084)	Prec@(1,5) (61.3%, 95.4%)	
05/28 05:28:38PM searchShareStage_trainer.py:124 [INFO] Train: Epoch: [3][100/390]	Step 1273	lr 0.02479	Loss 1.1410 (1.0986)	Prec@(1,5) (61.2%, 95.7%)	
05/28 05:28:57PM searchShareStage_trainer.py:124 [INFO] Train: Epoch: [3][150/390]	Step 1323	lr 0.02479	Loss 0.9841 (1.0896)	Prec@(1,5) (61.5%, 95.9%)	
05/28 05:29:15PM searchShareStage_trainer.py:124 [INFO] Train: Epoch: [3][200/390]	Step 1373	lr 0.02479	Loss 0.9812 (1.0831)	Prec@(1,5) (61.8%, 95.9%)	
05/28 05:29:34PM searchShareStage_trainer.py:124 [INFO] Train: Epoch: [3][250/390]	Step 1423	lr 0.02479	Loss 0.9384 (1.0739)	Prec@(1,5) (62.1%, 95.9%)	
05/28 05:29:53PM searchShareStage_trainer.py:124 [INFO] Train: Epoch: [3][300/390]	Step 1473	lr 0.02479	Loss 1.0124 (1.0712)	Prec@(1,5) (62.3%, 95.9%)	
05/28 05:30:11PM searchShareStage_trainer.py:124 [INFO] Train: Epoch: [3][350/390]	Step 1523	lr 0.02479	Loss 0.9108 (1.0638)	Prec@(1,5) (62.6%, 95.9%)	
05/28 05:30:26PM searchShareStage_trainer.py:124 [INFO] Train: Epoch: [3][390/390]	Step 1563	lr 0.02479	Loss 0.9067 (1.0553)	Prec@(1,5) (62.8%, 96.0%)	
05/28 05:30:27PM searchShareStage_trainer.py:134 [INFO] Train: [  3/49] Final Prec@1 62.8440%
05/28 05:30:30PM searchStage_trainer.py:249 [INFO] Valid: Epoch: [3][50/391]	Step 1564	Loss 1.1476	Prec@(1,5) (59.6%, 95.6%)
05/28 05:30:33PM searchStage_trainer.py:249 [INFO] Valid: Epoch: [3][100/391]	Step 1564	Loss 1.1550	Prec@(1,5) (59.6%, 95.5%)
05/28 05:30:36PM searchStage_trainer.py:249 [INFO] Valid: Epoch: [3][150/391]	Step 1564	Loss 1.1519	Prec@(1,5) (59.4%, 95.4%)
05/28 05:30:38PM searchStage_trainer.py:249 [INFO] Valid: Epoch: [3][200/391]	Step 1564	Loss 1.1402	Prec@(1,5) (59.7%, 95.6%)
05/28 05:30:41PM searchStage_trainer.py:249 [INFO] Valid: Epoch: [3][250/391]	Step 1564	Loss 1.1367	Prec@(1,5) (59.7%, 95.7%)
05/28 05:30:44PM searchStage_trainer.py:249 [INFO] Valid: Epoch: [3][300/391]	Step 1564	Loss 1.1365	Prec@(1,5) (59.7%, 95.6%)
05/28 05:30:47PM searchStage_trainer.py:249 [INFO] Valid: Epoch: [3][350/391]	Step 1564	Loss 1.1398	Prec@(1,5) (59.7%, 95.6%)
05/28 05:30:50PM searchStage_trainer.py:249 [INFO] Valid: Epoch: [3][390/391]	Step 1564	Loss 1.1432	Prec@(1,5) (59.5%, 95.6%)
05/28 05:30:50PM searchStage_trainer.py:260 [INFO] Valid: [  3/49] Final Prec@1 59.5560%
05/28 05:30:50PM searchStage_main.py:53 [INFO] DAG = Genotype2(DAG1=[[('avg_pool_3x3', 1), ('avg_pool_3x3', 0)], [('avg_pool_3x3', 2), ('avg_pool_3x3', 0)], [('avg_pool_3x3', 3), ('avg_pool_3x3', 2)], [('avg_pool_3x3', 4), ('avg_pool_3x3', 3)], [('avg_pool_3x3', 5), ('avg_pool_3x3', 4)], [('avg_pool_3x3', 6), ('avg_pool_3x3', 5)]], DAG1_concat=range(6, 8), DAG2=[[('avg_pool_3x3', 1), ('avg_pool_3x3', 0)], [('avg_pool_3x3', 2), ('avg_pool_3x3', 0)], [('avg_pool_3x3', 3), ('avg_pool_3x3', 2)], [('avg_pool_3x3', 4), ('avg_pool_3x3', 3)], [('avg_pool_3x3', 5), ('avg_pool_3x3', 4)], [('avg_pool_3x3', 6), ('avg_pool_3x3', 5)]], DAG2_concat=range(6, 8), DAG3=[[('avg_pool_3x3', 1), ('avg_pool_3x3', 0)], [('avg_pool_3x3', 2), ('avg_pool_3x3', 0)], [('avg_pool_3x3', 3), ('avg_pool_3x3', 2)], [('avg_pool_3x3', 4), ('avg_pool_3x3', 3)], [('avg_pool_3x3', 5), ('avg_pool_3x3', 4)], [('avg_pool_3x3', 6), ('avg_pool_3x3', 5)]], DAG3_concat=range(6, 8))
05/28 05:30:50PM searchStage_main.py:68 [INFO] Until now, best Prec@1 = 59.5560%
####### ALPHA #######
# Alpha - DAG
tensor([[0.2446, 0.2729, 0.2469, 0.2356],
        [0.2326, 0.3026, 0.2511, 0.2137]], device='cuda:0',
       grad_fn=<SoftmaxBackward0>)
tensor([[0.2294, 0.2858, 0.2699, 0.2150],
        [0.2479, 0.2840, 0.2569, 0.2112],
        [0.2576, 0.2967, 0.2203, 0.2254]], device='cuda:0',
       grad_fn=<SoftmaxBackward0>)
tensor([[0.2586, 0.2858, 0.2448, 0.2108],
        [0.2647, 0.2872, 0.2344, 0.2137],
        [0.2584, 0.2823, 0.2183, 0.2410]], device='cuda:0',
       grad_fn=<SoftmaxBackward0>)
tensor([[0.2626, 0.2960, 0.2324, 0.2090],
        [0.2518, 0.2762, 0.2253, 0.2468],
        [0.2559, 0.2835, 0.2311, 0.2295]], device='cuda:0',
       grad_fn=<SoftmaxBackward0>)
tensor([[0.2452, 0.2927, 0.2383, 0.2237],
        [0.2526, 0.2836, 0.2279, 0.2359],
        [0.2543, 0.2830, 0.2410, 0.2217]], device='cuda:0',
       grad_fn=<SoftmaxBackward0>)
tensor([[0.2608, 0.2929, 0.2316, 0.2147],
        [0.2491, 0.2757, 0.2362, 0.2390],
        [0.2582, 0.2740, 0.2311, 0.2367]], device='cuda:0',
       grad_fn=<SoftmaxBackward0>)
#####################
05/28 05:31:09PM searchShareStage_trainer.py:124 [INFO] Train: Epoch: [4][50/390]	Step 1614	lr 0.02462	Loss 1.1269 (1.0374)	Prec@(1,5) (62.5%, 96.1%)	
05/28 05:31:28PM searchShareStage_trainer.py:124 [INFO] Train: Epoch: [4][100/390]	Step 1664	lr 0.02462	Loss 0.5092 (0.9909)	Prec@(1,5) (64.7%, 96.6%)	
05/28 05:31:46PM searchShareStage_trainer.py:124 [INFO] Train: Epoch: [4][150/390]	Step 1714	lr 0.02462	Loss 1.1979 (0.9941)	Prec@(1,5) (64.6%, 96.7%)	
05/28 05:32:05PM searchShareStage_trainer.py:124 [INFO] Train: Epoch: [4][200/390]	Step 1764	lr 0.02462	Loss 1.1608 (0.9818)	Prec@(1,5) (65.1%, 96.8%)	
05/28 05:32:23PM searchShareStage_trainer.py:124 [INFO] Train: Epoch: [4][250/390]	Step 1814	lr 0.02462	Loss 0.8117 (0.9718)	Prec@(1,5) (65.5%, 96.9%)	
05/28 05:32:42PM searchShareStage_trainer.py:124 [INFO] Train: Epoch: [4][300/390]	Step 1864	lr 0.02462	Loss 0.9699 (0.9651)	Prec@(1,5) (65.8%, 97.0%)	
05/28 05:33:01PM searchShareStage_trainer.py:124 [INFO] Train: Epoch: [4][350/390]	Step 1914	lr 0.02462	Loss 1.1221 (0.9610)	Prec@(1,5) (66.0%, 97.0%)	
05/28 05:33:16PM searchShareStage_trainer.py:124 [INFO] Train: Epoch: [4][390/390]	Step 1954	lr 0.02462	Loss 0.9343 (0.9590)	Prec@(1,5) (66.0%, 97.0%)	
05/28 05:33:16PM searchShareStage_trainer.py:134 [INFO] Train: [  4/49] Final Prec@1 66.0000%
05/28 05:33:20PM searchStage_trainer.py:249 [INFO] Valid: Epoch: [4][50/391]	Step 1955	Loss 1.0010	Prec@(1,5) (65.2%, 96.3%)
05/28 05:33:23PM searchStage_trainer.py:249 [INFO] Valid: Epoch: [4][100/391]	Step 1955	Loss 0.9933	Prec@(1,5) (65.3%, 96.6%)
05/28 05:33:26PM searchStage_trainer.py:249 [INFO] Valid: Epoch: [4][150/391]	Step 1955	Loss 1.0029	Prec@(1,5) (64.9%, 96.6%)
05/28 05:33:29PM searchStage_trainer.py:249 [INFO] Valid: Epoch: [4][200/391]	Step 1955	Loss 1.0101	Prec@(1,5) (64.9%, 96.5%)
05/28 05:33:32PM searchStage_trainer.py:249 [INFO] Valid: Epoch: [4][250/391]	Step 1955	Loss 1.0207	Prec@(1,5) (64.6%, 96.6%)
05/28 05:33:35PM searchStage_trainer.py:249 [INFO] Valid: Epoch: [4][300/391]	Step 1955	Loss 1.0197	Prec@(1,5) (64.4%, 96.6%)
05/28 05:33:38PM searchStage_trainer.py:249 [INFO] Valid: Epoch: [4][350/391]	Step 1955	Loss 1.0167	Prec@(1,5) (64.7%, 96.7%)
05/28 05:33:40PM searchStage_trainer.py:249 [INFO] Valid: Epoch: [4][390/391]	Step 1955	Loss 1.0120	Prec@(1,5) (64.8%, 96.7%)
05/28 05:33:40PM searchStage_trainer.py:260 [INFO] Valid: [  4/49] Final Prec@1 64.8160%
05/28 05:33:40PM searchStage_main.py:53 [INFO] DAG = Genotype2(DAG1=[[('avg_pool_3x3', 1), ('avg_pool_3x3', 0)], [('avg_pool_3x3', 2), ('avg_pool_3x3', 0)], [('avg_pool_3x3', 3), ('avg_pool_3x3', 2)], [('avg_pool_3x3', 4), ('avg_pool_3x3', 3)], [('avg_pool_3x3', 5), ('avg_pool_3x3', 4)], [('avg_pool_3x3', 6), ('avg_pool_3x3', 5)]], DAG1_concat=range(6, 8), DAG2=[[('avg_pool_3x3', 1), ('avg_pool_3x3', 0)], [('avg_pool_3x3', 2), ('avg_pool_3x3', 0)], [('avg_pool_3x3', 3), ('avg_pool_3x3', 2)], [('avg_pool_3x3', 4), ('avg_pool_3x3', 3)], [('avg_pool_3x3', 5), ('avg_pool_3x3', 4)], [('avg_pool_3x3', 6), ('avg_pool_3x3', 5)]], DAG2_concat=range(6, 8), DAG3=[[('avg_pool_3x3', 1), ('avg_pool_3x3', 0)], [('avg_pool_3x3', 2), ('avg_pool_3x3', 0)], [('avg_pool_3x3', 3), ('avg_pool_3x3', 2)], [('avg_pool_3x3', 4), ('avg_pool_3x3', 3)], [('avg_pool_3x3', 5), ('avg_pool_3x3', 4)], [('avg_pool_3x3', 6), ('avg_pool_3x3', 5)]], DAG3_concat=range(6, 8))
05/28 05:33:41PM searchStage_main.py:68 [INFO] Until now, best Prec@1 = 64.8160%
####### ALPHA #######
# Alpha - DAG
tensor([[0.2446, 0.2729, 0.2469, 0.2357],
        [0.2326, 0.3025, 0.2512, 0.2137]], device='cuda:0',
       grad_fn=<SoftmaxBackward0>)
tensor([[0.2294, 0.2858, 0.2699, 0.2150],
        [0.2479, 0.2840, 0.2569, 0.2112],
        [0.2576, 0.2967, 0.2203, 0.2254]], device='cuda:0',
       grad_fn=<SoftmaxBackward0>)
tensor([[0.2586, 0.2858, 0.2448, 0.2108],
        [0.2647, 0.2872, 0.2344, 0.2137],
        [0.2584, 0.2822, 0.2184, 0.2410]], device='cuda:0',
       grad_fn=<SoftmaxBackward0>)
tensor([[0.2626, 0.2960, 0.2324, 0.2090],
        [0.2518, 0.2761, 0.2253, 0.2468],
        [0.2558, 0.2835, 0.2311, 0.2295]], device='cuda:0',
       grad_fn=<SoftmaxBackward0>)
tensor([[0.2452, 0.2927, 0.2384, 0.2237],
        [0.2526, 0.2836, 0.2279, 0.2359],
        [0.2543, 0.2830, 0.2410, 0.2217]], device='cuda:0',
       grad_fn=<SoftmaxBackward0>)
tensor([[0.2608, 0.2929, 0.2316, 0.2147],
        [0.2491, 0.2756, 0.2362, 0.2391],
        [0.2582, 0.2740, 0.2311, 0.2367]], device='cuda:0',
       grad_fn=<SoftmaxBackward0>)
#####################
05/28 05:34:00PM searchShareStage_trainer.py:124 [INFO] Train: Epoch: [5][50/390]	Step 2005	lr 0.02441	Loss 0.9712 (0.8417)	Prec@(1,5) (69.6%, 97.8%)	
05/28 05:34:19PM searchShareStage_trainer.py:124 [INFO] Train: Epoch: [5][100/390]	Step 2055	lr 0.02441	Loss 0.8333 (0.8700)	Prec@(1,5) (68.9%, 97.5%)	
05/28 05:34:37PM searchShareStage_trainer.py:124 [INFO] Train: Epoch: [5][150/390]	Step 2105	lr 0.02441	Loss 0.7393 (0.8730)	Prec@(1,5) (69.1%, 97.4%)	
05/28 05:34:56PM searchShareStage_trainer.py:124 [INFO] Train: Epoch: [5][200/390]	Step 2155	lr 0.02441	Loss 0.6704 (0.8659)	Prec@(1,5) (69.6%, 97.5%)	
05/28 05:35:15PM searchShareStage_trainer.py:124 [INFO] Train: Epoch: [5][250/390]	Step 2205	lr 0.02441	Loss 0.7638 (0.8758)	Prec@(1,5) (69.1%, 97.5%)	
05/28 05:35:33PM searchShareStage_trainer.py:124 [INFO] Train: Epoch: [5][300/390]	Step 2255	lr 0.02441	Loss 0.8366 (0.8677)	Prec@(1,5) (69.5%, 97.5%)	
05/28 05:35:52PM searchShareStage_trainer.py:124 [INFO] Train: Epoch: [5][350/390]	Step 2305	lr 0.02441	Loss 0.9405 (0.8652)	Prec@(1,5) (69.6%, 97.5%)	
05/28 05:36:07PM searchShareStage_trainer.py:124 [INFO] Train: Epoch: [5][390/390]	Step 2345	lr 0.02441	Loss 0.6923 (0.8645)	Prec@(1,5) (69.7%, 97.5%)	
05/28 05:36:07PM searchShareStage_trainer.py:134 [INFO] Train: [  5/49] Final Prec@1 69.6680%
05/28 05:36:11PM searchStage_trainer.py:249 [INFO] Valid: Epoch: [5][50/391]	Step 2346	Loss 0.9059	Prec@(1,5) (68.5%, 96.8%)
05/28 05:36:14PM searchStage_trainer.py:249 [INFO] Valid: Epoch: [5][100/391]	Step 2346	Loss 0.9257	Prec@(1,5) (67.9%, 96.8%)
05/28 05:36:17PM searchStage_trainer.py:249 [INFO] Valid: Epoch: [5][150/391]	Step 2346	Loss 0.9361	Prec@(1,5) (67.5%, 96.9%)
05/28 05:36:20PM searchStage_trainer.py:249 [INFO] Valid: Epoch: [5][200/391]	Step 2346	Loss 0.9379	Prec@(1,5) (67.5%, 97.0%)
05/28 05:36:23PM searchStage_trainer.py:249 [INFO] Valid: Epoch: [5][250/391]	Step 2346	Loss 0.9372	Prec@(1,5) (67.5%, 96.9%)
05/28 05:36:25PM searchStage_trainer.py:249 [INFO] Valid: Epoch: [5][300/391]	Step 2346	Loss 0.9320	Prec@(1,5) (67.6%, 97.0%)
05/28 05:36:28PM searchStage_trainer.py:249 [INFO] Valid: Epoch: [5][350/391]	Step 2346	Loss 0.9285	Prec@(1,5) (67.8%, 97.0%)
05/28 05:36:31PM searchStage_trainer.py:249 [INFO] Valid: Epoch: [5][390/391]	Step 2346	Loss 0.9301	Prec@(1,5) (67.7%, 97.1%)
05/28 05:36:31PM searchStage_trainer.py:260 [INFO] Valid: [  5/49] Final Prec@1 67.6760%
05/28 05:36:31PM searchStage_main.py:53 [INFO] DAG = Genotype2(DAG1=[[('avg_pool_3x3', 1), ('avg_pool_3x3', 0)], [('avg_pool_3x3', 2), ('avg_pool_3x3', 0)], [('avg_pool_3x3', 3), ('avg_pool_3x3', 2)], [('avg_pool_3x3', 4), ('avg_pool_3x3', 3)], [('avg_pool_3x3', 5), ('avg_pool_3x3', 4)], [('avg_pool_3x3', 6), ('avg_pool_3x3', 5)]], DAG1_concat=range(6, 8), DAG2=[[('avg_pool_3x3', 1), ('avg_pool_3x3', 0)], [('avg_pool_3x3', 2), ('avg_pool_3x3', 0)], [('avg_pool_3x3', 3), ('avg_pool_3x3', 2)], [('avg_pool_3x3', 4), ('avg_pool_3x3', 3)], [('avg_pool_3x3', 5), ('avg_pool_3x3', 4)], [('avg_pool_3x3', 6), ('avg_pool_3x3', 5)]], DAG2_concat=range(6, 8), DAG3=[[('avg_pool_3x3', 1), ('avg_pool_3x3', 0)], [('avg_pool_3x3', 2), ('avg_pool_3x3', 0)], [('avg_pool_3x3', 3), ('avg_pool_3x3', 2)], [('avg_pool_3x3', 4), ('avg_pool_3x3', 3)], [('avg_pool_3x3', 5), ('avg_pool_3x3', 4)], [('avg_pool_3x3', 6), ('avg_pool_3x3', 5)]], DAG3_concat=range(6, 8))
05/28 05:36:31PM searchStage_main.py:68 [INFO] Until now, best Prec@1 = 67.6760%
####### ALPHA #######
# Alpha - DAG
tensor([[0.2446, 0.2728, 0.2469, 0.2357],
        [0.2326, 0.3025, 0.2512, 0.2137]], device='cuda:0',
       grad_fn=<SoftmaxBackward0>)
tensor([[0.2294, 0.2858, 0.2699, 0.2150],
        [0.2479, 0.2840, 0.2570, 0.2112],
        [0.2576, 0.2966, 0.2204, 0.2254]], device='cuda:0',
       grad_fn=<SoftmaxBackward0>)
tensor([[0.2586, 0.2857, 0.2448, 0.2109],
        [0.2647, 0.2872, 0.2344, 0.2137],
        [0.2584, 0.2822, 0.2184, 0.2410]], device='cuda:0',
       grad_fn=<SoftmaxBackward0>)
tensor([[0.2626, 0.2960, 0.2324, 0.2090],
        [0.2518, 0.2761, 0.2253, 0.2469],
        [0.2558, 0.2834, 0.2312, 0.2296]], device='cuda:0',
       grad_fn=<SoftmaxBackward0>)
tensor([[0.2452, 0.2927, 0.2384, 0.2237],
        [0.2526, 0.2835, 0.2279, 0.2359],
        [0.2543, 0.2829, 0.2411, 0.2217]], device='cuda:0',
       grad_fn=<SoftmaxBackward0>)
tensor([[0.2608, 0.2929, 0.2316, 0.2147],
        [0.2491, 0.2756, 0.2362, 0.2391],
        [0.2582, 0.2739, 0.2311, 0.2367]], device='cuda:0',
       grad_fn=<SoftmaxBackward0>)
#####################
05/28 05:36:51PM searchShareStage_trainer.py:124 [INFO] Train: Epoch: [6][50/390]	Step 2396	lr 0.02416	Loss 1.0231 (0.8129)	Prec@(1,5) (71.6%, 97.9%)	
05/28 05:37:10PM searchShareStage_trainer.py:124 [INFO] Train: Epoch: [6][100/390]	Step 2446	lr 0.02416	Loss 0.4972 (0.7913)	Prec@(1,5) (72.3%, 98.2%)	
05/28 05:37:28PM searchShareStage_trainer.py:124 [INFO] Train: Epoch: [6][150/390]	Step 2496	lr 0.02416	Loss 0.6986 (0.8017)	Prec@(1,5) (71.8%, 98.1%)	
05/28 05:37:47PM searchShareStage_trainer.py:124 [INFO] Train: Epoch: [6][200/390]	Step 2546	lr 0.02416	Loss 0.8458 (0.8020)	Prec@(1,5) (71.8%, 98.1%)	
05/28 05:38:06PM searchShareStage_trainer.py:124 [INFO] Train: Epoch: [6][250/390]	Step 2596	lr 0.02416	Loss 0.6113 (0.7978)	Prec@(1,5) (72.1%, 98.1%)	
05/28 05:38:24PM searchShareStage_trainer.py:124 [INFO] Train: Epoch: [6][300/390]	Step 2646	lr 0.02416	Loss 1.0665 (0.8002)	Prec@(1,5) (72.1%, 98.0%)	
05/28 05:38:43PM searchShareStage_trainer.py:124 [INFO] Train: Epoch: [6][350/390]	Step 2696	lr 0.02416	Loss 0.8557 (0.7968)	Prec@(1,5) (72.3%, 98.0%)	
05/28 05:38:58PM searchShareStage_trainer.py:124 [INFO] Train: Epoch: [6][390/390]	Step 2736	lr 0.02416	Loss 0.7349 (0.7974)	Prec@(1,5) (72.2%, 98.0%)	
05/28 05:38:58PM searchShareStage_trainer.py:134 [INFO] Train: [  6/49] Final Prec@1 72.1680%
05/28 05:39:02PM searchStage_trainer.py:249 [INFO] Valid: Epoch: [6][50/391]	Step 2737	Loss 1.0291	Prec@(1,5) (66.3%, 96.2%)
05/28 05:39:05PM searchStage_trainer.py:249 [INFO] Valid: Epoch: [6][100/391]	Step 2737	Loss 1.0301	Prec@(1,5) (65.7%, 96.3%)
05/28 05:39:07PM searchStage_trainer.py:249 [INFO] Valid: Epoch: [6][150/391]	Step 2737	Loss 1.0105	Prec@(1,5) (66.2%, 96.5%)
05/28 05:39:10PM searchStage_trainer.py:249 [INFO] Valid: Epoch: [6][200/391]	Step 2737	Loss 1.0088	Prec@(1,5) (66.1%, 96.5%)
05/28 05:39:13PM searchStage_trainer.py:249 [INFO] Valid: Epoch: [6][250/391]	Step 2737	Loss 1.0064	Prec@(1,5) (66.3%, 96.4%)
05/28 05:39:16PM searchStage_trainer.py:249 [INFO] Valid: Epoch: [6][300/391]	Step 2737	Loss 1.0098	Prec@(1,5) (66.2%, 96.4%)
05/28 05:39:19PM searchStage_trainer.py:249 [INFO] Valid: Epoch: [6][350/391]	Step 2737	Loss 1.0107	Prec@(1,5) (66.2%, 96.4%)
05/28 05:39:22PM searchStage_trainer.py:249 [INFO] Valid: Epoch: [6][390/391]	Step 2737	Loss 1.0102	Prec@(1,5) (66.3%, 96.4%)
05/28 05:39:22PM searchStage_trainer.py:260 [INFO] Valid: [  6/49] Final Prec@1 66.3440%
05/28 05:39:22PM searchStage_main.py:53 [INFO] DAG = Genotype2(DAG1=[[('avg_pool_3x3', 1), ('avg_pool_3x3', 0)], [('avg_pool_3x3', 2), ('avg_pool_3x3', 0)], [('avg_pool_3x3', 3), ('avg_pool_3x3', 2)], [('avg_pool_3x3', 4), ('avg_pool_3x3', 3)], [('avg_pool_3x3', 5), ('avg_pool_3x3', 4)], [('avg_pool_3x3', 6), ('avg_pool_3x3', 5)]], DAG1_concat=range(6, 8), DAG2=[[('avg_pool_3x3', 1), ('avg_pool_3x3', 0)], [('avg_pool_3x3', 2), ('avg_pool_3x3', 0)], [('avg_pool_3x3', 3), ('avg_pool_3x3', 2)], [('avg_pool_3x3', 4), ('avg_pool_3x3', 3)], [('avg_pool_3x3', 5), ('avg_pool_3x3', 4)], [('avg_pool_3x3', 6), ('avg_pool_3x3', 5)]], DAG2_concat=range(6, 8), DAG3=[[('avg_pool_3x3', 1), ('avg_pool_3x3', 0)], [('avg_pool_3x3', 2), ('avg_pool_3x3', 0)], [('avg_pool_3x3', 3), ('avg_pool_3x3', 2)], [('avg_pool_3x3', 4), ('avg_pool_3x3', 3)], [('avg_pool_3x3', 5), ('avg_pool_3x3', 4)], [('avg_pool_3x3', 6), ('avg_pool_3x3', 5)]], DAG3_concat=range(6, 8))
05/28 05:39:22PM searchStage_main.py:68 [INFO] Until now, best Prec@1 = 67.6760%
####### ALPHA #######
# Alpha - DAG
tensor([[0.2446, 0.2728, 0.2469, 0.2357],
        [0.2326, 0.3025, 0.2512, 0.2137]], device='cuda:0',
       grad_fn=<SoftmaxBackward0>)
tensor([[0.2294, 0.2857, 0.2699, 0.2150],
        [0.2479, 0.2839, 0.2570, 0.2112],
        [0.2576, 0.2966, 0.2204, 0.2254]], device='cuda:0',
       grad_fn=<SoftmaxBackward0>)
tensor([[0.2586, 0.2857, 0.2448, 0.2109],
        [0.2647, 0.2872, 0.2344, 0.2137],
        [0.2585, 0.2821, 0.2184, 0.2410]], device='cuda:0',
       grad_fn=<SoftmaxBackward0>)
tensor([[0.2626, 0.2960, 0.2324, 0.2090],
        [0.2518, 0.2761, 0.2253, 0.2469],
        [0.2559, 0.2834, 0.2312, 0.2296]], device='cuda:0',
       grad_fn=<SoftmaxBackward0>)
tensor([[0.2452, 0.2927, 0.2384, 0.2237],
        [0.2526, 0.2835, 0.2279, 0.2359],
        [0.2543, 0.2829, 0.2411, 0.2218]], device='cuda:0',
       grad_fn=<SoftmaxBackward0>)
tensor([[0.2608, 0.2928, 0.2316, 0.2148],
        [0.2491, 0.2755, 0.2362, 0.2391],
        [0.2582, 0.2739, 0.2311, 0.2367]], device='cuda:0',
       grad_fn=<SoftmaxBackward0>)
#####################
05/28 05:39:41PM searchShareStage_trainer.py:124 [INFO] Train: Epoch: [7][50/390]	Step 2787	lr 0.02386	Loss 0.7405 (0.7259)	Prec@(1,5) (74.8%, 98.4%)	
05/28 05:40:00PM searchShareStage_trainer.py:124 [INFO] Train: Epoch: [7][100/390]	Step 2837	lr 0.02386	Loss 0.8653 (0.7350)	Prec@(1,5) (74.4%, 98.2%)	
05/28 05:40:19PM searchShareStage_trainer.py:124 [INFO] Train: Epoch: [7][150/390]	Step 2887	lr 0.02386	Loss 0.7434 (0.7503)	Prec@(1,5) (73.5%, 98.2%)	
05/28 05:40:38PM searchShareStage_trainer.py:124 [INFO] Train: Epoch: [7][200/390]	Step 2937	lr 0.02386	Loss 0.7983 (0.7460)	Prec@(1,5) (73.7%, 98.2%)	
05/28 05:40:56PM searchShareStage_trainer.py:124 [INFO] Train: Epoch: [7][250/390]	Step 2987	lr 0.02386	Loss 0.6771 (0.7471)	Prec@(1,5) (73.7%, 98.1%)	
05/28 05:41:15PM searchShareStage_trainer.py:124 [INFO] Train: Epoch: [7][300/390]	Step 3037	lr 0.02386	Loss 0.8505 (0.7384)	Prec@(1,5) (74.2%, 98.2%)	
05/28 05:41:33PM searchShareStage_trainer.py:124 [INFO] Train: Epoch: [7][350/390]	Step 3087	lr 0.02386	Loss 0.7287 (0.7408)	Prec@(1,5) (74.2%, 98.2%)	
05/28 05:41:48PM searchShareStage_trainer.py:124 [INFO] Train: Epoch: [7][390/390]	Step 3127	lr 0.02386	Loss 0.7209 (0.7400)	Prec@(1,5) (74.3%, 98.2%)	
05/28 05:41:49PM searchShareStage_trainer.py:134 [INFO] Train: [  7/49] Final Prec@1 74.2680%
05/28 05:41:52PM searchStage_trainer.py:249 [INFO] Valid: Epoch: [7][50/391]	Step 3128	Loss 0.8549	Prec@(1,5) (69.1%, 98.1%)
05/28 05:41:55PM searchStage_trainer.py:249 [INFO] Valid: Epoch: [7][100/391]	Step 3128	Loss 0.8793	Prec@(1,5) (68.5%, 97.9%)
05/28 05:41:58PM searchStage_trainer.py:249 [INFO] Valid: Epoch: [7][150/391]	Step 3128	Loss 0.8701	Prec@(1,5) (69.0%, 97.9%)
05/28 05:42:01PM searchStage_trainer.py:249 [INFO] Valid: Epoch: [7][200/391]	Step 3128	Loss 0.8725	Prec@(1,5) (68.9%, 97.8%)
05/28 05:42:04PM searchStage_trainer.py:249 [INFO] Valid: Epoch: [7][250/391]	Step 3128	Loss 0.8727	Prec@(1,5) (69.1%, 97.8%)
05/28 05:42:07PM searchStage_trainer.py:249 [INFO] Valid: Epoch: [7][300/391]	Step 3128	Loss 0.8771	Prec@(1,5) (69.1%, 97.8%)
05/28 05:42:10PM searchStage_trainer.py:249 [INFO] Valid: Epoch: [7][350/391]	Step 3128	Loss 0.8761	Prec@(1,5) (69.2%, 97.8%)
05/28 05:42:12PM searchStage_trainer.py:249 [INFO] Valid: Epoch: [7][390/391]	Step 3128	Loss 0.8761	Prec@(1,5) (69.2%, 97.8%)
05/28 05:42:13PM searchStage_trainer.py:260 [INFO] Valid: [  7/49] Final Prec@1 69.1920%
05/28 05:42:13PM searchStage_main.py:53 [INFO] DAG = Genotype2(DAG1=[[('avg_pool_3x3', 1), ('avg_pool_3x3', 0)], [('avg_pool_3x3', 2), ('avg_pool_3x3', 0)], [('avg_pool_3x3', 3), ('avg_pool_3x3', 2)], [('avg_pool_3x3', 4), ('avg_pool_3x3', 3)], [('avg_pool_3x3', 5), ('avg_pool_3x3', 4)], [('avg_pool_3x3', 6), ('avg_pool_3x3', 5)]], DAG1_concat=range(6, 8), DAG2=[[('avg_pool_3x3', 1), ('avg_pool_3x3', 0)], [('avg_pool_3x3', 2), ('avg_pool_3x3', 0)], [('avg_pool_3x3', 3), ('avg_pool_3x3', 2)], [('avg_pool_3x3', 4), ('avg_pool_3x3', 3)], [('avg_pool_3x3', 5), ('avg_pool_3x3', 4)], [('avg_pool_3x3', 6), ('avg_pool_3x3', 5)]], DAG2_concat=range(6, 8), DAG3=[[('avg_pool_3x3', 1), ('avg_pool_3x3', 0)], [('avg_pool_3x3', 2), ('avg_pool_3x3', 0)], [('avg_pool_3x3', 3), ('avg_pool_3x3', 2)], [('avg_pool_3x3', 4), ('avg_pool_3x3', 3)], [('avg_pool_3x3', 5), ('avg_pool_3x3', 4)], [('avg_pool_3x3', 6), ('avg_pool_3x3', 5)]], DAG3_concat=range(6, 8))
05/28 05:42:13PM searchStage_main.py:68 [INFO] Until now, best Prec@1 = 69.1920%
####### ALPHA #######
# Alpha - DAG
tensor([[0.2446, 0.2728, 0.2469, 0.2357],
        [0.2326, 0.3025, 0.2512, 0.2137]], device='cuda:0',
       grad_fn=<SoftmaxBackward0>)
tensor([[0.2294, 0.2857, 0.2699, 0.2150],
        [0.2479, 0.2839, 0.2570, 0.2112],
        [0.2576, 0.2965, 0.2204, 0.2255]], device='cuda:0',
       grad_fn=<SoftmaxBackward0>)
tensor([[0.2586, 0.2857, 0.2448, 0.2109],
        [0.2647, 0.2871, 0.2345, 0.2138],
        [0.2585, 0.2820, 0.2184, 0.2411]], device='cuda:0',
       grad_fn=<SoftmaxBackward0>)
tensor([[0.2626, 0.2959, 0.2324, 0.2090],
        [0.2518, 0.2760, 0.2253, 0.2469],
        [0.2559, 0.2834, 0.2312, 0.2296]], device='cuda:0',
       grad_fn=<SoftmaxBackward0>)
tensor([[0.2452, 0.2926, 0.2384, 0.2238],
        [0.2526, 0.2835, 0.2280, 0.2360],
        [0.2543, 0.2829, 0.2411, 0.2218]], device='cuda:0',
       grad_fn=<SoftmaxBackward0>)
tensor([[0.2608, 0.2928, 0.2316, 0.2148],
        [0.2491, 0.2755, 0.2363, 0.2391],
        [0.2582, 0.2739, 0.2311, 0.2367]], device='cuda:0',
       grad_fn=<SoftmaxBackward0>)
#####################
05/28 05:42:33PM searchShareStage_trainer.py:124 [INFO] Train: Epoch: [8][50/390]	Step 3178	lr 0.02352	Loss 0.9510 (0.6996)	Prec@(1,5) (76.4%, 98.3%)	
