05/25 03:17:20PM parser.py:28 [INFO] 
05/25 03:17:20PM parser.py:29 [INFO] Parameters:
05/25 03:17:20PM parser.py:31 [INFO] DAG_PATH=results/search_Stage/CIFAR10/PRET_CIFAR10/EXP(20240524-032729)-20240525-151720/DAG
05/25 03:17:20PM parser.py:31 [INFO] ALPHA_LR=0.0003
05/25 03:17:20PM parser.py:31 [INFO] ALPHA_WEIGHT_DECAY=0.001
05/25 03:17:20PM parser.py:31 [INFO] BATCH_SIZE=64
05/25 03:17:20PM parser.py:31 [INFO] CHECKPOINT_RESET=True
05/25 03:17:20PM parser.py:31 [INFO] DATA_PATH=../data/
05/25 03:17:20PM parser.py:31 [INFO] DATASET=CIFAR10
05/25 03:17:20PM parser.py:31 [INFO] EPOCHS=50
05/25 03:17:20PM parser.py:31 [INFO] EXP_NAME=EXP(20240524-032729)-20240525-151720
05/25 03:17:20PM parser.py:31 [INFO] GENOTYPE=Genotype(normal=[[('sep_conv_3x3', 1), ('sep_conv_3x3', 0)], [('skip_connect', 0), ('sep_conv_3x3', 1)], [('skip_connect', 0), ('sep_conv_3x3', 1)], [('sep_conv_3x3', 0), ('skip_connect', 2)]], normal_concat=[2, 3, 4, 5], reduce=[[('max_pool_3x3', 0), ('max_pool_3x3', 1)], [('skip_connect', 2), ('max_pool_3x3', 0)], [('max_pool_3x3', 0), ('skip_connect', 2)], [('skip_connect', 2), ('avg_pool_3x3', 0)]], reduce_concat=[2, 3, 4, 5])
05/25 03:17:20PM parser.py:31 [INFO] GPUS=[0]
05/25 03:17:20PM parser.py:31 [INFO] INIT_CHANNELS=16
05/25 03:17:20PM parser.py:31 [INFO] LAYERS=20
05/25 03:17:20PM parser.py:31 [INFO] LOCAL_RANK=0
05/25 03:17:20PM parser.py:31 [INFO] LOGGER=<Logger H-DAS (INFO)>
05/25 03:17:20PM parser.py:31 [INFO] NAME=PRET_CIFAR10
05/25 03:17:20PM parser.py:31 [INFO] PATH=results/search_Stage/CIFAR10/PRET_CIFAR10/EXP(20240524-032729)-20240525-151720
05/25 03:17:20PM parser.py:31 [INFO] PRINT_FREQ=50
05/25 03:17:20PM parser.py:31 [INFO] RESUME_PATH=/home/miura/lab/research-hdas/results/search_Stage/CIFAR10/SCRATCH/EXP-20240524-032729/best.pth.tar
05/25 03:17:20PM parser.py:31 [INFO] SAVE=EXP(20240524-032729)
05/25 03:17:20PM parser.py:31 [INFO] SEED=0
05/25 03:17:20PM parser.py:31 [INFO] SHARE_STAGE=True
05/25 03:17:20PM parser.py:31 [INFO] TRAIN_PORTION=0.5
05/25 03:17:20PM parser.py:31 [INFO] W_GRAD_CLIP=5.0
05/25 03:17:20PM parser.py:31 [INFO] W_LR=0.025
05/25 03:17:20PM parser.py:31 [INFO] W_LR_MIN=0.001
05/25 03:17:20PM parser.py:31 [INFO] W_MOMENTUM=0.9
05/25 03:17:20PM parser.py:31 [INFO] W_WEIGHT_DECAY=0.0003
05/25 03:17:20PM parser.py:31 [INFO] WORKERS=4
05/25 03:17:20PM parser.py:32 [INFO] 
05/25 03:17:22PM searchStage_trainer.py:110 [INFO] --> Loaded checkpoint '/home/miura/lab/research-hdas/results/search_Stage/CIFAR10/SCRATCH/EXP-20240524-032729/best.pth.tar'(Reseted epoch 0)
####### ALPHA #######
# Alpha - DAG
tensor([[0.2470, 0.2788, 0.2674, 0.2068],
        [0.2486, 0.2715, 0.2654, 0.2145]], device='cuda:0',
       grad_fn=<SoftmaxBackward0>)
tensor([[0.2658, 0.2660, 0.2538, 0.2143],
        [0.2564, 0.2759, 0.2633, 0.2045],
        [0.2624, 0.2828, 0.2290, 0.2259]], device='cuda:0',
       grad_fn=<SoftmaxBackward0>)
tensor([[0.2473, 0.2663, 0.2654, 0.2210],
        [0.2554, 0.2730, 0.2390, 0.2326],
        [0.2602, 0.2791, 0.2400, 0.2206]], device='cuda:0',
       grad_fn=<SoftmaxBackward0>)
tensor([[0.2544, 0.2725, 0.2415, 0.2317],
        [0.2513, 0.2686, 0.2436, 0.2365],
        [0.2547, 0.2712, 0.2404, 0.2337]], device='cuda:0',
       grad_fn=<SoftmaxBackward0>)
tensor([[0.2692, 0.2704, 0.2411, 0.2194],
        [0.2660, 0.2655, 0.2319, 0.2366],
        [0.2597, 0.2633, 0.2365, 0.2405]], device='cuda:0',
       grad_fn=<SoftmaxBackward0>)
tensor([[0.2512, 0.2662, 0.2461, 0.2365],
        [0.2560, 0.2621, 0.2430, 0.2389],
        [0.2569, 0.2610, 0.2413, 0.2408]], device='cuda:0',
       grad_fn=<SoftmaxBackward0>)
#####################
05/25 03:17:40PM searchShareStage_trainer.py:124 [INFO] Train: Epoch: [0][50/390]	Step 50	lr 0.025	Loss 0.6314 (0.4696)	Prec@(1,5) (85.8%, 99.6%)	
05/25 03:17:59PM searchShareStage_trainer.py:124 [INFO] Train: Epoch: [0][100/390]	Step 100	lr 0.025	Loss 0.9111 (0.5922)	Prec@(1,5) (80.8%, 99.2%)	
05/25 03:18:15PM searchShareStage_trainer.py:124 [INFO] Train: Epoch: [0][150/390]	Step 150	lr 0.025	Loss 0.7294 (0.6013)	Prec@(1,5) (80.2%, 98.9%)	
05/25 03:18:33PM searchShareStage_trainer.py:124 [INFO] Train: Epoch: [0][200/390]	Step 200	lr 0.025	Loss 0.5448 (0.5904)	Prec@(1,5) (80.3%, 99.0%)	
05/25 03:18:51PM searchShareStage_trainer.py:124 [INFO] Train: Epoch: [0][250/390]	Step 250	lr 0.025	Loss 0.5334 (0.5787)	Prec@(1,5) (80.4%, 99.1%)	
05/25 03:19:09PM searchShareStage_trainer.py:124 [INFO] Train: Epoch: [0][300/390]	Step 300	lr 0.025	Loss 0.6012 (0.5632)	Prec@(1,5) (80.8%, 99.1%)	
05/25 03:19:26PM searchShareStage_trainer.py:124 [INFO] Train: Epoch: [0][350/390]	Step 350	lr 0.025	Loss 0.4678 (0.5562)	Prec@(1,5) (81.1%, 99.1%)	
05/25 03:19:41PM searchShareStage_trainer.py:124 [INFO] Train: Epoch: [0][390/390]	Step 390	lr 0.025	Loss 0.5215 (0.5518)	Prec@(1,5) (81.1%, 99.1%)	
05/25 03:19:42PM searchShareStage_trainer.py:134 [INFO] Train: [  0/49] Final Prec@1 81.1240%
05/25 03:19:45PM searchStage_trainer.py:249 [INFO] Valid: Epoch: [0][50/391]	Step 391	Loss 0.7178	Prec@(1,5) (75.4%, 98.4%)
05/25 03:19:48PM searchStage_trainer.py:249 [INFO] Valid: Epoch: [0][100/391]	Step 391	Loss 0.7351	Prec@(1,5) (74.9%, 98.4%)
05/25 03:19:51PM searchStage_trainer.py:249 [INFO] Valid: Epoch: [0][150/391]	Step 391	Loss 0.7229	Prec@(1,5) (75.2%, 98.4%)
05/25 03:19:53PM searchStage_trainer.py:249 [INFO] Valid: Epoch: [0][200/391]	Step 391	Loss 0.7266	Prec@(1,5) (75.3%, 98.4%)
05/25 03:19:56PM searchStage_trainer.py:249 [INFO] Valid: Epoch: [0][250/391]	Step 391	Loss 0.7297	Prec@(1,5) (75.4%, 98.4%)
05/25 03:19:59PM searchStage_trainer.py:249 [INFO] Valid: Epoch: [0][300/391]	Step 391	Loss 0.7306	Prec@(1,5) (75.3%, 98.4%)
05/25 03:20:02PM searchStage_trainer.py:249 [INFO] Valid: Epoch: [0][350/391]	Step 391	Loss 0.7363	Prec@(1,5) (75.2%, 98.4%)
05/25 03:20:04PM searchStage_trainer.py:249 [INFO] Valid: Epoch: [0][390/391]	Step 391	Loss 0.7361	Prec@(1,5) (75.2%, 98.4%)
05/25 03:20:04PM searchStage_trainer.py:260 [INFO] Valid: [  0/49] Final Prec@1 75.2280%
05/25 03:20:04PM searchStage_main.py:53 [INFO] DAG = Genotype2(DAG1=[[('avg_pool_3x3', 0), ('avg_pool_3x3', 1)], [('avg_pool_3x3', 2), ('avg_pool_3x3', 1)], [('avg_pool_3x3', 3), ('avg_pool_3x3', 2)], [('avg_pool_3x3', 4), ('avg_pool_3x3', 3)], [('avg_pool_3x3', 5), ('max_pool_3x3', 4)], [('avg_pool_3x3', 6), ('avg_pool_3x3', 5)]], DAG1_concat=range(6, 8), DAG2=[[('avg_pool_3x3', 0), ('avg_pool_3x3', 1)], [('avg_pool_3x3', 2), ('avg_pool_3x3', 1)], [('avg_pool_3x3', 3), ('avg_pool_3x3', 2)], [('avg_pool_3x3', 4), ('avg_pool_3x3', 3)], [('avg_pool_3x3', 5), ('max_pool_3x3', 4)], [('avg_pool_3x3', 6), ('avg_pool_3x3', 5)]], DAG2_concat=range(6, 8), DAG3=[[('avg_pool_3x3', 0), ('avg_pool_3x3', 1)], [('avg_pool_3x3', 2), ('avg_pool_3x3', 1)], [('avg_pool_3x3', 3), ('avg_pool_3x3', 2)], [('avg_pool_3x3', 4), ('avg_pool_3x3', 3)], [('avg_pool_3x3', 5), ('max_pool_3x3', 4)], [('avg_pool_3x3', 6), ('avg_pool_3x3', 5)]], DAG3_concat=range(6, 8))
05/25 03:20:04PM searchStage_main.py:68 [INFO] Until now, best Prec@1 = 75.2280%
####### ALPHA #######
# Alpha - DAG
tensor([[0.2471, 0.2787, 0.2675, 0.2068],
        [0.2487, 0.2714, 0.2654, 0.2146]], device='cuda:0',
       grad_fn=<SoftmaxBackward0>)
tensor([[0.2659, 0.2660, 0.2538, 0.2143],
        [0.2565, 0.2758, 0.2633, 0.2044],
        [0.2624, 0.2828, 0.2289, 0.2259]], device='cuda:0',
       grad_fn=<SoftmaxBackward0>)
tensor([[0.2474, 0.2662, 0.2654, 0.2210],
        [0.2553, 0.2731, 0.2391, 0.2325],
        [0.2602, 0.2792, 0.2400, 0.2207]], device='cuda:0',
       grad_fn=<SoftmaxBackward0>)
tensor([[0.2545, 0.2724, 0.2414, 0.2317],
        [0.2514, 0.2686, 0.2436, 0.2365],
        [0.2547, 0.2713, 0.2403, 0.2336]], device='cuda:0',
       grad_fn=<SoftmaxBackward0>)
tensor([[0.2691, 0.2705, 0.2411, 0.2193],
        [0.2660, 0.2655, 0.2320, 0.2366],
        [0.2597, 0.2633, 0.2365, 0.2406]], device='cuda:0',
       grad_fn=<SoftmaxBackward0>)
tensor([[0.2513, 0.2661, 0.2461, 0.2365],
        [0.2560, 0.2621, 0.2431, 0.2388],
        [0.2569, 0.2609, 0.2413, 0.2409]], device='cuda:0',
       grad_fn=<SoftmaxBackward0>)
#####################
05/25 03:20:22PM searchShareStage_trainer.py:124 [INFO] Train: Epoch: [1][50/390]	Step 441	lr 0.02498	Loss 0.3544 (0.4513)	Prec@(1,5) (83.9%, 99.4%)	
05/25 03:20:40PM searchShareStage_trainer.py:124 [INFO] Train: Epoch: [1][100/390]	Step 491	lr 0.02498	Loss 0.7028 (0.4789)	Prec@(1,5) (83.1%, 99.4%)	
05/25 03:20:58PM searchShareStage_trainer.py:124 [INFO] Train: Epoch: [1][150/390]	Step 541	lr 0.02498	Loss 0.5373 (0.4864)	Prec@(1,5) (83.0%, 99.3%)	
05/25 03:21:15PM searchShareStage_trainer.py:124 [INFO] Train: Epoch: [1][200/390]	Step 591	lr 0.02498	Loss 0.4656 (0.4859)	Prec@(1,5) (82.9%, 99.3%)	
05/25 03:21:33PM searchShareStage_trainer.py:124 [INFO] Train: Epoch: [1][250/390]	Step 641	lr 0.02498	Loss 0.4134 (0.4839)	Prec@(1,5) (83.0%, 99.3%)	
05/25 03:21:51PM searchShareStage_trainer.py:124 [INFO] Train: Epoch: [1][300/390]	Step 691	lr 0.02498	Loss 0.4144 (0.4835)	Prec@(1,5) (83.1%, 99.3%)	
05/25 03:22:08PM searchShareStage_trainer.py:124 [INFO] Train: Epoch: [1][350/390]	Step 741	lr 0.02498	Loss 0.2983 (0.4846)	Prec@(1,5) (83.2%, 99.3%)	
05/25 03:22:21PM searchShareStage_trainer.py:124 [INFO] Train: Epoch: [1][390/390]	Step 781	lr 0.02498	Loss 0.3775 (0.4805)	Prec@(1,5) (83.3%, 99.3%)	
05/25 03:22:21PM searchShareStage_trainer.py:134 [INFO] Train: [  1/49] Final Prec@1 83.3040%
05/25 03:22:24PM searchStage_trainer.py:249 [INFO] Valid: Epoch: [1][50/391]	Step 782	Loss 0.7272	Prec@(1,5) (75.7%, 98.7%)
05/25 03:22:27PM searchStage_trainer.py:249 [INFO] Valid: Epoch: [1][100/391]	Step 782	Loss 0.7274	Prec@(1,5) (75.8%, 98.4%)
05/25 03:22:30PM searchStage_trainer.py:249 [INFO] Valid: Epoch: [1][150/391]	Step 782	Loss 0.7309	Prec@(1,5) (76.2%, 98.3%)
05/25 03:22:33PM searchStage_trainer.py:249 [INFO] Valid: Epoch: [1][200/391]	Step 782	Loss 0.7235	Prec@(1,5) (76.5%, 98.3%)
05/25 03:22:35PM searchStage_trainer.py:249 [INFO] Valid: Epoch: [1][250/391]	Step 782	Loss 0.7271	Prec@(1,5) (76.3%, 98.3%)
05/25 03:22:38PM searchStage_trainer.py:249 [INFO] Valid: Epoch: [1][300/391]	Step 782	Loss 0.7269	Prec@(1,5) (76.3%, 98.3%)
05/25 03:22:41PM searchStage_trainer.py:249 [INFO] Valid: Epoch: [1][350/391]	Step 782	Loss 0.7267	Prec@(1,5) (76.2%, 98.3%)
05/25 03:22:43PM searchStage_trainer.py:249 [INFO] Valid: Epoch: [1][390/391]	Step 782	Loss 0.7282	Prec@(1,5) (76.2%, 98.3%)
05/25 03:22:43PM searchStage_trainer.py:260 [INFO] Valid: [  1/49] Final Prec@1 76.2280%
05/25 03:22:43PM searchStage_main.py:53 [INFO] DAG = Genotype2(DAG1=[[('avg_pool_3x3', 0), ('avg_pool_3x3', 1)], [('avg_pool_3x3', 2), ('avg_pool_3x3', 1)], [('avg_pool_3x3', 3), ('avg_pool_3x3', 2)], [('avg_pool_3x3', 4), ('avg_pool_3x3', 3)], [('avg_pool_3x3', 5), ('max_pool_3x3', 4)], [('avg_pool_3x3', 6), ('avg_pool_3x3', 5)]], DAG1_concat=range(6, 8), DAG2=[[('avg_pool_3x3', 0), ('avg_pool_3x3', 1)], [('avg_pool_3x3', 2), ('avg_pool_3x3', 1)], [('avg_pool_3x3', 3), ('avg_pool_3x3', 2)], [('avg_pool_3x3', 4), ('avg_pool_3x3', 3)], [('avg_pool_3x3', 5), ('max_pool_3x3', 4)], [('avg_pool_3x3', 6), ('avg_pool_3x3', 5)]], DAG2_concat=range(6, 8), DAG3=[[('avg_pool_3x3', 0), ('avg_pool_3x3', 1)], [('avg_pool_3x3', 2), ('avg_pool_3x3', 1)], [('avg_pool_3x3', 3), ('avg_pool_3x3', 2)], [('avg_pool_3x3', 4), ('avg_pool_3x3', 3)], [('avg_pool_3x3', 5), ('max_pool_3x3', 4)], [('avg_pool_3x3', 6), ('avg_pool_3x3', 5)]], DAG3_concat=range(6, 8))
05/25 03:22:44PM searchStage_main.py:68 [INFO] Until now, best Prec@1 = 76.2280%
####### ALPHA #######
# Alpha - DAG
tensor([[0.2471, 0.2786, 0.2675, 0.2068],
        [0.2487, 0.2714, 0.2654, 0.2146]], device='cuda:0',
       grad_fn=<SoftmaxBackward0>)
tensor([[0.2659, 0.2660, 0.2538, 0.2143],
        [0.2564, 0.2758, 0.2633, 0.2044],
        [0.2624, 0.2828, 0.2289, 0.2259]], device='cuda:0',
       grad_fn=<SoftmaxBackward0>)
tensor([[0.2474, 0.2662, 0.2654, 0.2210],
        [0.2553, 0.2731, 0.2391, 0.2325],
        [0.2602, 0.2792, 0.2400, 0.2207]], device='cuda:0',
       grad_fn=<SoftmaxBackward0>)
tensor([[0.2545, 0.2724, 0.2414, 0.2317],
        [0.2514, 0.2685, 0.2436, 0.2365],
        [0.2547, 0.2713, 0.2404, 0.2336]], device='cuda:0',
       grad_fn=<SoftmaxBackward0>)
tensor([[0.2691, 0.2705, 0.2412, 0.2193],
        [0.2660, 0.2655, 0.2320, 0.2366],
        [0.2597, 0.2632, 0.2365, 0.2406]], device='cuda:0',
       grad_fn=<SoftmaxBackward0>)
tensor([[0.2513, 0.2661, 0.2460, 0.2365],
        [0.2560, 0.2621, 0.2431, 0.2388],
        [0.2569, 0.2609, 0.2413, 0.2410]], device='cuda:0',
       grad_fn=<SoftmaxBackward0>)
#####################
05/25 03:23:03PM searchShareStage_trainer.py:124 [INFO] Train: Epoch: [2][50/390]	Step 832	lr 0.02491	Loss 0.5272 (0.4162)	Prec@(1,5) (85.6%, 99.7%)	
05/25 03:23:19PM searchShareStage_trainer.py:124 [INFO] Train: Epoch: [2][100/390]	Step 882	lr 0.02491	Loss 0.4673 (0.4331)	Prec@(1,5) (84.6%, 99.5%)	
05/25 03:23:38PM searchShareStage_trainer.py:124 [INFO] Train: Epoch: [2][150/390]	Step 932	lr 0.02491	Loss 0.8198 (0.4389)	Prec@(1,5) (84.7%, 99.5%)	
05/25 03:23:57PM searchShareStage_trainer.py:124 [INFO] Train: Epoch: [2][200/390]	Step 982	lr 0.02491	Loss 0.4734 (0.4402)	Prec@(1,5) (84.6%, 99.5%)	
05/25 03:24:13PM searchShareStage_trainer.py:124 [INFO] Train: Epoch: [2][250/390]	Step 1032	lr 0.02491	Loss 0.3832 (0.4455)	Prec@(1,5) (84.5%, 99.5%)	
05/25 03:24:31PM searchShareStage_trainer.py:124 [INFO] Train: Epoch: [2][300/390]	Step 1082	lr 0.02491	Loss 0.6447 (0.4472)	Prec@(1,5) (84.4%, 99.4%)	
05/25 03:24:49PM searchShareStage_trainer.py:124 [INFO] Train: Epoch: [2][350/390]	Step 1132	lr 0.02491	Loss 0.4575 (0.4470)	Prec@(1,5) (84.3%, 99.4%)	
05/25 03:25:04PM searchShareStage_trainer.py:124 [INFO] Train: Epoch: [2][390/390]	Step 1172	lr 0.02491	Loss 0.6141 (0.4468)	Prec@(1,5) (84.4%, 99.4%)	
05/25 03:25:04PM searchShareStage_trainer.py:134 [INFO] Train: [  2/49] Final Prec@1 84.3440%
05/25 03:25:07PM searchStage_trainer.py:249 [INFO] Valid: Epoch: [2][50/391]	Step 1173	Loss 0.6195	Prec@(1,5) (78.8%, 99.1%)
05/25 03:25:10PM searchStage_trainer.py:249 [INFO] Valid: Epoch: [2][100/391]	Step 1173	Loss 0.6310	Prec@(1,5) (78.5%, 99.0%)
05/25 03:25:12PM searchStage_trainer.py:249 [INFO] Valid: Epoch: [2][150/391]	Step 1173	Loss 0.6344	Prec@(1,5) (78.5%, 99.0%)
05/25 03:25:15PM searchStage_trainer.py:249 [INFO] Valid: Epoch: [2][200/391]	Step 1173	Loss 0.6243	Prec@(1,5) (78.7%, 98.9%)
05/25 03:25:18PM searchStage_trainer.py:249 [INFO] Valid: Epoch: [2][250/391]	Step 1173	Loss 0.6287	Prec@(1,5) (78.6%, 98.9%)
05/25 03:25:20PM searchStage_trainer.py:249 [INFO] Valid: Epoch: [2][300/391]	Step 1173	Loss 0.6360	Prec@(1,5) (78.4%, 98.8%)
05/25 03:25:23PM searchStage_trainer.py:249 [INFO] Valid: Epoch: [2][350/391]	Step 1173	Loss 0.6378	Prec@(1,5) (78.4%, 98.8%)
05/25 03:25:25PM searchStage_trainer.py:249 [INFO] Valid: Epoch: [2][390/391]	Step 1173	Loss 0.6374	Prec@(1,5) (78.4%, 98.8%)
05/25 03:25:25PM searchStage_trainer.py:260 [INFO] Valid: [  2/49] Final Prec@1 78.4440%
05/25 03:25:25PM searchStage_main.py:53 [INFO] DAG = Genotype2(DAG1=[[('avg_pool_3x3', 0), ('avg_pool_3x3', 1)], [('avg_pool_3x3', 2), ('avg_pool_3x3', 1)], [('avg_pool_3x3', 3), ('avg_pool_3x3', 2)], [('avg_pool_3x3', 4), ('avg_pool_3x3', 3)], [('avg_pool_3x3', 5), ('max_pool_3x3', 4)], [('avg_pool_3x3', 6), ('avg_pool_3x3', 5)]], DAG1_concat=range(6, 8), DAG2=[[('avg_pool_3x3', 0), ('avg_pool_3x3', 1)], [('avg_pool_3x3', 2), ('avg_pool_3x3', 1)], [('avg_pool_3x3', 3), ('avg_pool_3x3', 2)], [('avg_pool_3x3', 4), ('avg_pool_3x3', 3)], [('avg_pool_3x3', 5), ('max_pool_3x3', 4)], [('avg_pool_3x3', 6), ('avg_pool_3x3', 5)]], DAG2_concat=range(6, 8), DAG3=[[('avg_pool_3x3', 0), ('avg_pool_3x3', 1)], [('avg_pool_3x3', 2), ('avg_pool_3x3', 1)], [('avg_pool_3x3', 3), ('avg_pool_3x3', 2)], [('avg_pool_3x3', 4), ('avg_pool_3x3', 3)], [('avg_pool_3x3', 5), ('max_pool_3x3', 4)], [('avg_pool_3x3', 6), ('avg_pool_3x3', 5)]], DAG3_concat=range(6, 8))
05/25 03:25:26PM searchStage_main.py:68 [INFO] Until now, best Prec@1 = 78.4440%
####### ALPHA #######
# Alpha - DAG
tensor([[0.2471, 0.2786, 0.2675, 0.2068],
        [0.2487, 0.2714, 0.2654, 0.2146]], device='cuda:0',
       grad_fn=<SoftmaxBackward0>)
tensor([[0.2659, 0.2660, 0.2538, 0.2144],
        [0.2564, 0.2758, 0.2633, 0.2044],
        [0.2624, 0.2828, 0.2289, 0.2260]], device='cuda:0',
       grad_fn=<SoftmaxBackward0>)
tensor([[0.2474, 0.2662, 0.2654, 0.2211],
        [0.2553, 0.2731, 0.2391, 0.2326],
        [0.2602, 0.2792, 0.2400, 0.2207]], device='cuda:0',
       grad_fn=<SoftmaxBackward0>)
tensor([[0.2545, 0.2724, 0.2414, 0.2317],
        [0.2514, 0.2685, 0.2436, 0.2365],
        [0.2547, 0.2713, 0.2404, 0.2337]], device='cuda:0',
       grad_fn=<SoftmaxBackward0>)
tensor([[0.2691, 0.2704, 0.2412, 0.2193],
        [0.2660, 0.2655, 0.2320, 0.2366],
        [0.2597, 0.2632, 0.2365, 0.2406]], device='cuda:0',
       grad_fn=<SoftmaxBackward0>)
tensor([[0.2513, 0.2661, 0.2461, 0.2366],
        [0.2560, 0.2621, 0.2431, 0.2388],
        [0.2568, 0.2609, 0.2413, 0.2410]], device='cuda:0',
       grad_fn=<SoftmaxBackward0>)
#####################
05/25 03:25:44PM searchShareStage_trainer.py:124 [INFO] Train: Epoch: [3][50/390]	Step 1223	lr 0.02479	Loss 0.2605 (0.4096)	Prec@(1,5) (86.1%, 99.5%)	
05/25 03:26:02PM searchShareStage_trainer.py:124 [INFO] Train: Epoch: [3][100/390]	Step 1273	lr 0.02479	Loss 0.2234 (0.4072)	Prec@(1,5) (85.8%, 99.5%)	
05/25 03:26:19PM searchShareStage_trainer.py:124 [INFO] Train: Epoch: [3][150/390]	Step 1323	lr 0.02479	Loss 0.3036 (0.4103)	Prec@(1,5) (85.6%, 99.5%)	
05/25 03:26:37PM searchShareStage_trainer.py:124 [INFO] Train: Epoch: [3][200/390]	Step 1373	lr 0.02479	Loss 0.5685 (0.4190)	Prec@(1,5) (85.3%, 99.5%)	
05/25 03:26:55PM searchShareStage_trainer.py:124 [INFO] Train: Epoch: [3][250/390]	Step 1423	lr 0.02479	Loss 0.3210 (0.4213)	Prec@(1,5) (85.3%, 99.5%)	
05/25 03:27:12PM searchShareStage_trainer.py:124 [INFO] Train: Epoch: [3][300/390]	Step 1473	lr 0.02479	Loss 0.3781 (0.4228)	Prec@(1,5) (85.3%, 99.5%)	
05/25 03:27:29PM searchShareStage_trainer.py:124 [INFO] Train: Epoch: [3][350/390]	Step 1523	lr 0.02479	Loss 0.3662 (0.4277)	Prec@(1,5) (85.0%, 99.5%)	
05/25 03:27:44PM searchShareStage_trainer.py:124 [INFO] Train: Epoch: [3][390/390]	Step 1563	lr 0.02479	Loss 0.5245 (0.4230)	Prec@(1,5) (85.2%, 99.5%)	
05/25 03:27:44PM searchShareStage_trainer.py:134 [INFO] Train: [  3/49] Final Prec@1 85.2320%
05/25 03:27:48PM searchStage_trainer.py:249 [INFO] Valid: Epoch: [3][50/391]	Step 1564	Loss 0.6147	Prec@(1,5) (79.6%, 98.9%)
05/25 03:27:51PM searchStage_trainer.py:249 [INFO] Valid: Epoch: [3][100/391]	Step 1564	Loss 0.6115	Prec@(1,5) (79.7%, 99.0%)
05/25 03:27:54PM searchStage_trainer.py:249 [INFO] Valid: Epoch: [3][150/391]	Step 1564	Loss 0.6140	Prec@(1,5) (79.7%, 98.9%)
05/25 03:27:57PM searchStage_trainer.py:249 [INFO] Valid: Epoch: [3][200/391]	Step 1564	Loss 0.6057	Prec@(1,5) (80.0%, 98.9%)
05/25 03:28:00PM searchStage_trainer.py:249 [INFO] Valid: Epoch: [3][250/391]	Step 1564	Loss 0.6063	Prec@(1,5) (80.0%, 98.9%)
05/25 03:28:03PM searchStage_trainer.py:249 [INFO] Valid: Epoch: [3][300/391]	Step 1564	Loss 0.6081	Prec@(1,5) (80.0%, 98.9%)
05/25 03:28:06PM searchStage_trainer.py:249 [INFO] Valid: Epoch: [3][350/391]	Step 1564	Loss 0.6066	Prec@(1,5) (80.0%, 98.9%)
05/25 03:28:08PM searchStage_trainer.py:249 [INFO] Valid: Epoch: [3][390/391]	Step 1564	Loss 0.6100	Prec@(1,5) (79.9%, 98.9%)
05/25 03:28:08PM searchStage_trainer.py:260 [INFO] Valid: [  3/49] Final Prec@1 79.9080%
05/25 03:28:08PM searchStage_main.py:53 [INFO] DAG = Genotype2(DAG1=[[('avg_pool_3x3', 0), ('avg_pool_3x3', 1)], [('avg_pool_3x3', 2), ('avg_pool_3x3', 1)], [('avg_pool_3x3', 3), ('avg_pool_3x3', 2)], [('avg_pool_3x3', 4), ('avg_pool_3x3', 3)], [('avg_pool_3x3', 5), ('max_pool_3x3', 4)], [('avg_pool_3x3', 6), ('avg_pool_3x3', 5)]], DAG1_concat=range(6, 8), DAG2=[[('avg_pool_3x3', 0), ('avg_pool_3x3', 1)], [('avg_pool_3x3', 2), ('avg_pool_3x3', 1)], [('avg_pool_3x3', 3), ('avg_pool_3x3', 2)], [('avg_pool_3x3', 4), ('avg_pool_3x3', 3)], [('avg_pool_3x3', 5), ('max_pool_3x3', 4)], [('avg_pool_3x3', 6), ('avg_pool_3x3', 5)]], DAG2_concat=range(6, 8), DAG3=[[('avg_pool_3x3', 0), ('avg_pool_3x3', 1)], [('avg_pool_3x3', 2), ('avg_pool_3x3', 1)], [('avg_pool_3x3', 3), ('avg_pool_3x3', 2)], [('avg_pool_3x3', 4), ('avg_pool_3x3', 3)], [('avg_pool_3x3', 5), ('max_pool_3x3', 4)], [('avg_pool_3x3', 6), ('avg_pool_3x3', 5)]], DAG3_concat=range(6, 8))
05/25 03:28:09PM searchStage_main.py:68 [INFO] Until now, best Prec@1 = 79.9080%
####### ALPHA #######
# Alpha - DAG
tensor([[0.2471, 0.2786, 0.2675, 0.2068],
        [0.2486, 0.2714, 0.2654, 0.2146]], device='cuda:0',
       grad_fn=<SoftmaxBackward0>)
tensor([[0.2659, 0.2660, 0.2538, 0.2144],
        [0.2564, 0.2758, 0.2634, 0.2044],
        [0.2624, 0.2827, 0.2289, 0.2260]], device='cuda:0',
       grad_fn=<SoftmaxBackward0>)
tensor([[0.2474, 0.2662, 0.2654, 0.2210],
        [0.2553, 0.2730, 0.2391, 0.2326],
        [0.2601, 0.2792, 0.2400, 0.2207]], device='cuda:0',
       grad_fn=<SoftmaxBackward0>)
tensor([[0.2545, 0.2724, 0.2414, 0.2317],
        [0.2514, 0.2685, 0.2436, 0.2365],
        [0.2547, 0.2713, 0.2404, 0.2337]], device='cuda:0',
       grad_fn=<SoftmaxBackward0>)
tensor([[0.2691, 0.2704, 0.2412, 0.2193],
        [0.2659, 0.2654, 0.2320, 0.2366],
        [0.2596, 0.2632, 0.2365, 0.2407]], device='cuda:0',
       grad_fn=<SoftmaxBackward0>)
tensor([[0.2513, 0.2661, 0.2461, 0.2366],
        [0.2560, 0.2621, 0.2431, 0.2388],
        [0.2568, 0.2608, 0.2413, 0.2410]], device='cuda:0',
       grad_fn=<SoftmaxBackward0>)
#####################
05/25 03:28:26PM searchShareStage_trainer.py:124 [INFO] Train: Epoch: [4][50/390]	Step 1614	lr 0.02462	Loss 0.5654 (0.4071)	Prec@(1,5) (85.4%, 99.7%)	
05/25 03:28:44PM searchShareStage_trainer.py:124 [INFO] Train: Epoch: [4][100/390]	Step 1664	lr 0.02462	Loss 0.2063 (0.4093)	Prec@(1,5) (85.8%, 99.7%)	
05/25 03:29:02PM searchShareStage_trainer.py:124 [INFO] Train: Epoch: [4][150/390]	Step 1714	lr 0.02462	Loss 0.4632 (0.4059)	Prec@(1,5) (86.0%, 99.6%)	
05/25 03:29:19PM searchShareStage_trainer.py:124 [INFO] Train: Epoch: [4][200/390]	Step 1764	lr 0.02462	Loss 0.4541 (0.4071)	Prec@(1,5) (85.9%, 99.6%)	
05/25 03:29:37PM searchShareStage_trainer.py:124 [INFO] Train: Epoch: [4][250/390]	Step 1814	lr 0.02462	Loss 0.4371 (0.4080)	Prec@(1,5) (85.9%, 99.6%)	
05/25 03:29:55PM searchShareStage_trainer.py:124 [INFO] Train: Epoch: [4][300/390]	Step 1864	lr 0.02462	Loss 0.4610 (0.4111)	Prec@(1,5) (85.8%, 99.6%)	
05/25 03:30:13PM searchShareStage_trainer.py:124 [INFO] Train: Epoch: [4][350/390]	Step 1914	lr 0.02462	Loss 0.3432 (0.4142)	Prec@(1,5) (85.8%, 99.5%)	
05/25 03:30:27PM searchShareStage_trainer.py:124 [INFO] Train: Epoch: [4][390/390]	Step 1954	lr 0.02462	Loss 0.5012 (0.4182)	Prec@(1,5) (85.6%, 99.5%)	
05/25 03:30:27PM searchShareStage_trainer.py:134 [INFO] Train: [  4/49] Final Prec@1 85.5400%
05/25 03:30:30PM searchStage_trainer.py:249 [INFO] Valid: Epoch: [4][50/391]	Step 1955	Loss 0.6129	Prec@(1,5) (79.8%, 98.3%)
05/25 03:30:33PM searchStage_trainer.py:249 [INFO] Valid: Epoch: [4][100/391]	Step 1955	Loss 0.6082	Prec@(1,5) (80.0%, 98.4%)
05/25 03:30:36PM searchStage_trainer.py:249 [INFO] Valid: Epoch: [4][150/391]	Step 1955	Loss 0.6022	Prec@(1,5) (79.9%, 98.6%)
05/25 03:30:38PM searchStage_trainer.py:249 [INFO] Valid: Epoch: [4][200/391]	Step 1955	Loss 0.6000	Prec@(1,5) (79.8%, 98.6%)
05/25 03:30:41PM searchStage_trainer.py:249 [INFO] Valid: Epoch: [4][250/391]	Step 1955	Loss 0.6116	Prec@(1,5) (79.5%, 98.7%)
05/25 03:30:44PM searchStage_trainer.py:249 [INFO] Valid: Epoch: [4][300/391]	Step 1955	Loss 0.6109	Prec@(1,5) (79.6%, 98.7%)
05/25 03:30:46PM searchStage_trainer.py:249 [INFO] Valid: Epoch: [4][350/391]	Step 1955	Loss 0.6095	Prec@(1,5) (79.6%, 98.6%)
05/25 03:30:48PM searchStage_trainer.py:249 [INFO] Valid: Epoch: [4][390/391]	Step 1955	Loss 0.6033	Prec@(1,5) (79.9%, 98.6%)
05/25 03:30:48PM searchStage_trainer.py:260 [INFO] Valid: [  4/49] Final Prec@1 79.9000%
05/25 03:30:48PM searchStage_main.py:53 [INFO] DAG = Genotype2(DAG1=[[('avg_pool_3x3', 0), ('avg_pool_3x3', 1)], [('avg_pool_3x3', 2), ('avg_pool_3x3', 1)], [('avg_pool_3x3', 3), ('avg_pool_3x3', 2)], [('avg_pool_3x3', 4), ('avg_pool_3x3', 3)], [('avg_pool_3x3', 5), ('max_pool_3x3', 4)], [('avg_pool_3x3', 6), ('avg_pool_3x3', 5)]], DAG1_concat=range(6, 8), DAG2=[[('avg_pool_3x3', 0), ('avg_pool_3x3', 1)], [('avg_pool_3x3', 2), ('avg_pool_3x3', 1)], [('avg_pool_3x3', 3), ('avg_pool_3x3', 2)], [('avg_pool_3x3', 4), ('avg_pool_3x3', 3)], [('avg_pool_3x3', 5), ('max_pool_3x3', 4)], [('avg_pool_3x3', 6), ('avg_pool_3x3', 5)]], DAG2_concat=range(6, 8), DAG3=[[('avg_pool_3x3', 0), ('avg_pool_3x3', 1)], [('avg_pool_3x3', 2), ('avg_pool_3x3', 1)], [('avg_pool_3x3', 3), ('avg_pool_3x3', 2)], [('avg_pool_3x3', 4), ('avg_pool_3x3', 3)], [('avg_pool_3x3', 5), ('max_pool_3x3', 4)], [('avg_pool_3x3', 6), ('avg_pool_3x3', 5)]], DAG3_concat=range(6, 8))
05/25 03:30:48PM searchStage_main.py:68 [INFO] Until now, best Prec@1 = 79.9080%
####### ALPHA #######
# Alpha - DAG
tensor([[0.2471, 0.2786, 0.2676, 0.2068],
        [0.2486, 0.2713, 0.2654, 0.2146]], device='cuda:0',
       grad_fn=<SoftmaxBackward0>)
tensor([[0.2659, 0.2659, 0.2538, 0.2144],
        [0.2564, 0.2758, 0.2634, 0.2044],
        [0.2624, 0.2827, 0.2289, 0.2260]], device='cuda:0',
       grad_fn=<SoftmaxBackward0>)
tensor([[0.2474, 0.2662, 0.2654, 0.2210],
        [0.2553, 0.2730, 0.2391, 0.2326],
        [0.2601, 0.2791, 0.2400, 0.2207]], device='cuda:0',
       grad_fn=<SoftmaxBackward0>)
tensor([[0.2545, 0.2724, 0.2414, 0.2317],
        [0.2514, 0.2685, 0.2436, 0.2366],
        [0.2547, 0.2713, 0.2404, 0.2337]], device='cuda:0',
       grad_fn=<SoftmaxBackward0>)
tensor([[0.2691, 0.2704, 0.2412, 0.2193],
        [0.2659, 0.2654, 0.2320, 0.2366],
        [0.2596, 0.2632, 0.2365, 0.2407]], device='cuda:0',
       grad_fn=<SoftmaxBackward0>)
tensor([[0.2513, 0.2660, 0.2461, 0.2366],
        [0.2560, 0.2621, 0.2431, 0.2388],
        [0.2568, 0.2608, 0.2413, 0.2410]], device='cuda:0',
       grad_fn=<SoftmaxBackward0>)
#####################
05/25 03:31:07PM searchShareStage_trainer.py:124 [INFO] Train: Epoch: [5][50/390]	Step 2005	lr 0.02441	Loss 0.4320 (0.3498)	Prec@(1,5) (88.0%, 99.5%)	
05/25 03:31:25PM searchShareStage_trainer.py:124 [INFO] Train: Epoch: [5][100/390]	Step 2055	lr 0.02441	Loss 0.3652 (0.3693)	Prec@(1,5) (87.2%, 99.5%)	
05/25 03:31:42PM searchShareStage_trainer.py:124 [INFO] Train: Epoch: [5][150/390]	Step 2105	lr 0.02441	Loss 0.2033 (0.3748)	Prec@(1,5) (86.9%, 99.5%)	
05/25 03:32:01PM searchShareStage_trainer.py:124 [INFO] Train: Epoch: [5][200/390]	Step 2155	lr 0.02441	Loss 0.5689 (0.3846)	Prec@(1,5) (86.5%, 99.5%)	
05/25 03:32:20PM searchShareStage_trainer.py:124 [INFO] Train: Epoch: [5][250/390]	Step 2205	lr 0.02441	Loss 0.3170 (0.3900)	Prec@(1,5) (86.4%, 99.5%)	
05/25 03:32:36PM searchShareStage_trainer.py:124 [INFO] Train: Epoch: [5][300/390]	Step 2255	lr 0.02441	Loss 0.3682 (0.3933)	Prec@(1,5) (86.3%, 99.5%)	
05/25 03:32:54PM searchShareStage_trainer.py:124 [INFO] Train: Epoch: [5][350/390]	Step 2305	lr 0.02441	Loss 0.4417 (0.3904)	Prec@(1,5) (86.4%, 99.6%)	
05/25 03:33:08PM searchShareStage_trainer.py:124 [INFO] Train: Epoch: [5][390/390]	Step 2345	lr 0.02441	Loss 0.2901 (0.3940)	Prec@(1,5) (86.3%, 99.6%)	
05/25 03:33:09PM searchShareStage_trainer.py:134 [INFO] Train: [  5/49] Final Prec@1 86.2960%
05/25 03:33:12PM searchStage_trainer.py:249 [INFO] Valid: Epoch: [5][50/391]	Step 2346	Loss 0.6295	Prec@(1,5) (79.8%, 98.8%)
05/25 03:33:15PM searchStage_trainer.py:249 [INFO] Valid: Epoch: [5][100/391]	Step 2346	Loss 0.6318	Prec@(1,5) (79.7%, 98.8%)
05/25 03:33:17PM searchStage_trainer.py:249 [INFO] Valid: Epoch: [5][150/391]	Step 2346	Loss 0.6471	Prec@(1,5) (79.2%, 98.7%)
05/25 03:33:20PM searchStage_trainer.py:249 [INFO] Valid: Epoch: [5][200/391]	Step 2346	Loss 0.6474	Prec@(1,5) (79.1%, 98.7%)
05/25 03:33:23PM searchStage_trainer.py:249 [INFO] Valid: Epoch: [5][250/391]	Step 2346	Loss 0.6528	Prec@(1,5) (79.0%, 98.7%)
05/25 03:33:26PM searchStage_trainer.py:249 [INFO] Valid: Epoch: [5][300/391]	Step 2346	Loss 0.6463	Prec@(1,5) (79.2%, 98.7%)
05/25 03:33:28PM searchStage_trainer.py:249 [INFO] Valid: Epoch: [5][350/391]	Step 2346	Loss 0.6452	Prec@(1,5) (79.3%, 98.7%)
05/25 03:33:30PM searchStage_trainer.py:249 [INFO] Valid: Epoch: [5][390/391]	Step 2346	Loss 0.6482	Prec@(1,5) (79.2%, 98.7%)
05/25 03:33:30PM searchStage_trainer.py:260 [INFO] Valid: [  5/49] Final Prec@1 79.2560%
05/25 03:33:30PM searchStage_main.py:53 [INFO] DAG = Genotype2(DAG1=[[('avg_pool_3x3', 0), ('avg_pool_3x3', 1)], [('avg_pool_3x3', 2), ('avg_pool_3x3', 1)], [('avg_pool_3x3', 3), ('avg_pool_3x3', 2)], [('avg_pool_3x3', 4), ('avg_pool_3x3', 3)], [('avg_pool_3x3', 5), ('max_pool_3x3', 4)], [('avg_pool_3x3', 6), ('avg_pool_3x3', 5)]], DAG1_concat=range(6, 8), DAG2=[[('avg_pool_3x3', 0), ('avg_pool_3x3', 1)], [('avg_pool_3x3', 2), ('avg_pool_3x3', 1)], [('avg_pool_3x3', 3), ('avg_pool_3x3', 2)], [('avg_pool_3x3', 4), ('avg_pool_3x3', 3)], [('avg_pool_3x3', 5), ('max_pool_3x3', 4)], [('avg_pool_3x3', 6), ('avg_pool_3x3', 5)]], DAG2_concat=range(6, 8), DAG3=[[('avg_pool_3x3', 0), ('avg_pool_3x3', 1)], [('avg_pool_3x3', 2), ('avg_pool_3x3', 1)], [('avg_pool_3x3', 3), ('avg_pool_3x3', 2)], [('avg_pool_3x3', 4), ('avg_pool_3x3', 3)], [('avg_pool_3x3', 5), ('max_pool_3x3', 4)], [('avg_pool_3x3', 6), ('avg_pool_3x3', 5)]], DAG3_concat=range(6, 8))
05/25 03:33:31PM searchStage_main.py:68 [INFO] Until now, best Prec@1 = 79.9080%
####### ALPHA #######
# Alpha - DAG
tensor([[0.2471, 0.2786, 0.2676, 0.2068],
        [0.2486, 0.2713, 0.2654, 0.2146]], device='cuda:0',
       grad_fn=<SoftmaxBackward0>)
tensor([[0.2659, 0.2659, 0.2538, 0.2144],
        [0.2564, 0.2758, 0.2634, 0.2044],
        [0.2624, 0.2827, 0.2289, 0.2261]], device='cuda:0',
       grad_fn=<SoftmaxBackward0>)
tensor([[0.2473, 0.2661, 0.2654, 0.2211],
        [0.2553, 0.2730, 0.2391, 0.2326],
        [0.2601, 0.2791, 0.2400, 0.2208]], device='cuda:0',
       grad_fn=<SoftmaxBackward0>)
tensor([[0.2544, 0.2723, 0.2414, 0.2318],
        [0.2514, 0.2685, 0.2436, 0.2366],
        [0.2546, 0.2712, 0.2404, 0.2337]], device='cuda:0',
       grad_fn=<SoftmaxBackward0>)
tensor([[0.2691, 0.2704, 0.2412, 0.2193],
        [0.2659, 0.2654, 0.2320, 0.2367],
        [0.2596, 0.2631, 0.2365, 0.2407]], device='cuda:0',
       grad_fn=<SoftmaxBackward0>)
tensor([[0.2513, 0.2660, 0.2461, 0.2366],
        [0.2560, 0.2620, 0.2431, 0.2389],
        [0.2568, 0.2608, 0.2413, 0.2411]], device='cuda:0',
       grad_fn=<SoftmaxBackward0>)
#####################
05/25 03:33:49PM searchShareStage_trainer.py:124 [INFO] Train: Epoch: [6][50/390]	Step 2396	lr 0.02416	Loss 0.3563 (0.3637)	Prec@(1,5) (87.4%, 99.5%)	
05/25 03:34:07PM searchShareStage_trainer.py:124 [INFO] Train: Epoch: [6][100/390]	Step 2446	lr 0.02416	Loss 0.1453 (0.3589)	Prec@(1,5) (87.8%, 99.6%)	
05/25 03:34:25PM searchShareStage_trainer.py:124 [INFO] Train: Epoch: [6][150/390]	Step 2496	lr 0.02416	Loss 0.3005 (0.3659)	Prec@(1,5) (87.4%, 99.6%)	
05/25 03:34:42PM searchShareStage_trainer.py:124 [INFO] Train: Epoch: [6][200/390]	Step 2546	lr 0.02416	Loss 0.3256 (0.3791)	Prec@(1,5) (86.9%, 99.6%)	
05/25 03:35:01PM searchShareStage_trainer.py:124 [INFO] Train: Epoch: [6][250/390]	Step 2596	lr 0.02416	Loss 0.2713 (0.3834)	Prec@(1,5) (86.7%, 99.6%)	
05/25 03:35:19PM searchShareStage_trainer.py:124 [INFO] Train: Epoch: [6][300/390]	Step 2646	lr 0.02416	Loss 0.5750 (0.3856)	Prec@(1,5) (86.8%, 99.5%)	
05/25 03:35:35PM searchShareStage_trainer.py:124 [INFO] Train: Epoch: [6][350/390]	Step 2696	lr 0.02416	Loss 0.3997 (0.3842)	Prec@(1,5) (86.9%, 99.6%)	
05/25 03:35:50PM searchShareStage_trainer.py:124 [INFO] Train: Epoch: [6][390/390]	Step 2736	lr 0.02416	Loss 0.3439 (0.3852)	Prec@(1,5) (86.8%, 99.6%)	
05/25 03:35:50PM searchShareStage_trainer.py:134 [INFO] Train: [  6/49] Final Prec@1 86.8160%
05/25 03:35:53PM searchStage_trainer.py:249 [INFO] Valid: Epoch: [6][50/391]	Step 2737	Loss 0.7035	Prec@(1,5) (79.3%, 98.6%)
05/25 03:35:56PM searchStage_trainer.py:249 [INFO] Valid: Epoch: [6][100/391]	Step 2737	Loss 0.7294	Prec@(1,5) (78.3%, 98.4%)
05/25 03:35:59PM searchStage_trainer.py:249 [INFO] Valid: Epoch: [6][150/391]	Step 2737	Loss 0.7269	Prec@(1,5) (78.2%, 98.2%)
05/25 03:36:02PM searchStage_trainer.py:249 [INFO] Valid: Epoch: [6][200/391]	Step 2737	Loss 0.7183	Prec@(1,5) (78.4%, 98.3%)
05/25 03:36:04PM searchStage_trainer.py:249 [INFO] Valid: Epoch: [6][250/391]	Step 2737	Loss 0.7178	Prec@(1,5) (78.3%, 98.3%)
05/25 03:36:07PM searchStage_trainer.py:249 [INFO] Valid: Epoch: [6][300/391]	Step 2737	Loss 0.7220	Prec@(1,5) (78.2%, 98.3%)
05/25 03:36:10PM searchStage_trainer.py:249 [INFO] Valid: Epoch: [6][350/391]	Step 2737	Loss 0.7251	Prec@(1,5) (78.1%, 98.2%)
05/25 03:36:12PM searchStage_trainer.py:249 [INFO] Valid: Epoch: [6][390/391]	Step 2737	Loss 0.7277	Prec@(1,5) (78.1%, 98.2%)
05/25 03:36:12PM searchStage_trainer.py:260 [INFO] Valid: [  6/49] Final Prec@1 78.0960%
05/25 03:36:12PM searchStage_main.py:53 [INFO] DAG = Genotype2(DAG1=[[('avg_pool_3x3', 0), ('avg_pool_3x3', 1)], [('avg_pool_3x3', 2), ('avg_pool_3x3', 1)], [('avg_pool_3x3', 3), ('avg_pool_3x3', 2)], [('avg_pool_3x3', 4), ('avg_pool_3x3', 3)], [('avg_pool_3x3', 5), ('max_pool_3x3', 4)], [('avg_pool_3x3', 6), ('avg_pool_3x3', 5)]], DAG1_concat=range(6, 8), DAG2=[[('avg_pool_3x3', 0), ('avg_pool_3x3', 1)], [('avg_pool_3x3', 2), ('avg_pool_3x3', 1)], [('avg_pool_3x3', 3), ('avg_pool_3x3', 2)], [('avg_pool_3x3', 4), ('avg_pool_3x3', 3)], [('avg_pool_3x3', 5), ('max_pool_3x3', 4)], [('avg_pool_3x3', 6), ('avg_pool_3x3', 5)]], DAG2_concat=range(6, 8), DAG3=[[('avg_pool_3x3', 0), ('avg_pool_3x3', 1)], [('avg_pool_3x3', 2), ('avg_pool_3x3', 1)], [('avg_pool_3x3', 3), ('avg_pool_3x3', 2)], [('avg_pool_3x3', 4), ('avg_pool_3x3', 3)], [('avg_pool_3x3', 5), ('max_pool_3x3', 4)], [('avg_pool_3x3', 6), ('avg_pool_3x3', 5)]], DAG3_concat=range(6, 8))
05/25 03:36:12PM searchStage_main.py:68 [INFO] Until now, best Prec@1 = 79.9080%
####### ALPHA #######
# Alpha - DAG
tensor([[0.2471, 0.2786, 0.2676, 0.2068],
        [0.2486, 0.2713, 0.2654, 0.2147]], device='cuda:0',
       grad_fn=<SoftmaxBackward0>)
tensor([[0.2659, 0.2659, 0.2538, 0.2144],
        [0.2564, 0.2757, 0.2634, 0.2045],
        [0.2624, 0.2827, 0.2289, 0.2261]], device='cuda:0',
       grad_fn=<SoftmaxBackward0>)
tensor([[0.2473, 0.2661, 0.2654, 0.2211],
        [0.2552, 0.2730, 0.2391, 0.2326],
        [0.2601, 0.2791, 0.2400, 0.2208]], device='cuda:0',
       grad_fn=<SoftmaxBackward0>)
tensor([[0.2544, 0.2723, 0.2414, 0.2318],
        [0.2514, 0.2684, 0.2436, 0.2366],
        [0.2546, 0.2712, 0.2404, 0.2338]], device='cuda:0',
       grad_fn=<SoftmaxBackward0>)
tensor([[0.2691, 0.2704, 0.2412, 0.2193],
        [0.2659, 0.2654, 0.2320, 0.2367],
        [0.2596, 0.2631, 0.2365, 0.2408]], device='cuda:0',
       grad_fn=<SoftmaxBackward0>)
tensor([[0.2513, 0.2660, 0.2461, 0.2366],
        [0.2560, 0.2620, 0.2431, 0.2389],
        [0.2568, 0.2607, 0.2414, 0.2411]], device='cuda:0',
       grad_fn=<SoftmaxBackward0>)
#####################
05/25 03:36:31PM searchShareStage_trainer.py:124 [INFO] Train: Epoch: [7][50/390]	Step 2787	lr 0.02386	Loss 0.3938 (0.3482)	Prec@(1,5) (87.3%, 99.6%)	
05/25 03:36:47PM searchShareStage_trainer.py:124 [INFO] Train: Epoch: [7][100/390]	Step 2837	lr 0.02386	Loss 0.2793 (0.3464)	Prec@(1,5) (87.7%, 99.7%)	
05/25 03:37:05PM searchShareStage_trainer.py:124 [INFO] Train: Epoch: [7][150/390]	Step 2887	lr 0.02386	Loss 0.3442 (0.3566)	Prec@(1,5) (87.3%, 99.7%)	
05/25 03:37:24PM searchShareStage_trainer.py:124 [INFO] Train: Epoch: [7][200/390]	Step 2937	lr 0.02386	Loss 0.4282 (0.3634)	Prec@(1,5) (87.2%, 99.7%)	
05/25 03:37:40PM searchShareStage_trainer.py:124 [INFO] Train: Epoch: [7][250/390]	Step 2987	lr 0.02386	Loss 0.4184 (0.3646)	Prec@(1,5) (87.1%, 99.7%)	
05/25 03:37:58PM searchShareStage_trainer.py:124 [INFO] Train: Epoch: [7][300/390]	Step 3037	lr 0.02386	Loss 0.3958 (0.3708)	Prec@(1,5) (86.9%, 99.6%)	
05/25 03:38:16PM searchShareStage_trainer.py:124 [INFO] Train: Epoch: [7][350/390]	Step 3087	lr 0.02386	Loss 0.3429 (0.3757)	Prec@(1,5) (86.7%, 99.6%)	
05/25 03:38:31PM searchShareStage_trainer.py:124 [INFO] Train: Epoch: [7][390/390]	Step 3127	lr 0.02386	Loss 0.3527 (0.3732)	Prec@(1,5) (86.8%, 99.7%)	
05/25 03:38:32PM searchShareStage_trainer.py:134 [INFO] Train: [  7/49] Final Prec@1 86.8240%
05/25 03:38:34PM searchStage_trainer.py:249 [INFO] Valid: Epoch: [7][50/391]	Step 3128	Loss 0.5550	Prec@(1,5) (81.5%, 98.7%)
05/25 03:38:37PM searchStage_trainer.py:249 [INFO] Valid: Epoch: [7][100/391]	Step 3128	Loss 0.5769	Prec@(1,5) (81.0%, 98.8%)
05/25 03:38:40PM searchStage_trainer.py:249 [INFO] Valid: Epoch: [7][150/391]	Step 3128	Loss 0.5705	Prec@(1,5) (81.0%, 98.9%)
05/25 03:38:42PM searchStage_trainer.py:249 [INFO] Valid: Epoch: [7][200/391]	Step 3128	Loss 0.5601	Prec@(1,5) (81.2%, 99.0%)
05/25 03:38:45PM searchStage_trainer.py:249 [INFO] Valid: Epoch: [7][250/391]	Step 3128	Loss 0.5622	Prec@(1,5) (81.3%, 99.0%)
05/25 03:38:48PM searchStage_trainer.py:249 [INFO] Valid: Epoch: [7][300/391]	Step 3128	Loss 0.5634	Prec@(1,5) (81.4%, 99.0%)
05/25 03:38:51PM searchStage_trainer.py:249 [INFO] Valid: Epoch: [7][350/391]	Step 3128	Loss 0.5617	Prec@(1,5) (81.3%, 99.0%)
05/25 03:38:53PM searchStage_trainer.py:249 [INFO] Valid: Epoch: [7][390/391]	Step 3128	Loss 0.5603	Prec@(1,5) (81.4%, 99.0%)
05/25 03:38:53PM searchStage_trainer.py:260 [INFO] Valid: [  7/49] Final Prec@1 81.4280%
05/25 03:38:53PM searchStage_main.py:53 [INFO] DAG = Genotype2(DAG1=[[('avg_pool_3x3', 0), ('avg_pool_3x3', 1)], [('avg_pool_3x3', 2), ('avg_pool_3x3', 1)], [('avg_pool_3x3', 3), ('avg_pool_3x3', 2)], [('avg_pool_3x3', 4), ('avg_pool_3x3', 3)], [('avg_pool_3x3', 5), ('max_pool_3x3', 4)], [('avg_pool_3x3', 6), ('avg_pool_3x3', 5)]], DAG1_concat=range(6, 8), DAG2=[[('avg_pool_3x3', 0), ('avg_pool_3x3', 1)], [('avg_pool_3x3', 2), ('avg_pool_3x3', 1)], [('avg_pool_3x3', 3), ('avg_pool_3x3', 2)], [('avg_pool_3x3', 4), ('avg_pool_3x3', 3)], [('avg_pool_3x3', 5), ('max_pool_3x3', 4)], [('avg_pool_3x3', 6), ('avg_pool_3x3', 5)]], DAG2_concat=range(6, 8), DAG3=[[('avg_pool_3x3', 0), ('avg_pool_3x3', 1)], [('avg_pool_3x3', 2), ('avg_pool_3x3', 1)], [('avg_pool_3x3', 3), ('avg_pool_3x3', 2)], [('avg_pool_3x3', 4), ('avg_pool_3x3', 3)], [('avg_pool_3x3', 5), ('max_pool_3x3', 4)], [('avg_pool_3x3', 6), ('avg_pool_3x3', 5)]], DAG3_concat=range(6, 8))
05/25 03:38:53PM searchStage_main.py:68 [INFO] Until now, best Prec@1 = 81.4280%
####### ALPHA #######
# Alpha - DAG
tensor([[0.2471, 0.2786, 0.2676, 0.2068],
        [0.2486, 0.2713, 0.2654, 0.2147]], device='cuda:0',
       grad_fn=<SoftmaxBackward0>)
tensor([[0.2659, 0.2659, 0.2539, 0.2144],
        [0.2564, 0.2757, 0.2634, 0.2045],
        [0.2624, 0.2826, 0.2289, 0.2261]], device='cuda:0',
       grad_fn=<SoftmaxBackward0>)
tensor([[0.2473, 0.2661, 0.2654, 0.2211],
        [0.2552, 0.2730, 0.2391, 0.2327],
        [0.2601, 0.2791, 0.2400, 0.2208]], device='cuda:0',
       grad_fn=<SoftmaxBackward0>)
tensor([[0.2544, 0.2723, 0.2414, 0.2318],
        [0.2513, 0.2683, 0.2436, 0.2367],
        [0.2546, 0.2712, 0.2404, 0.2338]], device='cuda:0',
       grad_fn=<SoftmaxBackward0>)
tensor([[0.2691, 0.2704, 0.2412, 0.2193],
        [0.2659, 0.2653, 0.2320, 0.2367],
        [0.2596, 0.2631, 0.2365, 0.2408]], device='cuda:0',
       grad_fn=<SoftmaxBackward0>)
tensor([[0.2513, 0.2660, 0.2461, 0.2366],
        [0.2559, 0.2620, 0.2431, 0.2390],
        [0.2568, 0.2607, 0.2414, 0.2412]], device='cuda:0',
       grad_fn=<SoftmaxBackward0>)
#####################
05/25 03:39:12PM searchShareStage_trainer.py:124 [INFO] Train: Epoch: [8][50/390]	Step 3178	lr 0.02352	Loss 0.2649 (0.3237)	Prec@(1,5) (88.5%, 99.8%)	
