05/30 08:11:17PM parser.py:28 [INFO] 
05/30 08:11:17PM parser.py:29 [INFO] Parameters:
05/30 08:11:17PM parser.py:31 [INFO] DAG_PATH=results/search_Stage/CIFAR10/SCRATCH_PCDARTS_STAGESPEC/EXP-20240530-201117/DAG
05/30 08:11:17PM parser.py:31 [INFO] ALPHA_LR=0.0003
05/30 08:11:17PM parser.py:31 [INFO] ALPHA_WEIGHT_DECAY=0.001
05/30 08:11:17PM parser.py:31 [INFO] BATCH_SIZE=64
05/30 08:11:17PM parser.py:31 [INFO] CHECKPOINT_RESET=False
05/30 08:11:17PM parser.py:31 [INFO] DATA_PATH=../data/
05/30 08:11:17PM parser.py:31 [INFO] DATASET=CIFAR10
05/30 08:11:17PM parser.py:31 [INFO] EPOCHS=50
05/30 08:11:17PM parser.py:31 [INFO] EXP_NAME=EXP-20240530-201117
05/30 08:11:17PM parser.py:31 [INFO] GENOTYPE=Genotype(normal=[[('sep_conv_3x3', 1), ('skip_connect', 0)], [('sep_conv_3x3', 0), ('dil_conv_3x3', 1)], [('sep_conv_5x5', 0), ('sep_conv_3x3', 1)], [('avg_pool_3x3', 0), ('dil_conv_3x3', 1)]], normal_concat=range(2, 6), reduce=[[('sep_conv_5x5', 1), ('max_pool_3x3', 0)], [('sep_conv_5x5', 1), ('sep_conv_5x5', 2)], [('sep_conv_3x3', 0), ('sep_conv_3x3', 3)], [('sep_conv_3x3', 1), ('sep_conv_3x3', 2)]], reduce_concat=range(2, 6))
05/30 08:11:17PM parser.py:31 [INFO] GPUS=[0]
05/30 08:11:17PM parser.py:31 [INFO] INIT_CHANNELS=16
05/30 08:11:17PM parser.py:31 [INFO] LAYERS=20
05/30 08:11:17PM parser.py:31 [INFO] LOCAL_RANK=0
05/30 08:11:17PM parser.py:31 [INFO] LOGGER=<Logger H-DAS (INFO)>
05/30 08:11:17PM parser.py:31 [INFO] NAME=SCRATCH_PCDARTS_STAGESPEC
05/30 08:11:17PM parser.py:31 [INFO] PATH=results/search_Stage/CIFAR10/SCRATCH_PCDARTS_STAGESPEC/EXP-20240530-201117
05/30 08:11:17PM parser.py:31 [INFO] PRINT_FREQ=50
05/30 08:11:17PM parser.py:31 [INFO] RESUME_PATH=None
05/30 08:11:17PM parser.py:31 [INFO] SAVE=EXP
05/30 08:11:17PM parser.py:31 [INFO] SEED=1
05/30 08:11:17PM parser.py:31 [INFO] SHARE_STAGE=False
05/30 08:11:17PM parser.py:31 [INFO] SPEC_CELL=False
05/30 08:11:17PM parser.py:31 [INFO] TRAIN_PORTION=0.5
05/30 08:11:17PM parser.py:31 [INFO] W_GRAD_CLIP=5.0
05/30 08:11:17PM parser.py:31 [INFO] W_LR=0.025
05/30 08:11:17PM parser.py:31 [INFO] W_LR_MIN=0.001
05/30 08:11:17PM parser.py:31 [INFO] W_MOMENTUM=0.9
05/30 08:11:17PM parser.py:31 [INFO] W_WEIGHT_DECAY=0.0003
05/30 08:11:17PM parser.py:31 [INFO] WORKERS=4
05/30 08:11:17PM parser.py:32 [INFO] 
05/30 08:11:19PM searchStage_trainer.py:103 [INFO] --> No loaded checkpoint!
####### ALPHA #######
# Alpha - DAG
tensor([[0.2501, 0.2500, 0.2499, 0.2501],
        [0.2500, 0.2501, 0.2497, 0.2502]], device='cuda:0',
       grad_fn=<SoftmaxBackward0>)
tensor([[0.2499, 0.2500, 0.2499, 0.2501],
        [0.2500, 0.2498, 0.2501, 0.2501],
        [0.2501, 0.2500, 0.2498, 0.2501]], device='cuda:0',
       grad_fn=<SoftmaxBackward0>)
tensor([[0.2508, 0.2494, 0.2503, 0.2496],
        [0.2498, 0.2496, 0.2501, 0.2504],
        [0.2502, 0.2498, 0.2498, 0.2502]], device='cuda:0',
       grad_fn=<SoftmaxBackward0>)
tensor([[0.2501, 0.2495, 0.2503, 0.2501],
        [0.2502, 0.2499, 0.2498, 0.2501],
        [0.2500, 0.2501, 0.2498, 0.2501]], device='cuda:0',
       grad_fn=<SoftmaxBackward0>)
tensor([[0.2499, 0.2502, 0.2501, 0.2498],
        [0.2499, 0.2502, 0.2500, 0.2499],
        [0.2497, 0.2503, 0.2501, 0.2499]], device='cuda:0',
       grad_fn=<SoftmaxBackward0>)
tensor([[0.2501, 0.2498, 0.2501, 0.2500],
        [0.2495, 0.2498, 0.2503, 0.2503],
        [0.2499, 0.2503, 0.2497, 0.2501]], device='cuda:0',
       grad_fn=<SoftmaxBackward0>)
tensor([[0.2498, 0.2499, 0.2501, 0.2502],
        [0.2500, 0.2503, 0.2496, 0.2501]], device='cuda:0',
       grad_fn=<SoftmaxBackward0>)
tensor([[0.2500, 0.2502, 0.2500, 0.2498],
        [0.2501, 0.2499, 0.2502, 0.2498],
        [0.2504, 0.2499, 0.2502, 0.2495]], device='cuda:0',
       grad_fn=<SoftmaxBackward0>)
tensor([[0.2499, 0.2498, 0.2503, 0.2500],
        [0.2498, 0.2502, 0.2502, 0.2498],
        [0.2502, 0.2502, 0.2502, 0.2494]], device='cuda:0',
       grad_fn=<SoftmaxBackward0>)
tensor([[0.2502, 0.2499, 0.2497, 0.2502],
        [0.2500, 0.2498, 0.2499, 0.2503],
        [0.2502, 0.2498, 0.2503, 0.2497]], device='cuda:0',
       grad_fn=<SoftmaxBackward0>)
tensor([[0.2500, 0.2499, 0.2500, 0.2501],
        [0.2501, 0.2498, 0.2500, 0.2502],
        [0.2500, 0.2497, 0.2503, 0.2500]], device='cuda:0',
       grad_fn=<SoftmaxBackward0>)
tensor([[0.2497, 0.2501, 0.2500, 0.2501],
        [0.2499, 0.2505, 0.2498, 0.2498],
        [0.2502, 0.2500, 0.2500, 0.2499]], device='cuda:0',
       grad_fn=<SoftmaxBackward0>)
tensor([[0.2502, 0.2499, 0.2499, 0.2500],
        [0.2501, 0.2502, 0.2499, 0.2497]], device='cuda:0',
       grad_fn=<SoftmaxBackward0>)
tensor([[0.2499, 0.2501, 0.2499, 0.2501],
        [0.2499, 0.2504, 0.2494, 0.2504],
        [0.2499, 0.2501, 0.2501, 0.2499]], device='cuda:0',
       grad_fn=<SoftmaxBackward0>)
tensor([[0.2500, 0.2503, 0.2498, 0.2499],
        [0.2501, 0.2503, 0.2499, 0.2497],
        [0.2500, 0.2500, 0.2499, 0.2500]], device='cuda:0',
       grad_fn=<SoftmaxBackward0>)
tensor([[0.2499, 0.2499, 0.2503, 0.2498],
        [0.2498, 0.2502, 0.2498, 0.2502],
        [0.2499, 0.2500, 0.2505, 0.2497]], device='cuda:0',
       grad_fn=<SoftmaxBackward0>)
tensor([[0.2500, 0.2499, 0.2500, 0.2500],
        [0.2499, 0.2499, 0.2500, 0.2501],
        [0.2499, 0.2500, 0.2500, 0.2501]], device='cuda:0',
       grad_fn=<SoftmaxBackward0>)
tensor([[0.2497, 0.2500, 0.2500, 0.2503],
        [0.2495, 0.2498, 0.2503, 0.2504],
        [0.2498, 0.2498, 0.2501, 0.2503]], device='cuda:0',
       grad_fn=<SoftmaxBackward0>)
#####################
05/30 08:11:37PM searchStage_trainer.py:211 [INFO] Train: Epoch: [0][50/390]	Step 50	lr 0.025	Loss 2.1683 (2.2543)	Prec@(1,5) (17.1%, 68.5%)	
05/30 08:11:53PM searchStage_trainer.py:211 [INFO] Train: Epoch: [0][100/390]	Step 100	lr 0.025	Loss 1.8111 (2.1722)	Prec@(1,5) (20.1%, 73.5%)	
05/30 08:12:10PM searchStage_trainer.py:211 [INFO] Train: Epoch: [0][150/390]	Step 150	lr 0.025	Loss 1.7685 (2.0970)	Prec@(1,5) (22.2%, 76.9%)	
05/30 08:12:26PM searchStage_trainer.py:211 [INFO] Train: Epoch: [0][200/390]	Step 200	lr 0.025	Loss 1.7460 (2.0260)	Prec@(1,5) (24.4%, 79.0%)	
05/30 08:12:43PM searchStage_trainer.py:211 [INFO] Train: Epoch: [0][250/390]	Step 250	lr 0.025	Loss 1.8358 (1.9625)	Prec@(1,5) (26.3%, 80.9%)	
05/30 08:12:59PM searchStage_trainer.py:211 [INFO] Train: Epoch: [0][300/390]	Step 300	lr 0.025	Loss 1.6866 (1.9255)	Prec@(1,5) (27.7%, 82.0%)	
05/30 08:13:16PM searchStage_trainer.py:211 [INFO] Train: Epoch: [0][350/390]	Step 350	lr 0.025	Loss 1.7429 (1.8912)	Prec@(1,5) (28.9%, 83.0%)	
05/30 08:13:29PM searchStage_trainer.py:211 [INFO] Train: Epoch: [0][390/390]	Step 390	lr 0.025	Loss 1.6190 (1.8643)	Prec@(1,5) (29.9%, 83.6%)	
05/30 08:13:30PM searchStage_trainer.py:221 [INFO] Train: [  0/49] Final Prec@1 29.9520%
05/30 08:13:32PM searchStage_trainer.py:249 [INFO] Valid: Epoch: [0][50/391]	Step 391	Loss 1.6282	Prec@(1,5) (38.8%, 89.6%)
05/30 08:13:35PM searchStage_trainer.py:249 [INFO] Valid: Epoch: [0][100/391]	Step 391	Loss 1.6218	Prec@(1,5) (40.1%, 89.5%)
05/30 08:13:37PM searchStage_trainer.py:249 [INFO] Valid: Epoch: [0][150/391]	Step 391	Loss 1.6217	Prec@(1,5) (39.9%, 89.4%)
05/30 08:13:40PM searchStage_trainer.py:249 [INFO] Valid: Epoch: [0][200/391]	Step 391	Loss 1.6127	Prec@(1,5) (40.4%, 89.5%)
05/30 08:13:42PM searchStage_trainer.py:249 [INFO] Valid: Epoch: [0][250/391]	Step 391	Loss 1.6152	Prec@(1,5) (40.4%, 89.4%)
05/30 08:13:45PM searchStage_trainer.py:249 [INFO] Valid: Epoch: [0][300/391]	Step 391	Loss 1.6158	Prec@(1,5) (40.4%, 89.5%)
05/30 08:13:47PM searchStage_trainer.py:249 [INFO] Valid: Epoch: [0][350/391]	Step 391	Loss 1.6176	Prec@(1,5) (40.3%, 89.5%)
05/30 08:13:49PM searchStage_trainer.py:249 [INFO] Valid: Epoch: [0][390/391]	Step 391	Loss 1.6180	Prec@(1,5) (40.2%, 89.5%)
05/30 08:13:49PM searchStage_trainer.py:260 [INFO] Valid: [  0/49] Final Prec@1 40.2160%
05/30 08:13:49PM searchStage_main.py:59 [INFO] DAG = Genotype2(DAG1=[[('max_pool_3x3', 0), ('max_pool_3x3', 1)], [('avg_pool_3x3', 2), ('skip_connect', 1)], [('avg_pool_3x3', 2), ('avg_pool_3x3', 3)], [('avg_pool_3x3', 4), ('max_pool_3x3', 3)], [('avg_pool_3x3', 5), ('avg_pool_3x3', 4)], [('avg_pool_3x3', 6), ('avg_pool_3x3', 5)]], DAG1_concat=range(6, 8), DAG2=[[('skip_connect', 0), ('max_pool_3x3', 1)], [('max_pool_3x3', 2), ('max_pool_3x3', 1)], [('avg_pool_3x3', 2), ('max_pool_3x3', 3)], [('max_pool_3x3', 4), ('max_pool_3x3', 2)], [('max_pool_3x3', 4), ('max_pool_3x3', 5)], [('avg_pool_3x3', 5), ('max_pool_3x3', 6)]], DAG2_concat=range(6, 8), DAG3=[[('skip_connect', 0), ('skip_connect', 1)], [('skip_connect', 2), ('avg_pool_3x3', 0)], [('skip_connect', 3), ('skip_connect', 2)], [('max_pool_3x3', 4), ('max_pool_3x3', 2)], [('skip_connect', 5), ('skip_connect', 4)], [('max_pool_3x3', 6), ('max_pool_3x3', 4)]], DAG3_concat=range(6, 8))
05/30 08:13:49PM searchStage_main.py:79 [INFO] Until now, best Prec@1 = 40.2160%
####### ALPHA #######
# Alpha - DAG
tensor([[0.2534, 0.2515, 0.2520, 0.2431],
        [0.2521, 0.2517, 0.2515, 0.2447]], device='cuda:0',
       grad_fn=<SoftmaxBackward0>)
tensor([[0.2503, 0.2526, 0.2522, 0.2449],
        [0.2487, 0.2524, 0.2553, 0.2435],
        [0.2519, 0.2571, 0.2478, 0.2432]], device='cuda:0',
       grad_fn=<SoftmaxBackward0>)
tensor([[0.2486, 0.2528, 0.2536, 0.2451],
        [0.2510, 0.2547, 0.2500, 0.2443],
        [0.2504, 0.2545, 0.2486, 0.2466]], device='cuda:0',
       grad_fn=<SoftmaxBackward0>)
tensor([[0.2525, 0.2531, 0.2487, 0.2458],
        [0.2534, 0.2534, 0.2490, 0.2442],
        [0.2521, 0.2544, 0.2477, 0.2458]], device='cuda:0',
       grad_fn=<SoftmaxBackward0>)
tensor([[0.2522, 0.2541, 0.2483, 0.2455],
        [0.2515, 0.2542, 0.2485, 0.2458],
        [0.2528, 0.2545, 0.2485, 0.2442]], device='cuda:0',
       grad_fn=<SoftmaxBackward0>)
tensor([[0.2511, 0.2529, 0.2473, 0.2487],
        [0.2498, 0.2536, 0.2508, 0.2457],
        [0.2508, 0.2541, 0.2480, 0.2470]], device='cuda:0',
       grad_fn=<SoftmaxBackward0>)
tensor([[0.2497, 0.2501, 0.2510, 0.2493],
        [0.2508, 0.2499, 0.2493, 0.2500]], device='cuda:0',
       grad_fn=<SoftmaxBackward0>)
tensor([[0.2497, 0.2498, 0.2504, 0.2501],
        [0.2509, 0.2503, 0.2506, 0.2482],
        [0.2508, 0.2507, 0.2497, 0.2488]], device='cuda:0',
       grad_fn=<SoftmaxBackward0>)
tensor([[0.2496, 0.2498, 0.2506, 0.2501],
        [0.2504, 0.2512, 0.2501, 0.2483],
        [0.2507, 0.2505, 0.2497, 0.2491]], device='cuda:0',
       grad_fn=<SoftmaxBackward0>)
tensor([[0.2507, 0.2501, 0.2497, 0.2495],
        [0.2504, 0.2500, 0.2497, 0.2499],
        [0.2513, 0.2499, 0.2496, 0.2492]], device='cuda:0',
       grad_fn=<SoftmaxBackward0>)
tensor([[0.2502, 0.2504, 0.2500, 0.2493],
        [0.2506, 0.2503, 0.2496, 0.2495],
        [0.2506, 0.2498, 0.2497, 0.2500]], device='cuda:0',
       grad_fn=<SoftmaxBackward0>)
tensor([[0.2501, 0.2502, 0.2494, 0.2503],
        [0.2507, 0.2508, 0.2492, 0.2493],
        [0.2506, 0.2502, 0.2500, 0.2493]], device='cuda:0',
       grad_fn=<SoftmaxBackward0>)
tensor([[0.2491, 0.2505, 0.2506, 0.2497],
        [0.2497, 0.2502, 0.2502, 0.2500]], device='cuda:0',
       grad_fn=<SoftmaxBackward0>)
tensor([[0.2488, 0.2509, 0.2506, 0.2497],
        [0.2491, 0.2498, 0.2497, 0.2513],
        [0.2486, 0.2508, 0.2513, 0.2493]], device='cuda:0',
       grad_fn=<SoftmaxBackward0>)
tensor([[0.2503, 0.2497, 0.2502, 0.2497],
        [0.2502, 0.2499, 0.2502, 0.2497],
        [0.2494, 0.2498, 0.2508, 0.2500]], device='cuda:0',
       grad_fn=<SoftmaxBackward0>)
tensor([[0.2510, 0.2492, 0.2497, 0.2502],
        [0.2505, 0.2497, 0.2492, 0.2507],
        [0.2517, 0.2493, 0.2504, 0.2486]], device='cuda:0',
       grad_fn=<SoftmaxBackward0>)
tensor([[0.2500, 0.2483, 0.2498, 0.2519],
        [0.2500, 0.2493, 0.2505, 0.2502],
        [0.2496, 0.2503, 0.2521, 0.2480]], device='cuda:0',
       grad_fn=<SoftmaxBackward0>)
tensor([[0.2509, 0.2492, 0.2496, 0.2503],
        [0.2497, 0.2491, 0.2496, 0.2516],
        [0.2507, 0.2497, 0.2507, 0.2489]], device='cuda:0',
       grad_fn=<SoftmaxBackward0>)
#####################
05/30 08:14:08午後 searchStage_trainer.py:211 [INFO] Train: Epoch: [1][50/390]	Step 441	lr 0.02498	Loss 1.6228 (1.5947)	Prec@(1,5) (40.3%, 90.0%)	
05/30 08:14:25午後 searchStage_trainer.py:211 [INFO] Train: Epoch: [1][100/390]	Step 491	lr 0.02498	Loss 1.4165 (1.5768)	Prec@(1,5) (41.5%, 90.2%)	
05/30 08:14:42午後 searchStage_trainer.py:211 [INFO] Train: Epoch: [1][150/390]	Step 541	lr 0.02498	Loss 1.4214 (1.5732)	Prec@(1,5) (41.7%, 90.3%)	
05/30 08:14:59午後 searchStage_trainer.py:211 [INFO] Train: Epoch: [1][200/390]	Step 591	lr 0.02498	Loss 1.4786 (1.5616)	Prec@(1,5) (42.1%, 90.4%)	
05/30 08:15:16午後 searchStage_trainer.py:211 [INFO] Train: Epoch: [1][250/390]	Step 641	lr 0.02498	Loss 1.6914 (1.5539)	Prec@(1,5) (42.5%, 90.5%)	
05/30 08:15:33午後 searchStage_trainer.py:211 [INFO] Train: Epoch: [1][300/390]	Step 691	lr 0.02498	Loss 1.4777 (1.5356)	Prec@(1,5) (43.2%, 90.8%)	
05/30 08:15:51午後 searchStage_trainer.py:211 [INFO] Train: Epoch: [1][350/390]	Step 741	lr 0.02498	Loss 1.2817 (1.5202)	Prec@(1,5) (43.8%, 91.0%)	
05/30 08:16:04午後 searchStage_trainer.py:211 [INFO] Train: Epoch: [1][390/390]	Step 781	lr 0.02498	Loss 1.3792 (1.5122)	Prec@(1,5) (44.1%, 91.1%)	
05/30 08:16:04午後 searchStage_trainer.py:221 [INFO] Train: [  1/49] Final Prec@1 44.0760%
05/30 08:16:07午後 searchStage_trainer.py:249 [INFO] Valid: Epoch: [1][50/391]	Step 782	Loss 1.4353	Prec@(1,5) (47.8%, 92.5%)
05/30 08:16:09午後 searchStage_trainer.py:249 [INFO] Valid: Epoch: [1][100/391]	Step 782	Loss 1.4444	Prec@(1,5) (46.9%, 92.2%)
05/30 08:16:12午後 searchStage_trainer.py:249 [INFO] Valid: Epoch: [1][150/391]	Step 782	Loss 1.4531	Prec@(1,5) (46.7%, 92.1%)
05/30 08:16:14午後 searchStage_trainer.py:249 [INFO] Valid: Epoch: [1][200/391]	Step 782	Loss 1.4685	Prec@(1,5) (46.2%, 92.0%)
05/30 08:16:16午後 searchStage_trainer.py:249 [INFO] Valid: Epoch: [1][250/391]	Step 782	Loss 1.4670	Prec@(1,5) (46.2%, 92.0%)
05/30 08:16:19午後 searchStage_trainer.py:249 [INFO] Valid: Epoch: [1][300/391]	Step 782	Loss 1.4646	Prec@(1,5) (46.2%, 92.1%)
05/30 08:16:21午後 searchStage_trainer.py:249 [INFO] Valid: Epoch: [1][350/391]	Step 782	Loss 1.4630	Prec@(1,5) (46.3%, 92.0%)
05/30 08:16:23午後 searchStage_trainer.py:249 [INFO] Valid: Epoch: [1][390/391]	Step 782	Loss 1.4659	Prec@(1,5) (46.3%, 92.0%)
05/30 08:16:23午後 searchStage_trainer.py:260 [INFO] Valid: [  1/49] Final Prec@1 46.2960%
05/30 08:16:23午後 searchStage_main.py:59 [INFO] DAG = Genotype2(DAG1=[[('avg_pool_3x3', 0), ('skip_connect', 1)], [('avg_pool_3x3', 2), ('skip_connect', 1)], [('avg_pool_3x3', 3), ('avg_pool_3x3', 2)], [('avg_pool_3x3', 4), ('avg_pool_3x3', 2)], [('avg_pool_3x3', 4), ('avg_pool_3x3', 5)], [('avg_pool_3x3', 6), ('avg_pool_3x3', 5)]], DAG1_concat=range(6, 8), DAG2=[[('max_pool_3x3', 1), ('max_pool_3x3', 0)], [('avg_pool_3x3', 2), ('max_pool_3x3', 1)], [('max_pool_3x3', 3), ('avg_pool_3x3', 2)], [('max_pool_3x3', 4), ('avg_pool_3x3', 3)], [('max_pool_3x3', 5), ('avg_pool_3x3', 4)], [('max_pool_3x3', 5), ('max_pool_3x3', 6)]], DAG2_concat=range(6, 8), DAG3=[[('avg_pool_3x3', 0), ('skip_connect', 1)], [('skip_connect', 2), ('avg_pool_3x3', 0)], [('skip_connect', 3), ('skip_connect', 2)], [('max_pool_3x3', 4), ('max_pool_3x3', 2)], [('skip_connect', 5), ('skip_connect', 4)], [('max_pool_3x3', 6), ('max_pool_3x3', 4)]], DAG3_concat=range(6, 8))
05/30 08:16:24午後 searchStage_main.py:79 [INFO] Until now, best Prec@1 = 46.2960%
####### ALPHA #######
# Alpha - DAG
tensor([[0.2544, 0.2556, 0.2553, 0.2347],
        [0.2530, 0.2534, 0.2535, 0.2401]], device='cuda:0',
       grad_fn=<SoftmaxBackward0>)
tensor([[0.2517, 0.2557, 0.2547, 0.2379],
        [0.2486, 0.2571, 0.2601, 0.2342],
        [0.2547, 0.2624, 0.2430, 0.2399]], device='cuda:0',
       grad_fn=<SoftmaxBackward0>)
tensor([[0.2487, 0.2550, 0.2551, 0.2411],
        [0.2536, 0.2586, 0.2463, 0.2415],
        [0.2528, 0.2606, 0.2489, 0.2377]], device='cuda:0',
       grad_fn=<SoftmaxBackward0>)
tensor([[0.2540, 0.2572, 0.2495, 0.2393],
        [0.2544, 0.2568, 0.2481, 0.2407],
        [0.2529, 0.2584, 0.2473, 0.2414]], device='cuda:0',
       grad_fn=<SoftmaxBackward0>)
tensor([[0.2549, 0.2575, 0.2471, 0.2405],
        [0.2539, 0.2583, 0.2475, 0.2402],
        [0.2546, 0.2575, 0.2476, 0.2403]], device='cuda:0',
       grad_fn=<SoftmaxBackward0>)
tensor([[0.2523, 0.2556, 0.2448, 0.2473],
        [0.2521, 0.2565, 0.2492, 0.2422],
        [0.2534, 0.2575, 0.2463, 0.2428]], device='cuda:0',
       grad_fn=<SoftmaxBackward0>)
tensor([[0.2506, 0.2504, 0.2500, 0.2491],
        [0.2509, 0.2502, 0.2495, 0.2494]], device='cuda:0',
       grad_fn=<SoftmaxBackward0>)
tensor([[0.2503, 0.2502, 0.2505, 0.2490],
        [0.2508, 0.2501, 0.2506, 0.2485],
        [0.2513, 0.2514, 0.2495, 0.2478]], device='cuda:0',
       grad_fn=<SoftmaxBackward0>)
tensor([[0.2494, 0.2499, 0.2508, 0.2499],
        [0.2509, 0.2518, 0.2494, 0.2479],
        [0.2513, 0.2509, 0.2495, 0.2482]], device='cuda:0',
       grad_fn=<SoftmaxBackward0>)
tensor([[0.2506, 0.2507, 0.2499, 0.2488],
        [0.2504, 0.2507, 0.2498, 0.2492],
        [0.2512, 0.2502, 0.2493, 0.2493]], device='cuda:0',
       grad_fn=<SoftmaxBackward0>)
tensor([[0.2503, 0.2508, 0.2501, 0.2488],
        [0.2506, 0.2509, 0.2496, 0.2489],
        [0.2506, 0.2501, 0.2495, 0.2498]], device='cuda:0',
       grad_fn=<SoftmaxBackward0>)
tensor([[0.2503, 0.2503, 0.2487, 0.2507],
        [0.2513, 0.2510, 0.2489, 0.2488],
        [0.2509, 0.2504, 0.2504, 0.2484]], device='cuda:0',
       grad_fn=<SoftmaxBackward0>)
tensor([[0.2482, 0.2512, 0.2511, 0.2495],
        [0.2491, 0.2502, 0.2505, 0.2502]], device='cuda:0',
       grad_fn=<SoftmaxBackward0>)
tensor([[0.2482, 0.2512, 0.2509, 0.2496],
        [0.2485, 0.2493, 0.2500, 0.2521],
        [0.2479, 0.2511, 0.2523, 0.2487]], device='cuda:0',
       grad_fn=<SoftmaxBackward0>)
tensor([[0.2509, 0.2491, 0.2502, 0.2498],
        [0.2504, 0.2494, 0.2505, 0.2496],
        [0.2491, 0.2497, 0.2514, 0.2498]], device='cuda:0',
       grad_fn=<SoftmaxBackward0>)
tensor([[0.2518, 0.2487, 0.2493, 0.2503],
        [0.2509, 0.2492, 0.2488, 0.2510],
        [0.2530, 0.2488, 0.2503, 0.2480]], device='cuda:0',
       grad_fn=<SoftmaxBackward0>)
tensor([[0.2503, 0.2469, 0.2495, 0.2533],
        [0.2502, 0.2487, 0.2508, 0.2503],
        [0.2495, 0.2504, 0.2539, 0.2462]], device='cuda:0',
       grad_fn=<SoftmaxBackward0>)
tensor([[0.2519, 0.2485, 0.2492, 0.2504],
        [0.2498, 0.2486, 0.2492, 0.2524],
        [0.2514, 0.2495, 0.2512, 0.2479]], device='cuda:0',
       grad_fn=<SoftmaxBackward0>)
#####################
05/30 08:16:41午後 searchStage_trainer.py:211 [INFO] Train: Epoch: [2][50/390]	Step 832	lr 0.02491	Loss 1.2799 (1.3709)	Prec@(1,5) (49.4%, 93.2%)	
05/30 08:16:58午後 searchStage_trainer.py:211 [INFO] Train: Epoch: [2][100/390]	Step 882	lr 0.02491	Loss 1.4210 (1.3770)	Prec@(1,5) (49.9%, 93.2%)	
05/30 08:17:15午後 searchStage_trainer.py:211 [INFO] Train: Epoch: [2][150/390]	Step 932	lr 0.02491	Loss 1.1330 (1.3746)	Prec@(1,5) (50.3%, 93.0%)	
05/30 08:17:33午後 searchStage_trainer.py:211 [INFO] Train: Epoch: [2][200/390]	Step 982	lr 0.02491	Loss 1.4565 (1.3607)	Prec@(1,5) (50.8%, 93.0%)	
05/30 08:17:50午後 searchStage_trainer.py:211 [INFO] Train: Epoch: [2][250/390]	Step 1032	lr 0.02491	Loss 1.3322 (1.3518)	Prec@(1,5) (51.1%, 93.2%)	
05/30 08:18:07午後 searchStage_trainer.py:211 [INFO] Train: Epoch: [2][300/390]	Step 1082	lr 0.02491	Loss 1.4749 (1.3455)	Prec@(1,5) (51.1%, 93.3%)	
05/30 08:18:24午後 searchStage_trainer.py:211 [INFO] Train: Epoch: [2][350/390]	Step 1132	lr 0.02491	Loss 1.2530 (1.3321)	Prec@(1,5) (51.6%, 93.5%)	
05/30 08:18:38午後 searchStage_trainer.py:211 [INFO] Train: Epoch: [2][390/390]	Step 1172	lr 0.02491	Loss 1.2206 (1.3278)	Prec@(1,5) (51.7%, 93.6%)	
05/30 08:18:38午後 searchStage_trainer.py:221 [INFO] Train: [  2/49] Final Prec@1 51.6920%
05/30 08:18:41午後 searchStage_trainer.py:249 [INFO] Valid: Epoch: [2][50/391]	Step 1173	Loss 1.2737	Prec@(1,5) (53.4%, 93.6%)
05/30 08:18:43午後 searchStage_trainer.py:249 [INFO] Valid: Epoch: [2][100/391]	Step 1173	Loss 1.2878	Prec@(1,5) (53.7%, 93.0%)
05/30 08:18:46午後 searchStage_trainer.py:249 [INFO] Valid: Epoch: [2][150/391]	Step 1173	Loss 1.2883	Prec@(1,5) (53.6%, 93.2%)
05/30 08:18:48午後 searchStage_trainer.py:249 [INFO] Valid: Epoch: [2][200/391]	Step 1173	Loss 1.2886	Prec@(1,5) (53.5%, 93.3%)
05/30 08:18:50午後 searchStage_trainer.py:249 [INFO] Valid: Epoch: [2][250/391]	Step 1173	Loss 1.2958	Prec@(1,5) (53.0%, 93.4%)
05/30 08:18:53午後 searchStage_trainer.py:249 [INFO] Valid: Epoch: [2][300/391]	Step 1173	Loss 1.2912	Prec@(1,5) (53.2%, 93.4%)
05/30 08:18:55午後 searchStage_trainer.py:249 [INFO] Valid: Epoch: [2][350/391]	Step 1173	Loss 1.2934	Prec@(1,5) (53.0%, 93.4%)
05/30 08:18:57午後 searchStage_trainer.py:249 [INFO] Valid: Epoch: [2][390/391]	Step 1173	Loss 1.2976	Prec@(1,5) (52.8%, 93.4%)
05/30 08:18:57午後 searchStage_trainer.py:260 [INFO] Valid: [  2/49] Final Prec@1 52.8120%
05/30 08:18:57午後 searchStage_main.py:59 [INFO] DAG = Genotype2(DAG1=[[('avg_pool_3x3', 0), ('avg_pool_3x3', 1)], [('avg_pool_3x3', 2), ('skip_connect', 1)], [('avg_pool_3x3', 3), ('avg_pool_3x3', 2)], [('avg_pool_3x3', 4), ('avg_pool_3x3', 3)], [('avg_pool_3x3', 4), ('avg_pool_3x3', 5)], [('avg_pool_3x3', 6), ('avg_pool_3x3', 5)]], DAG1_concat=range(6, 8), DAG2=[[('max_pool_3x3', 1), ('max_pool_3x3', 0)], [('avg_pool_3x3', 2), ('max_pool_3x3', 1)], [('max_pool_3x3', 3), ('avg_pool_3x3', 2)], [('max_pool_3x3', 4), ('avg_pool_3x3', 3)], [('max_pool_3x3', 5), ('avg_pool_3x3', 4)], [('max_pool_3x3', 5), ('max_pool_3x3', 6)]], DAG2_concat=range(6, 8), DAG3=[[('skip_connect', 0), ('skip_connect', 1)], [('skip_connect', 2), ('avg_pool_3x3', 0)], [('skip_connect', 3), ('skip_connect', 2)], [('max_pool_3x3', 4), ('max_pool_3x3', 3)], [('skip_connect', 5), ('skip_connect', 4)], [('max_pool_3x3', 6), ('max_pool_3x3', 4)]], DAG3_concat=range(6, 8))
05/30 08:18:57午後 searchStage_main.py:79 [INFO] Until now, best Prec@1 = 52.8120%
####### ALPHA #######
# Alpha - DAG
tensor([[0.2551, 0.2601, 0.2578, 0.2270],
        [0.2535, 0.2565, 0.2553, 0.2346]], device='cuda:0',
       grad_fn=<SoftmaxBackward0>)
tensor([[0.2531, 0.2572, 0.2558, 0.2338],
        [0.2484, 0.2599, 0.2629, 0.2288],
        [0.2579, 0.2685, 0.2427, 0.2309]], device='cuda:0',
       grad_fn=<SoftmaxBackward0>)
tensor([[0.2500, 0.2562, 0.2553, 0.2385],
        [0.2566, 0.2620, 0.2452, 0.2362],
        [0.2555, 0.2651, 0.2484, 0.2309]], device='cuda:0',
       grad_fn=<SoftmaxBackward0>)
tensor([[0.2557, 0.2603, 0.2497, 0.2343],
        [0.2565, 0.2610, 0.2463, 0.2363],
        [0.2546, 0.2616, 0.2460, 0.2378]], device='cuda:0',
       grad_fn=<SoftmaxBackward0>)
tensor([[0.2559, 0.2604, 0.2468, 0.2368],
        [0.2559, 0.2626, 0.2466, 0.2349],
        [0.2569, 0.2614, 0.2464, 0.2353]], device='cuda:0',
       grad_fn=<SoftmaxBackward0>)
tensor([[0.2549, 0.2580, 0.2433, 0.2438],
        [0.2532, 0.2603, 0.2479, 0.2385],
        [0.2551, 0.2603, 0.2444, 0.2402]], device='cuda:0',
       grad_fn=<SoftmaxBackward0>)
tensor([[0.2507, 0.2505, 0.2498, 0.2491],
        [0.2514, 0.2505, 0.2495, 0.2487]], device='cuda:0',
       grad_fn=<SoftmaxBackward0>)
tensor([[0.2510, 0.2504, 0.2504, 0.2482],
        [0.2510, 0.2499, 0.2507, 0.2483],
        [0.2515, 0.2520, 0.2493, 0.2472]], device='cuda:0',
       grad_fn=<SoftmaxBackward0>)
tensor([[0.2494, 0.2496, 0.2512, 0.2497],
        [0.2512, 0.2521, 0.2493, 0.2474],
        [0.2516, 0.2511, 0.2495, 0.2478]], device='cuda:0',
       grad_fn=<SoftmaxBackward0>)
tensor([[0.2509, 0.2508, 0.2494, 0.2489],
        [0.2504, 0.2512, 0.2501, 0.2482],
        [0.2514, 0.2504, 0.2489, 0.2492]], device='cuda:0',
       grad_fn=<SoftmaxBackward0>)
tensor([[0.2504, 0.2511, 0.2500, 0.2484],
        [0.2509, 0.2512, 0.2491, 0.2489],
        [0.2511, 0.2504, 0.2493, 0.2492]], device='cuda:0',
       grad_fn=<SoftmaxBackward0>)
tensor([[0.2506, 0.2503, 0.2485, 0.2506],
        [0.2520, 0.2508, 0.2484, 0.2488],
        [0.2513, 0.2505, 0.2504, 0.2478]], device='cuda:0',
       grad_fn=<SoftmaxBackward0>)
tensor([[0.2475, 0.2514, 0.2516, 0.2495],
        [0.2488, 0.2502, 0.2509, 0.2501]], device='cuda:0',
       grad_fn=<SoftmaxBackward0>)
tensor([[0.2476, 0.2515, 0.2514, 0.2495],
        [0.2481, 0.2490, 0.2502, 0.2527],
        [0.2473, 0.2513, 0.2531, 0.2483]], device='cuda:0',
       grad_fn=<SoftmaxBackward0>)
tensor([[0.2511, 0.2486, 0.2504, 0.2499],
        [0.2506, 0.2492, 0.2507, 0.2495],
        [0.2488, 0.2496, 0.2519, 0.2497]], device='cuda:0',
       grad_fn=<SoftmaxBackward0>)
tensor([[0.2525, 0.2482, 0.2488, 0.2504],
        [0.2513, 0.2488, 0.2485, 0.2514],
        [0.2540, 0.2483, 0.2504, 0.2473]], device='cuda:0',
       grad_fn=<SoftmaxBackward0>)
tensor([[0.2505, 0.2458, 0.2493, 0.2544],
        [0.2504, 0.2482, 0.2510, 0.2504],
        [0.2495, 0.2505, 0.2552, 0.2448]], device='cuda:0',
       grad_fn=<SoftmaxBackward0>)
tensor([[0.2528, 0.2479, 0.2489, 0.2504],
        [0.2500, 0.2480, 0.2488, 0.2532],
        [0.2520, 0.2494, 0.2517, 0.2469]], device='cuda:0',
       grad_fn=<SoftmaxBackward0>)
#####################
05/30 08:19:15午後 searchStage_trainer.py:211 [INFO] Train: Epoch: [3][50/390]	Step 1223	lr 0.02479	Loss 1.1912 (1.2231)	Prec@(1,5) (56.2%, 95.0%)	
05/30 08:19:32午後 searchStage_trainer.py:211 [INFO] Train: Epoch: [3][100/390]	Step 1273	lr 0.02479	Loss 0.9004 (1.2147)	Prec@(1,5) (56.6%, 94.8%)	
05/30 08:19:50午後 searchStage_trainer.py:211 [INFO] Train: Epoch: [3][150/390]	Step 1323	lr 0.02479	Loss 1.1319 (1.2070)	Prec@(1,5) (57.0%, 94.8%)	
05/30 08:20:07午後 searchStage_trainer.py:211 [INFO] Train: Epoch: [3][200/390]	Step 1373	lr 0.02479	Loss 1.2581 (1.2028)	Prec@(1,5) (57.0%, 94.9%)	
05/30 08:20:24午後 searchStage_trainer.py:211 [INFO] Train: Epoch: [3][250/390]	Step 1423	lr 0.02479	Loss 1.1289 (1.1885)	Prec@(1,5) (57.6%, 95.0%)	
05/30 08:20:41午後 searchStage_trainer.py:211 [INFO] Train: Epoch: [3][300/390]	Step 1473	lr 0.02479	Loss 1.0478 (1.1768)	Prec@(1,5) (58.1%, 95.1%)	
05/30 08:20:58午後 searchStage_trainer.py:211 [INFO] Train: Epoch: [3][350/390]	Step 1523	lr 0.02479	Loss 1.0840 (1.1702)	Prec@(1,5) (58.2%, 95.2%)	
05/30 08:21:12午後 searchStage_trainer.py:211 [INFO] Train: Epoch: [3][390/390]	Step 1563	lr 0.02479	Loss 1.0712 (1.1652)	Prec@(1,5) (58.4%, 95.2%)	
05/30 08:21:12午後 searchStage_trainer.py:221 [INFO] Train: [  3/49] Final Prec@1 58.4320%
05/30 08:21:15午後 searchStage_trainer.py:249 [INFO] Valid: Epoch: [3][50/391]	Step 1564	Loss 1.1636	Prec@(1,5) (58.4%, 94.7%)
05/30 08:21:17午後 searchStage_trainer.py:249 [INFO] Valid: Epoch: [3][100/391]	Step 1564	Loss 1.1663	Prec@(1,5) (58.5%, 94.7%)
05/30 08:21:19午後 searchStage_trainer.py:249 [INFO] Valid: Epoch: [3][150/391]	Step 1564	Loss 1.1602	Prec@(1,5) (59.0%, 94.7%)
05/30 08:21:22午後 searchStage_trainer.py:249 [INFO] Valid: Epoch: [3][200/391]	Step 1564	Loss 1.1665	Prec@(1,5) (58.4%, 94.8%)
05/30 08:21:24午後 searchStage_trainer.py:249 [INFO] Valid: Epoch: [3][250/391]	Step 1564	Loss 1.1687	Prec@(1,5) (58.5%, 94.7%)
05/30 08:21:26午後 searchStage_trainer.py:249 [INFO] Valid: Epoch: [3][300/391]	Step 1564	Loss 1.1708	Prec@(1,5) (58.2%, 94.7%)
05/30 08:21:29午後 searchStage_trainer.py:249 [INFO] Valid: Epoch: [3][350/391]	Step 1564	Loss 1.1659	Prec@(1,5) (58.3%, 94.8%)
05/30 08:21:31午後 searchStage_trainer.py:249 [INFO] Valid: Epoch: [3][390/391]	Step 1564	Loss 1.1660	Prec@(1,5) (58.2%, 94.8%)
05/30 08:21:31午後 searchStage_trainer.py:260 [INFO] Valid: [  3/49] Final Prec@1 58.2240%
05/30 08:21:31午後 searchStage_main.py:59 [INFO] DAG = Genotype2(DAG1=[[('avg_pool_3x3', 0), ('avg_pool_3x3', 1)], [('avg_pool_3x3', 2), ('skip_connect', 1)], [('avg_pool_3x3', 3), ('avg_pool_3x3', 2)], [('avg_pool_3x3', 4), ('avg_pool_3x3', 3)], [('avg_pool_3x3', 5), ('avg_pool_3x3', 4)], [('avg_pool_3x3', 6), ('avg_pool_3x3', 5)]], DAG1_concat=range(6, 8), DAG2=[[('max_pool_3x3', 0), ('max_pool_3x3', 1)], [('avg_pool_3x3', 2), ('max_pool_3x3', 1)], [('max_pool_3x3', 3), ('avg_pool_3x3', 2)], [('max_pool_3x3', 4), ('avg_pool_3x3', 3)], [('max_pool_3x3', 5), ('avg_pool_3x3', 4)], [('max_pool_3x3', 6), ('max_pool_3x3', 5)]], DAG2_concat=range(6, 8), DAG3=[[('skip_connect', 0), ('skip_connect', 1)], [('skip_connect', 2), ('avg_pool_3x3', 0)], [('skip_connect', 3), ('skip_connect', 2)], [('max_pool_3x3', 4), ('max_pool_3x3', 3)], [('skip_connect', 5), ('skip_connect', 4)], [('max_pool_3x3', 6), ('max_pool_3x3', 4)]], DAG3_concat=range(6, 8))
05/30 08:21:31午後 searchStage_main.py:79 [INFO] Until now, best Prec@1 = 58.2240%
####### ALPHA #######
# Alpha - DAG
tensor([[0.2539, 0.2639, 0.2601, 0.2221],
        [0.2530, 0.2613, 0.2588, 0.2269]], device='cuda:0',
       grad_fn=<SoftmaxBackward0>)
tensor([[0.2541, 0.2600, 0.2574, 0.2286],
        [0.2495, 0.2629, 0.2647, 0.2229],
        [0.2602, 0.2736, 0.2409, 0.2253]], device='cuda:0',
       grad_fn=<SoftmaxBackward0>)
tensor([[0.2507, 0.2576, 0.2568, 0.2350],
        [0.2587, 0.2651, 0.2451, 0.2311],
        [0.2573, 0.2683, 0.2476, 0.2269]], device='cuda:0',
       grad_fn=<SoftmaxBackward0>)
tensor([[0.2571, 0.2627, 0.2494, 0.2308],
        [0.2584, 0.2642, 0.2450, 0.2324],
        [0.2557, 0.2643, 0.2454, 0.2346]], device='cuda:0',
       grad_fn=<SoftmaxBackward0>)
tensor([[0.2571, 0.2635, 0.2456, 0.2338],
        [0.2579, 0.2653, 0.2455, 0.2313],
        [0.2582, 0.2642, 0.2471, 0.2304]], device='cuda:0',
       grad_fn=<SoftmaxBackward0>)
tensor([[0.2560, 0.2600, 0.2417, 0.2423],
        [0.2548, 0.2629, 0.2469, 0.2354],
        [0.2561, 0.2631, 0.2453, 0.2355]], device='cuda:0',
       grad_fn=<SoftmaxBackward0>)
tensor([[0.2510, 0.2505, 0.2497, 0.2488],
        [0.2510, 0.2507, 0.2498, 0.2485]], device='cuda:0',
       grad_fn=<SoftmaxBackward0>)
tensor([[0.2507, 0.2503, 0.2508, 0.2482],
        [0.2513, 0.2500, 0.2507, 0.2480],
        [0.2518, 0.2523, 0.2495, 0.2465]], device='cuda:0',
       grad_fn=<SoftmaxBackward0>)
tensor([[0.2493, 0.2497, 0.2513, 0.2496],
        [0.2512, 0.2523, 0.2493, 0.2472],
        [0.2516, 0.2512, 0.2497, 0.2475]], device='cuda:0',
       grad_fn=<SoftmaxBackward0>)
tensor([[0.2509, 0.2508, 0.2493, 0.2490],
        [0.2507, 0.2515, 0.2501, 0.2478],
        [0.2516, 0.2505, 0.2489, 0.2490]], device='cuda:0',
       grad_fn=<SoftmaxBackward0>)
tensor([[0.2505, 0.2512, 0.2502, 0.2480],
        [0.2511, 0.2512, 0.2489, 0.2488],
        [0.2512, 0.2507, 0.2492, 0.2489]], device='cuda:0',
       grad_fn=<SoftmaxBackward0>)
tensor([[0.2507, 0.2503, 0.2485, 0.2505],
        [0.2522, 0.2508, 0.2484, 0.2486],
        [0.2515, 0.2506, 0.2503, 0.2476]], device='cuda:0',
       grad_fn=<SoftmaxBackward0>)
tensor([[0.2468, 0.2517, 0.2521, 0.2494],
        [0.2486, 0.2502, 0.2510, 0.2502]], device='cuda:0',
       grad_fn=<SoftmaxBackward0>)
tensor([[0.2469, 0.2519, 0.2519, 0.2493],
        [0.2474, 0.2489, 0.2505, 0.2531],
        [0.2468, 0.2515, 0.2535, 0.2482]], device='cuda:0',
       grad_fn=<SoftmaxBackward0>)
tensor([[0.2514, 0.2482, 0.2506, 0.2498],
        [0.2507, 0.2489, 0.2508, 0.2496],
        [0.2486, 0.2495, 0.2523, 0.2495]], device='cuda:0',
       grad_fn=<SoftmaxBackward0>)
tensor([[0.2531, 0.2479, 0.2486, 0.2505],
        [0.2515, 0.2486, 0.2483, 0.2516],
        [0.2548, 0.2480, 0.2503, 0.2469]], device='cuda:0',
       grad_fn=<SoftmaxBackward0>)
tensor([[0.2506, 0.2448, 0.2492, 0.2554],
        [0.2505, 0.2479, 0.2513, 0.2504],
        [0.2494, 0.2505, 0.2563, 0.2438]], device='cuda:0',
       grad_fn=<SoftmaxBackward0>)
tensor([[0.2535, 0.2473, 0.2486, 0.2505],
        [0.2501, 0.2476, 0.2484, 0.2539],
        [0.2525, 0.2493, 0.2522, 0.2460]], device='cuda:0',
       grad_fn=<SoftmaxBackward0>)
#####################
05/30 08:21:49午後 searchStage_trainer.py:211 [INFO] Train: Epoch: [4][50/390]	Step 1614	lr 0.02462	Loss 0.9925 (1.0897)	Prec@(1,5) (61.2%, 95.7%)	
05/30 08:22:06午後 searchStage_trainer.py:211 [INFO] Train: Epoch: [4][100/390]	Step 1664	lr 0.02462	Loss 1.6736 (1.0678)	Prec@(1,5) (61.9%, 96.0%)	
05/30 08:22:23午後 searchStage_trainer.py:211 [INFO] Train: Epoch: [4][150/390]	Step 1714	lr 0.02462	Loss 1.2457 (1.0737)	Prec@(1,5) (61.9%, 95.9%)	
05/30 08:22:40午後 searchStage_trainer.py:211 [INFO] Train: Epoch: [4][200/390]	Step 1764	lr 0.02462	Loss 1.2840 (1.0748)	Prec@(1,5) (62.0%, 95.9%)	
05/30 08:22:57午後 searchStage_trainer.py:211 [INFO] Train: Epoch: [4][250/390]	Step 1814	lr 0.02462	Loss 1.0841 (1.0665)	Prec@(1,5) (62.1%, 96.1%)	
05/30 08:23:14午後 searchStage_trainer.py:211 [INFO] Train: Epoch: [4][300/390]	Step 1864	lr 0.02462	Loss 0.8742 (1.0609)	Prec@(1,5) (62.4%, 96.2%)	
05/30 08:23:32午後 searchStage_trainer.py:211 [INFO] Train: Epoch: [4][350/390]	Step 1914	lr 0.02462	Loss 0.9716 (1.0551)	Prec@(1,5) (62.7%, 96.2%)	
05/30 08:23:45午後 searchStage_trainer.py:211 [INFO] Train: Epoch: [4][390/390]	Step 1954	lr 0.02462	Loss 0.9926 (1.0492)	Prec@(1,5) (63.0%, 96.2%)	
05/30 08:23:46午後 searchStage_trainer.py:221 [INFO] Train: [  4/49] Final Prec@1 63.0240%
05/30 08:23:48午後 searchStage_trainer.py:249 [INFO] Valid: Epoch: [4][50/391]	Step 1955	Loss 1.1046	Prec@(1,5) (61.3%, 96.1%)
05/30 08:23:51午後 searchStage_trainer.py:249 [INFO] Valid: Epoch: [4][100/391]	Step 1955	Loss 1.1021	Prec@(1,5) (61.5%, 96.0%)
05/30 08:23:53午後 searchStage_trainer.py:249 [INFO] Valid: Epoch: [4][150/391]	Step 1955	Loss 1.0930	Prec@(1,5) (61.7%, 96.0%)
05/30 08:23:56午後 searchStage_trainer.py:249 [INFO] Valid: Epoch: [4][200/391]	Step 1955	Loss 1.1036	Prec@(1,5) (61.1%, 96.0%)
05/30 08:23:58午後 searchStage_trainer.py:249 [INFO] Valid: Epoch: [4][250/391]	Step 1955	Loss 1.1064	Prec@(1,5) (61.1%, 95.9%)
05/30 08:24:00午後 searchStage_trainer.py:249 [INFO] Valid: Epoch: [4][300/391]	Step 1955	Loss 1.1013	Prec@(1,5) (61.3%, 96.0%)
05/30 08:24:03午後 searchStage_trainer.py:249 [INFO] Valid: Epoch: [4][350/391]	Step 1955	Loss 1.1045	Prec@(1,5) (61.2%, 96.0%)
05/30 08:24:04午後 searchStage_trainer.py:249 [INFO] Valid: Epoch: [4][390/391]	Step 1955	Loss 1.1108	Prec@(1,5) (61.0%, 95.9%)
05/30 08:24:05午後 searchStage_trainer.py:260 [INFO] Valid: [  4/49] Final Prec@1 60.9640%
05/30 08:24:05午後 searchStage_main.py:59 [INFO] DAG = Genotype2(DAG1=[[('avg_pool_3x3', 0), ('avg_pool_3x3', 1)], [('avg_pool_3x3', 2), ('skip_connect', 1)], [('avg_pool_3x3', 3), ('avg_pool_3x3', 2)], [('avg_pool_3x3', 4), ('avg_pool_3x3', 3)], [('avg_pool_3x3', 5), ('avg_pool_3x3', 4)], [('avg_pool_3x3', 6), ('avg_pool_3x3', 5)]], DAG1_concat=range(6, 8), DAG2=[[('max_pool_3x3', 1), ('max_pool_3x3', 0)], [('avg_pool_3x3', 2), ('max_pool_3x3', 1)], [('max_pool_3x3', 3), ('avg_pool_3x3', 2)], [('max_pool_3x3', 4), ('avg_pool_3x3', 3)], [('max_pool_3x3', 5), ('avg_pool_3x3', 4)], [('max_pool_3x3', 6), ('max_pool_3x3', 5)]], DAG2_concat=range(6, 8), DAG3=[[('skip_connect', 0), ('skip_connect', 1)], [('skip_connect', 2), ('skip_connect', 0)], [('skip_connect', 3), ('skip_connect', 2)], [('max_pool_3x3', 4), ('max_pool_3x3', 3)], [('skip_connect', 5), ('skip_connect', 4)], [('max_pool_3x3', 6), ('max_pool_3x3', 5)]], DAG3_concat=range(6, 8))
05/30 08:24:05午後 searchStage_main.py:79 [INFO] Until now, best Prec@1 = 60.9640%
####### ALPHA #######
# Alpha - DAG
tensor([[0.2556, 0.2663, 0.2603, 0.2178],
        [0.2546, 0.2635, 0.2613, 0.2206]], device='cuda:0',
       grad_fn=<SoftmaxBackward0>)
tensor([[0.2541, 0.2622, 0.2597, 0.2240],
        [0.2493, 0.2655, 0.2662, 0.2189],
        [0.2608, 0.2767, 0.2418, 0.2207]], device='cuda:0',
       grad_fn=<SoftmaxBackward0>)
tensor([[0.2532, 0.2585, 0.2566, 0.2317],
        [0.2604, 0.2667, 0.2446, 0.2282],
        [0.2591, 0.2701, 0.2469, 0.2239]], device='cuda:0',
       grad_fn=<SoftmaxBackward0>)
tensor([[0.2577, 0.2649, 0.2497, 0.2278],
        [0.2595, 0.2664, 0.2438, 0.2302],
        [0.2566, 0.2660, 0.2454, 0.2320]], device='cuda:0',
       grad_fn=<SoftmaxBackward0>)
tensor([[0.2578, 0.2659, 0.2449, 0.2314],
        [0.2588, 0.2679, 0.2446, 0.2287],
        [0.2593, 0.2669, 0.2473, 0.2265]], device='cuda:0',
       grad_fn=<SoftmaxBackward0>)
tensor([[0.2574, 0.2624, 0.2419, 0.2384],
        [0.2557, 0.2646, 0.2464, 0.2333],
        [0.2572, 0.2651, 0.2440, 0.2336]], device='cuda:0',
       grad_fn=<SoftmaxBackward0>)
tensor([[0.2508, 0.2505, 0.2501, 0.2486],
        [0.2511, 0.2508, 0.2498, 0.2484]], device='cuda:0',
       grad_fn=<SoftmaxBackward0>)
tensor([[0.2507, 0.2506, 0.2509, 0.2477],
        [0.2512, 0.2497, 0.2510, 0.2481],
        [0.2516, 0.2524, 0.2497, 0.2463]], device='cuda:0',
       grad_fn=<SoftmaxBackward0>)
tensor([[0.2491, 0.2494, 0.2515, 0.2499],
        [0.2512, 0.2526, 0.2496, 0.2465],
        [0.2517, 0.2513, 0.2495, 0.2476]], device='cuda:0',
       grad_fn=<SoftmaxBackward0>)
tensor([[0.2511, 0.2507, 0.2490, 0.2492],
        [0.2506, 0.2516, 0.2504, 0.2474],
        [0.2515, 0.2506, 0.2491, 0.2488]], device='cuda:0',
       grad_fn=<SoftmaxBackward0>)
tensor([[0.2504, 0.2514, 0.2506, 0.2476],
        [0.2512, 0.2514, 0.2489, 0.2485],
        [0.2514, 0.2505, 0.2490, 0.2491]], device='cuda:0',
       grad_fn=<SoftmaxBackward0>)
tensor([[0.2509, 0.2503, 0.2484, 0.2504],
        [0.2524, 0.2508, 0.2483, 0.2485],
        [0.2518, 0.2507, 0.2501, 0.2474]], device='cuda:0',
       grad_fn=<SoftmaxBackward0>)
tensor([[0.2463, 0.2518, 0.2524, 0.2494],
        [0.2484, 0.2502, 0.2513, 0.2501]], device='cuda:0',
       grad_fn=<SoftmaxBackward0>)
tensor([[0.2464, 0.2521, 0.2522, 0.2492],
        [0.2472, 0.2488, 0.2507, 0.2533],
        [0.2465, 0.2516, 0.2540, 0.2480]], device='cuda:0',
       grad_fn=<SoftmaxBackward0>)
tensor([[0.2517, 0.2479, 0.2508, 0.2496],
        [0.2507, 0.2487, 0.2508, 0.2497],
        [0.2485, 0.2495, 0.2526, 0.2494]], device='cuda:0',
       grad_fn=<SoftmaxBackward0>)
tensor([[0.2535, 0.2476, 0.2484, 0.2505],
        [0.2517, 0.2484, 0.2482, 0.2517],
        [0.2553, 0.2477, 0.2503, 0.2466]], device='cuda:0',
       grad_fn=<SoftmaxBackward0>)
tensor([[0.2507, 0.2441, 0.2490, 0.2562],
        [0.2506, 0.2475, 0.2514, 0.2505],
        [0.2493, 0.2506, 0.2571, 0.2430]], device='cuda:0',
       grad_fn=<SoftmaxBackward0>)
tensor([[0.2540, 0.2469, 0.2485, 0.2505],
        [0.2501, 0.2472, 0.2481, 0.2545],
        [0.2528, 0.2493, 0.2525, 0.2454]], device='cuda:0',
       grad_fn=<SoftmaxBackward0>)
#####################
05/30 08:24:23午後 searchStage_trainer.py:211 [INFO] Train: Epoch: [5][50/390]	Step 2005	lr 0.02441	Loss 1.1348 (0.9800)	Prec@(1,5) (64.2%, 96.2%)	
05/30 08:24:40午後 searchStage_trainer.py:211 [INFO] Train: Epoch: [5][100/390]	Step 2055	lr 0.02441	Loss 1.1055 (0.9805)	Prec@(1,5) (64.8%, 96.6%)	
05/30 08:24:57午後 searchStage_trainer.py:211 [INFO] Train: Epoch: [5][150/390]	Step 2105	lr 0.02441	Loss 1.0174 (0.9776)	Prec@(1,5) (65.2%, 96.8%)	
05/30 08:25:15午後 searchStage_trainer.py:211 [INFO] Train: Epoch: [5][200/390]	Step 2155	lr 0.02441	Loss 0.8618 (0.9755)	Prec@(1,5) (65.3%, 96.8%)	
05/30 08:25:32午後 searchStage_trainer.py:211 [INFO] Train: Epoch: [5][250/390]	Step 2205	lr 0.02441	Loss 0.8129 (0.9750)	Prec@(1,5) (65.5%, 96.8%)	
05/30 08:25:50午後 searchStage_trainer.py:211 [INFO] Train: Epoch: [5][300/390]	Step 2255	lr 0.02441	Loss 1.0082 (0.9792)	Prec@(1,5) (65.3%, 96.9%)	
05/30 08:26:07午後 searchStage_trainer.py:211 [INFO] Train: Epoch: [5][350/390]	Step 2305	lr 0.02441	Loss 1.2001 (0.9784)	Prec@(1,5) (65.5%, 96.9%)	
05/30 08:26:21午後 searchStage_trainer.py:211 [INFO] Train: Epoch: [5][390/390]	Step 2345	lr 0.02441	Loss 0.8468 (0.9701)	Prec@(1,5) (65.8%, 96.9%)	
05/30 08:26:21午後 searchStage_trainer.py:221 [INFO] Train: [  5/49] Final Prec@1 65.8720%
05/30 08:26:24午後 searchStage_trainer.py:249 [INFO] Valid: Epoch: [5][50/391]	Step 2346	Loss 0.9543	Prec@(1,5) (66.2%, 97.0%)
05/30 08:26:26午後 searchStage_trainer.py:249 [INFO] Valid: Epoch: [5][100/391]	Step 2346	Loss 0.9437	Prec@(1,5) (66.0%, 97.3%)
05/30 08:26:28午後 searchStage_trainer.py:249 [INFO] Valid: Epoch: [5][150/391]	Step 2346	Loss 0.9479	Prec@(1,5) (66.2%, 97.0%)
05/30 08:26:31午後 searchStage_trainer.py:249 [INFO] Valid: Epoch: [5][200/391]	Step 2346	Loss 0.9536	Prec@(1,5) (66.1%, 97.1%)
