07/12 09:24:32PM parser.py:28 [INFO] 
07/12 09:24:32PM parser.py:29 [INFO] Parameters:
07/12 09:24:32PM parser.py:31 [INFO] DAG_PATH=./results/search_cell/CIFAR100/BASELINE/EXP-20240712-212432/GENO
07/12 09:24:32PM parser.py:31 [INFO] ALPHA_LR=0.0003
07/12 09:24:32PM parser.py:31 [INFO] ALPHA_WEIGHT_DECAY=0.001
07/12 09:24:32PM parser.py:31 [INFO] BATCH_SIZE=64
07/12 09:24:32PM parser.py:31 [INFO] DATA_PATH=../data/
07/12 09:24:32PM parser.py:31 [INFO] DATASET=CIFAR100
07/12 09:24:32PM parser.py:31 [INFO] EPOCHS=50
07/12 09:24:32PM parser.py:31 [INFO] EXP_NAME=EXP-20240712-212432
07/12 09:24:32PM parser.py:31 [INFO] GPUS=[0]
07/12 09:24:32PM parser.py:31 [INFO] INIT_CHANNELS=16
07/12 09:24:32PM parser.py:31 [INFO] LAYERS=8
07/12 09:24:32PM parser.py:31 [INFO] LOCAL_RANK=0
07/12 09:24:32PM parser.py:31 [INFO] LOGGER=<Logger H-DAS (INFO)>
07/12 09:24:32PM parser.py:31 [INFO] NAME=BASELINE
07/12 09:24:32PM parser.py:31 [INFO] PATH=./results/search_cell/CIFAR100/BASELINE/EXP-20240712-212432
07/12 09:24:32PM parser.py:31 [INFO] PLOT_PATH=./results/search_cell/CIFAR100/BASELINE/EXP-20240712-212432/plots
07/12 09:24:32PM parser.py:31 [INFO] PRINT_FREQ=50
07/12 09:24:32PM parser.py:31 [INFO] RESUME_PATH=None
07/12 09:24:32PM parser.py:31 [INFO] SAVE=EXP
07/12 09:24:32PM parser.py:31 [INFO] SEED=3
07/12 09:24:32PM parser.py:31 [INFO] TRAIN_PORTION=0.5
07/12 09:24:32PM parser.py:31 [INFO] W_GRAD_CLIP=5.0
07/12 09:24:32PM parser.py:31 [INFO] W_LR=0.025
07/12 09:24:32PM parser.py:31 [INFO] W_LR_MIN=0.001
07/12 09:24:32PM parser.py:31 [INFO] W_MOMENTUM=0.9
07/12 09:24:32PM parser.py:31 [INFO] W_WEIGHT_DECAY=0.0003
07/12 09:24:32PM parser.py:31 [INFO] WORKERS=4
07/12 09:24:32PM parser.py:32 [INFO] 
07/12 09:24:34PM searchCell_trainer.py:95 [INFO] --> No loaded checkpoint!
####### ALPHA #######
# Alpha - normal
tensor([[0.1250, 0.1250, 0.1249, 0.1250, 0.1251, 0.1250, 0.1252, 0.1248],
        [0.1250, 0.1249, 0.1250, 0.1249, 0.1251, 0.1250, 0.1250, 0.1250]],
       device='cuda:0', grad_fn=<SoftmaxBackward0>)
tensor([[0.1250, 0.1251, 0.1249, 0.1248, 0.1251, 0.1251, 0.1250, 0.1250],
        [0.1249, 0.1251, 0.1250, 0.1250, 0.1248, 0.1251, 0.1251, 0.1249],
        [0.1251, 0.1250, 0.1249, 0.1251, 0.1251, 0.1250, 0.1249, 0.1249]],
       device='cuda:0', grad_fn=<SoftmaxBackward0>)
tensor([[0.1251, 0.1252, 0.1248, 0.1250, 0.1250, 0.1249, 0.1249, 0.1251],
        [0.1251, 0.1252, 0.1250, 0.1251, 0.1248, 0.1249, 0.1250, 0.1250],
        [0.1250, 0.1250, 0.1251, 0.1247, 0.1250, 0.1252, 0.1248, 0.1251],
        [0.1250, 0.1251, 0.1251, 0.1250, 0.1249, 0.1251, 0.1248, 0.1251]],
       device='cuda:0', grad_fn=<SoftmaxBackward0>)
tensor([[0.1251, 0.1251, 0.1250, 0.1250, 0.1250, 0.1249, 0.1249, 0.1250],
        [0.1251, 0.1249, 0.1251, 0.1252, 0.1250, 0.1246, 0.1250, 0.1252],
        [0.1250, 0.1250, 0.1250, 0.1250, 0.1251, 0.1250, 0.1247, 0.1251],
        [0.1250, 0.1250, 0.1253, 0.1248, 0.1252, 0.1249, 0.1249, 0.1249],
        [0.1249, 0.1249, 0.1251, 0.1251, 0.1251, 0.1250, 0.1250, 0.1249]],
       device='cuda:0', grad_fn=<SoftmaxBackward0>)
tensor([[0.1249, 0.1252, 0.1252, 0.1250, 0.1252, 0.1247, 0.1250, 0.1249],
        [0.1249, 0.1250, 0.1249, 0.1250, 0.1249, 0.1250, 0.1250, 0.1253]],
       device='cuda:0', grad_fn=<SoftmaxBackward0>)
tensor([[0.1250, 0.1250, 0.1249, 0.1249, 0.1251, 0.1251, 0.1249, 0.1251],
        [0.1251, 0.1249, 0.1250, 0.1251, 0.1250, 0.1249, 0.1250, 0.1251],
        [0.1252, 0.1250, 0.1248, 0.1248, 0.1250, 0.1249, 0.1253, 0.1250]],
       device='cuda:0', grad_fn=<SoftmaxBackward0>)
tensor([[0.1249, 0.1250, 0.1250, 0.1251, 0.1252, 0.1248, 0.1250, 0.1249],
        [0.1248, 0.1251, 0.1251, 0.1252, 0.1249, 0.1248, 0.1251, 0.1250],
        [0.1251, 0.1249, 0.1249, 0.1249, 0.1251, 0.1251, 0.1249, 0.1252],
        [0.1249, 0.1251, 0.1252, 0.1249, 0.1250, 0.1251, 0.1251, 0.1249]],
       device='cuda:0', grad_fn=<SoftmaxBackward0>)
tensor([[0.1248, 0.1252, 0.1252, 0.1247, 0.1250, 0.1251, 0.1249, 0.1251],
        [0.1249, 0.1248, 0.1252, 0.1252, 0.1251, 0.1249, 0.1250, 0.1249],
        [0.1251, 0.1251, 0.1250, 0.1250, 0.1250, 0.1250, 0.1249, 0.1250],
        [0.1250, 0.1249, 0.1249, 0.1251, 0.1250, 0.1251, 0.1249, 0.1251],
        [0.1251, 0.1249, 0.1250, 0.1251, 0.1249, 0.1250, 0.1251, 0.1249]],
       device='cuda:0', grad_fn=<SoftmaxBackward0>)
tensor([[0.1253, 0.1252, 0.1249, 0.1251, 0.1249, 0.1249, 0.1247, 0.1249],
        [0.1250, 0.1249, 0.1249, 0.1248, 0.1250, 0.1251, 0.1251, 0.1251]],
       device='cuda:0', grad_fn=<SoftmaxBackward0>)
tensor([[0.1250, 0.1249, 0.1251, 0.1250, 0.1249, 0.1251, 0.1249, 0.1251],
        [0.1250, 0.1250, 0.1251, 0.1250, 0.1250, 0.1250, 0.1248, 0.1250],
        [0.1251, 0.1250, 0.1249, 0.1248, 0.1251, 0.1251, 0.1249, 0.1252]],
       device='cuda:0', grad_fn=<SoftmaxBackward0>)
tensor([[0.1250, 0.1250, 0.1251, 0.1248, 0.1250, 0.1248, 0.1251, 0.1251],
        [0.1251, 0.1250, 0.1249, 0.1249, 0.1250, 0.1250, 0.1250, 0.1250],
        [0.1250, 0.1251, 0.1250, 0.1249, 0.1249, 0.1250, 0.1250, 0.1251],
        [0.1251, 0.1250, 0.1251, 0.1249, 0.1248, 0.1249, 0.1252, 0.1250]],
       device='cuda:0', grad_fn=<SoftmaxBackward0>)
tensor([[0.1250, 0.1251, 0.1249, 0.1250, 0.1250, 0.1250, 0.1250, 0.1250],
        [0.1251, 0.1251, 0.1245, 0.1251, 0.1251, 0.1250, 0.1250, 0.1250],
        [0.1249, 0.1250, 0.1248, 0.1249, 0.1252, 0.1250, 0.1250, 0.1251],
        [0.1247, 0.1250, 0.1249, 0.1249, 0.1250, 0.1252, 0.1250, 0.1252],
        [0.1250, 0.1250, 0.1250, 0.1250, 0.1251, 0.1248, 0.1251, 0.1249]],
       device='cuda:0', grad_fn=<SoftmaxBackward0>)

# Alpha - reduce
tensor([[0.1251, 0.1251, 0.1249, 0.1250, 0.1251, 0.1250, 0.1248, 0.1250],
        [0.1251, 0.1249, 0.1249, 0.1251, 0.1250, 0.1251, 0.1249, 0.1250]],
       device='cuda:0', grad_fn=<SoftmaxBackward0>)
tensor([[0.1250, 0.1250, 0.1251, 0.1248, 0.1251, 0.1251, 0.1249, 0.1251],
        [0.1251, 0.1250, 0.1249, 0.1251, 0.1251, 0.1249, 0.1251, 0.1248],
        [0.1252, 0.1251, 0.1250, 0.1250, 0.1249, 0.1250, 0.1248, 0.1250]],
       device='cuda:0', grad_fn=<SoftmaxBackward0>)
tensor([[0.1250, 0.1250, 0.1251, 0.1250, 0.1249, 0.1250, 0.1249, 0.1250],
        [0.1251, 0.1248, 0.1250, 0.1249, 0.1249, 0.1250, 0.1252, 0.1250],
        [0.1250, 0.1250, 0.1252, 0.1250, 0.1249, 0.1249, 0.1250, 0.1250],
        [0.1251, 0.1250, 0.1251, 0.1250, 0.1249, 0.1251, 0.1249, 0.1249]],
       device='cuda:0', grad_fn=<SoftmaxBackward0>)
tensor([[0.1249, 0.1249, 0.1250, 0.1250, 0.1251, 0.1250, 0.1251, 0.1250],
        [0.1249, 0.1250, 0.1250, 0.1250, 0.1251, 0.1250, 0.1251, 0.1249],
        [0.1249, 0.1251, 0.1249, 0.1248, 0.1252, 0.1248, 0.1252, 0.1250],
        [0.1249, 0.1250, 0.1251, 0.1251, 0.1249, 0.1249, 0.1251, 0.1251],
        [0.1251, 0.1252, 0.1250, 0.1250, 0.1250, 0.1249, 0.1247, 0.1251]],
       device='cuda:0', grad_fn=<SoftmaxBackward0>)
tensor([[0.1250, 0.1250, 0.1250, 0.1250, 0.1250, 0.1248, 0.1250, 0.1252],
        [0.1252, 0.1249, 0.1249, 0.1251, 0.1251, 0.1248, 0.1250, 0.1251]],
       device='cuda:0', grad_fn=<SoftmaxBackward0>)
tensor([[0.1248, 0.1251, 0.1248, 0.1250, 0.1249, 0.1252, 0.1250, 0.1251],
        [0.1249, 0.1248, 0.1252, 0.1251, 0.1250, 0.1251, 0.1248, 0.1251],
        [0.1249, 0.1250, 0.1252, 0.1250, 0.1252, 0.1250, 0.1249, 0.1248]],
       device='cuda:0', grad_fn=<SoftmaxBackward0>)
tensor([[0.1251, 0.1248, 0.1248, 0.1250, 0.1250, 0.1250, 0.1252, 0.1251],
        [0.1249, 0.1250, 0.1249, 0.1249, 0.1250, 0.1249, 0.1252, 0.1251],
        [0.1252, 0.1252, 0.1251, 0.1248, 0.1250, 0.1248, 0.1249, 0.1250],
        [0.1250, 0.1249, 0.1250, 0.1251, 0.1251, 0.1249, 0.1249, 0.1251]],
       device='cuda:0', grad_fn=<SoftmaxBackward0>)
tensor([[0.1252, 0.1250, 0.1250, 0.1249, 0.1250, 0.1251, 0.1249, 0.1249],
        [0.1251, 0.1251, 0.1251, 0.1250, 0.1248, 0.1249, 0.1251, 0.1249],
        [0.1250, 0.1251, 0.1249, 0.1250, 0.1248, 0.1251, 0.1249, 0.1251],
        [0.1251, 0.1250, 0.1249, 0.1251, 0.1249, 0.1251, 0.1250, 0.1250],
        [0.1250, 0.1250, 0.1248, 0.1252, 0.1251, 0.1252, 0.1247, 0.1251]],
       device='cuda:0', grad_fn=<SoftmaxBackward0>)
#####################
07/12 09:25:12PM searchCell_trainer.py:166 [INFO] Train: Epoch: [0][50/390]	Step 50	lr 0.025	Loss 4.1049 (4.4393)	Prec@(1,5) (3.7%, 14.5%)	
07/12 09:25:47PM searchCell_trainer.py:166 [INFO] Train: Epoch: [0][100/390]	Step 100	lr 0.025	Loss 4.1929 (4.3213)	Prec@(1,5) (4.9%, 18.2%)	
07/12 09:26:23PM searchCell_trainer.py:166 [INFO] Train: Epoch: [0][150/390]	Step 150	lr 0.025	Loss 3.8928 (4.2001)	Prec@(1,5) (6.2%, 21.5%)	
07/12 09:26:58PM searchCell_trainer.py:166 [INFO] Train: Epoch: [0][200/390]	Step 200	lr 0.025	Loss 3.7136 (4.1195)	Prec@(1,5) (6.9%, 23.8%)	
07/12 09:27:33PM searchCell_trainer.py:166 [INFO] Train: Epoch: [0][250/390]	Step 250	lr 0.025	Loss 4.0330 (4.0502)	Prec@(1,5) (7.7%, 25.8%)	
07/12 09:28:08PM searchCell_trainer.py:166 [INFO] Train: Epoch: [0][300/390]	Step 300	lr 0.025	Loss 3.7247 (3.9926)	Prec@(1,5) (8.4%, 27.5%)	
07/12 09:28:43PM searchCell_trainer.py:166 [INFO] Train: Epoch: [0][350/390]	Step 350	lr 0.025	Loss 3.5628 (3.9346)	Prec@(1,5) (9.3%, 29.3%)	
07/12 09:29:11PM searchCell_trainer.py:166 [INFO] Train: Epoch: [0][390/390]	Step 390	lr 0.025	Loss 3.4453 (3.8967)	Prec@(1,5) (9.8%, 30.4%)	
07/12 09:29:13PM searchCell_trainer.py:176 [INFO] Train: [  0/49] Final Prec@1 9.8400%
07/12 09:29:19PM searchCell_trainer.py:202 [INFO] Valid: Epoch: [0][50/391]	Step 391	Loss 3.5194	Prec@(1,5) (14.6%, 42.2%)
07/12 09:29:25PM searchCell_trainer.py:202 [INFO] Valid: Epoch: [0][100/391]	Step 391	Loss 3.5114	Prec@(1,5) (15.4%, 41.4%)
07/12 09:29:32PM searchCell_trainer.py:202 [INFO] Valid: Epoch: [0][150/391]	Step 391	Loss 3.5096	Prec@(1,5) (15.5%, 41.8%)
07/12 09:29:38PM searchCell_trainer.py:202 [INFO] Valid: Epoch: [0][200/391]	Step 391	Loss 3.5203	Prec@(1,5) (15.5%, 41.7%)
07/12 09:29:44PM searchCell_trainer.py:202 [INFO] Valid: Epoch: [0][250/391]	Step 391	Loss 3.5290	Prec@(1,5) (15.3%, 41.3%)
07/12 09:29:50PM searchCell_trainer.py:202 [INFO] Valid: Epoch: [0][300/391]	Step 391	Loss 3.5299	Prec@(1,5) (15.2%, 41.3%)
07/12 09:29:56PM searchCell_trainer.py:202 [INFO] Valid: Epoch: [0][350/391]	Step 391	Loss 3.5302	Prec@(1,5) (15.3%, 41.3%)
07/12 09:30:01PM searchCell_trainer.py:202 [INFO] Valid: Epoch: [0][390/391]	Step 391	Loss 3.5287	Prec@(1,5) (15.4%, 41.5%)
07/12 09:30:01PM searchCell_trainer.py:213 [INFO] Valid: [  0/49] Final Prec@1 15.3760%
07/12 09:30:01PM searchCell_main.py:49 [INFO] genotype = Genotype3(normal1=[[('sep_conv_5x5', 0), ('sep_conv_5x5', 1)], [('max_pool_3x3', 0), ('sep_conv_5x5', 2)], [('max_pool_3x3', 1), ('max_pool_3x3', 0)], [('sep_conv_5x5', 4), ('max_pool_3x3', 1)]], normal1_concat=range(2, 6), reduce1=[[('max_pool_3x3', 0), ('sep_conv_3x3', 1)], [('max_pool_3x3', 0), ('skip_connect', 1)], [('max_pool_3x3', 0), ('max_pool_3x3', 2)], [('sep_conv_5x5', 3), ('sep_conv_5x5', 1)]], reduce1_concat=range(2, 6), normal2=[[('max_pool_3x3', 0), ('sep_conv_5x5', 1)], [('max_pool_3x3', 0), ('dil_conv_3x3', 1)], [('max_pool_3x3', 0), ('sep_conv_5x5', 1)], [('sep_conv_5x5', 1), ('dil_conv_5x5', 4)]], normal2_concat=range(2, 6), reduce2=[[('sep_conv_5x5', 1), ('dil_conv_5x5', 0)], [('sep_conv_5x5', 2), ('sep_conv_5x5', 0)], [('sep_conv_5x5', 1), ('dil_conv_5x5', 3)], [('max_pool_3x3', 3), ('dil_conv_5x5', 2)]], reduce2_concat=range(2, 6), normal3=[[('dil_conv_5x5', 1), ('max_pool_3x3', 0)], [('sep_conv_5x5', 1), ('sep_conv_5x5', 2)], [('dil_conv_3x3', 1), ('dil_conv_5x5', 3)], [('dil_conv_5x5', 4), ('sep_conv_5x5', 2)]], normal3_concat=range(2, 6))
07/12 09:30:02PM searchCell_main.py:69 [INFO] Until now, best Prec@1 = 15.3760%
####### ALPHA #######
# Alpha - normal
tensor([[0.1260, 0.1221, 0.1242, 0.1254, 0.1277, 0.1242, 0.1257, 0.1248],
        [0.1256, 0.1215, 0.1239, 0.1261, 0.1276, 0.1263, 0.1241, 0.1250]],
       device='cuda:0', grad_fn=<SoftmaxBackward0>)
tensor([[0.1276, 0.1230, 0.1253, 0.1253, 0.1238, 0.1235, 0.1264, 0.1251],
        [0.1264, 0.1231, 0.1256, 0.1261, 0.1246, 0.1240, 0.1243, 0.1260],
        [0.1250, 0.1223, 0.1242, 0.1259, 0.1276, 0.1259, 0.1251, 0.1241]],
       device='cuda:0', grad_fn=<SoftmaxBackward0>)
tensor([[0.1276, 0.1218, 0.1235, 0.1254, 0.1259, 0.1259, 0.1250, 0.1250],
        [0.1290, 0.1232, 0.1253, 0.1238, 0.1244, 0.1252, 0.1255, 0.1236],
        [0.1271, 0.1235, 0.1253, 0.1257, 0.1246, 0.1261, 0.1241, 0.1235],
        [0.1270, 0.1237, 0.1253, 0.1245, 0.1237, 0.1257, 0.1250, 0.1251]],
       device='cuda:0', grad_fn=<SoftmaxBackward0>)
tensor([[0.1265, 0.1219, 0.1236, 0.1262, 0.1265, 0.1257, 0.1239, 0.1257],
        [0.1271, 0.1223, 0.1243, 0.1261, 0.1247, 0.1261, 0.1244, 0.1250],
        [0.1264, 0.1234, 0.1262, 0.1225, 0.1245, 0.1247, 0.1247, 0.1276],
        [0.1241, 0.1213, 0.1233, 0.1267, 0.1266, 0.1259, 0.1260, 0.1261],
        [0.1239, 0.1213, 0.1235, 0.1272, 0.1280, 0.1252, 0.1253, 0.1255]],
       device='cuda:0', grad_fn=<SoftmaxBackward0>)
tensor([[0.1276, 0.1244, 0.1266, 0.1224, 0.1267, 0.1259, 0.1243, 0.1221],
        [0.1235, 0.1217, 0.1232, 0.1266, 0.1270, 0.1250, 0.1248, 0.1283]],
       device='cuda:0', grad_fn=<SoftmaxBackward0>)
tensor([[0.1278, 0.1245, 0.1264, 0.1242, 0.1255, 0.1256, 0.1241, 0.1219],
        [0.1240, 0.1215, 0.1229, 0.1259, 0.1253, 0.1269, 0.1264, 0.1271],
        [0.1252, 0.1226, 0.1248, 0.1252, 0.1254, 0.1251, 0.1266, 0.1249]],
       device='cuda:0', grad_fn=<SoftmaxBackward0>)
tensor([[0.1287, 0.1247, 0.1269, 0.1246, 0.1239, 0.1241, 0.1249, 0.1223],
        [0.1232, 0.1213, 0.1224, 0.1277, 0.1283, 0.1246, 0.1265, 0.1260],
        [0.1243, 0.1218, 0.1242, 0.1255, 0.1275, 0.1246, 0.1272, 0.1249],
        [0.1257, 0.1239, 0.1263, 0.1236, 0.1262, 0.1227, 0.1250, 0.1265]],
       device='cuda:0', grad_fn=<SoftmaxBackward0>)
tensor([[0.1265, 0.1232, 0.1250, 0.1240, 0.1269, 0.1256, 0.1246, 0.1241],
        [0.1231, 0.1203, 0.1219, 0.1261, 0.1282, 0.1260, 0.1269, 0.1274],
        [0.1242, 0.1217, 0.1234, 0.1263, 0.1256, 0.1252, 0.1264, 0.1272],
        [0.1241, 0.1219, 0.1229, 0.1261, 0.1268, 0.1257, 0.1269, 0.1256],
        [0.1247, 0.1223, 0.1234, 0.1255, 0.1238, 0.1265, 0.1276, 0.1260]],
       device='cuda:0', grad_fn=<SoftmaxBackward0>)
tensor([[0.1275, 0.1239, 0.1248, 0.1232, 0.1256, 0.1263, 0.1247, 0.1240],
        [0.1221, 0.1197, 0.1200, 0.1244, 0.1285, 0.1261, 0.1285, 0.1306]],
       device='cuda:0', grad_fn=<SoftmaxBackward0>)
tensor([[0.1265, 0.1232, 0.1240, 0.1242, 0.1258, 0.1253, 0.1259, 0.1250],
        [0.1222, 0.1206, 0.1210, 0.1262, 0.1279, 0.1273, 0.1257, 0.1291],
        [0.1231, 0.1213, 0.1213, 0.1254, 0.1276, 0.1266, 0.1270, 0.1278]],
       device='cuda:0', grad_fn=<SoftmaxBackward0>)
tensor([[0.1258, 0.1229, 0.1235, 0.1245, 0.1244, 0.1249, 0.1269, 0.1271],
        [0.1213, 0.1197, 0.1197, 0.1282, 0.1263, 0.1284, 0.1269, 0.1295],
        [0.1220, 0.1206, 0.1205, 0.1272, 0.1279, 0.1257, 0.1277, 0.1283],
        [0.1222, 0.1208, 0.1207, 0.1272, 0.1255, 0.1276, 0.1279, 0.1282]],
       device='cuda:0', grad_fn=<SoftmaxBackward0>)
tensor([[0.1244, 0.1221, 0.1223, 0.1249, 0.1280, 0.1254, 0.1257, 0.1272],
        [0.1215, 0.1199, 0.1196, 0.1276, 0.1287, 0.1260, 0.1276, 0.1292],
        [0.1211, 0.1199, 0.1200, 0.1262, 0.1293, 0.1269, 0.1275, 0.1291],
        [0.1213, 0.1201, 0.1198, 0.1264, 0.1274, 0.1274, 0.1285, 0.1292],
        [0.1211, 0.1196, 0.1197, 0.1286, 0.1270, 0.1263, 0.1291, 0.1285]],
       device='cuda:0', grad_fn=<SoftmaxBackward0>)

# Alpha - reduce
tensor([[0.1280, 0.1240, 0.1242, 0.1261, 0.1253, 0.1253, 0.1237, 0.1234],
        [0.1254, 0.1224, 0.1244, 0.1274, 0.1258, 0.1247, 0.1242, 0.1257]],
       device='cuda:0', grad_fn=<SoftmaxBackward0>)
tensor([[0.1276, 0.1241, 0.1257, 0.1237, 0.1238, 0.1245, 0.1259, 0.1247],
        [0.1266, 0.1240, 0.1266, 0.1248, 0.1255, 0.1245, 0.1236, 0.1245],
        [0.1259, 0.1226, 0.1252, 0.1250, 0.1235, 0.1265, 0.1260, 0.1254]],
       device='cuda:0', grad_fn=<SoftmaxBackward0>)
tensor([[0.1283, 0.1238, 0.1252, 0.1255, 0.1253, 0.1236, 0.1255, 0.1227],
        [0.1262, 0.1232, 0.1241, 0.1252, 0.1259, 0.1253, 0.1258, 0.1244],
        [0.1268, 0.1230, 0.1252, 0.1258, 0.1242, 0.1236, 0.1262, 0.1251],
        [0.1263, 0.1228, 0.1246, 0.1262, 0.1249, 0.1246, 0.1254, 0.1252]],
       device='cuda:0', grad_fn=<SoftmaxBackward0>)
tensor([[0.1258, 0.1225, 0.1230, 0.1241, 0.1255, 0.1261, 0.1268, 0.1262],
        [0.1239, 0.1218, 0.1261, 0.1246, 0.1275, 0.1247, 0.1256, 0.1259],
        [0.1243, 0.1213, 0.1237, 0.1256, 0.1264, 0.1248, 0.1274, 0.1265],
        [0.1235, 0.1203, 0.1224, 0.1268, 0.1286, 0.1251, 0.1260, 0.1273],
        [0.1241, 0.1209, 0.1225, 0.1266, 0.1268, 0.1261, 0.1256, 0.1274]],
       device='cuda:0', grad_fn=<SoftmaxBackward0>)
tensor([[0.1256, 0.1226, 0.1237, 0.1254, 0.1268, 0.1236, 0.1276, 0.1246],
        [0.1254, 0.1224, 0.1245, 0.1239, 0.1280, 0.1234, 0.1262, 0.1261]],
       device='cuda:0', grad_fn=<SoftmaxBackward0>)
tensor([[0.1252, 0.1228, 0.1242, 0.1261, 0.1276, 0.1242, 0.1256, 0.1242],
        [0.1243, 0.1214, 0.1250, 0.1264, 0.1269, 0.1250, 0.1253, 0.1258],
        [0.1257, 0.1202, 0.1213, 0.1259, 0.1290, 0.1278, 0.1270, 0.1232]],
       device='cuda:0', grad_fn=<SoftmaxBackward0>)
tensor([[0.1266, 0.1239, 0.1237, 0.1245, 0.1247, 0.1245, 0.1266, 0.1255],
        [0.1236, 0.1213, 0.1243, 0.1252, 0.1281, 0.1254, 0.1254, 0.1267],
        [0.1257, 0.1209, 0.1234, 0.1250, 0.1263, 0.1266, 0.1253, 0.1267],
        [0.1273, 0.1218, 0.1234, 0.1250, 0.1277, 0.1217, 0.1278, 0.1254]],
       device='cuda:0', grad_fn=<SoftmaxBackward0>)
tensor([[0.1254, 0.1229, 0.1252, 0.1257, 0.1261, 0.1245, 0.1265, 0.1236],
        [0.1242, 0.1217, 0.1249, 0.1255, 0.1265, 0.1266, 0.1245, 0.1261],
        [0.1263, 0.1209, 0.1224, 0.1266, 0.1248, 0.1258, 0.1273, 0.1260],
        [0.1282, 0.1221, 0.1240, 0.1241, 0.1256, 0.1250, 0.1273, 0.1237],
        [0.1262, 0.1216, 0.1234, 0.1256, 0.1267, 0.1260, 0.1252, 0.1252]],
       device='cuda:0', grad_fn=<SoftmaxBackward0>)
#####################
07/12 09:30:39PM searchCell_trainer.py:166 [INFO] Train: Epoch: [1][50/390]	Step 441	lr 0.02498	Loss 3.3170 (3.4261)	Prec@(1,5) (16.4%, 44.5%)	
07/12 09:31:14PM searchCell_trainer.py:166 [INFO] Train: Epoch: [1][100/390]	Step 491	lr 0.02498	Loss 3.6997 (3.4063)	Prec@(1,5) (17.2%, 44.6%)	
07/12 09:31:50PM searchCell_trainer.py:166 [INFO] Train: Epoch: [1][150/390]	Step 541	lr 0.02498	Loss 3.2004 (3.3798)	Prec@(1,5) (17.5%, 45.2%)	
07/12 09:32:26PM searchCell_trainer.py:166 [INFO] Train: Epoch: [1][200/390]	Step 591	lr 0.02498	Loss 3.8470 (3.3426)	Prec@(1,5) (18.2%, 46.4%)	
07/12 09:33:01PM searchCell_trainer.py:166 [INFO] Train: Epoch: [1][250/390]	Step 641	lr 0.02498	Loss 3.4163 (3.3227)	Prec@(1,5) (18.5%, 47.1%)	
07/12 09:33:36PM searchCell_trainer.py:166 [INFO] Train: Epoch: [1][300/390]	Step 691	lr 0.02498	Loss 3.2240 (3.3026)	Prec@(1,5) (18.8%, 47.8%)	
07/12 09:34:12PM searchCell_trainer.py:166 [INFO] Train: Epoch: [1][350/390]	Step 741	lr 0.02498	Loss 3.0013 (3.2867)	Prec@(1,5) (19.0%, 48.1%)	
07/12 09:34:41PM searchCell_trainer.py:166 [INFO] Train: Epoch: [1][390/390]	Step 781	lr 0.02498	Loss 2.9034 (3.2692)	Prec@(1,5) (19.2%, 48.6%)	
07/12 09:34:41PM searchCell_trainer.py:176 [INFO] Train: [  1/49] Final Prec@1 19.2240%
07/12 09:34:48PM searchCell_trainer.py:202 [INFO] Valid: Epoch: [1][50/391]	Step 782	Loss 3.0533	Prec@(1,5) (23.8%, 54.5%)
07/12 09:34:54PM searchCell_trainer.py:202 [INFO] Valid: Epoch: [1][100/391]	Step 782	Loss 3.0644	Prec@(1,5) (23.0%, 54.2%)
07/12 09:35:00PM searchCell_trainer.py:202 [INFO] Valid: Epoch: [1][150/391]	Step 782	Loss 3.0819	Prec@(1,5) (22.7%, 53.9%)
07/12 09:35:06PM searchCell_trainer.py:202 [INFO] Valid: Epoch: [1][200/391]	Step 782	Loss 3.0689	Prec@(1,5) (23.0%, 54.2%)
07/12 09:35:12PM searchCell_trainer.py:202 [INFO] Valid: Epoch: [1][250/391]	Step 782	Loss 3.0795	Prec@(1,5) (22.8%, 54.0%)
07/12 09:35:19PM searchCell_trainer.py:202 [INFO] Valid: Epoch: [1][300/391]	Step 782	Loss 3.0891	Prec@(1,5) (22.7%, 53.7%)
07/12 09:35:25PM searchCell_trainer.py:202 [INFO] Valid: Epoch: [1][350/391]	Step 782	Loss 3.0841	Prec@(1,5) (22.8%, 53.7%)
07/12 09:35:30PM searchCell_trainer.py:202 [INFO] Valid: Epoch: [1][390/391]	Step 782	Loss 3.0840	Prec@(1,5) (22.8%, 53.7%)
07/12 09:35:30PM searchCell_trainer.py:213 [INFO] Valid: [  1/49] Final Prec@1 22.7880%
07/12 09:35:30PM searchCell_main.py:49 [INFO] genotype = Genotype3(normal1=[[('sep_conv_5x5', 1), ('sep_conv_5x5', 0)], [('sep_conv_5x5', 2), ('max_pool_3x3', 0)], [('max_pool_3x3', 1), ('max_pool_3x3', 0)], [('max_pool_3x3', 1), ('sep_conv_5x5', 4)]], normal1_concat=range(2, 6), reduce1=[[('max_pool_3x3', 0), ('sep_conv_3x3', 1)], [('max_pool_3x3', 0), ('skip_connect', 1)], [('max_pool_3x3', 0), ('dil_conv_5x5', 2)], [('sep_conv_5x5', 3), ('dil_conv_5x5', 4)]], reduce1_concat=range(2, 6), normal2=[[('max_pool_3x3', 0), ('sep_conv_5x5', 1)], [('max_pool_3x3', 0), ('dil_conv_3x3', 2)], [('max_pool_3x3', 0), ('dil_conv_5x5', 2)], [('sep_conv_3x3', 2), ('sep_conv_5x5', 1)]], normal2_concat=range(2, 6), reduce2=[[('sep_conv_5x5', 1), ('dil_conv_5x5', 0)], [('sep_conv_5x5', 2), ('sep_conv_5x5', 0)], [('sep_conv_5x5', 3), ('sep_conv_5x5', 1)], [('max_pool_3x3', 3), ('sep_conv_5x5', 0)]], reduce2_concat=range(2, 6), normal3=[[('sep_conv_5x5', 1), ('max_pool_3x3', 0)], [('dil_conv_3x3', 1), ('max_pool_3x3', 0)], [('dil_conv_3x3', 1), ('dil_conv_5x5', 3)], [('sep_conv_5x5', 2), ('dil_conv_5x5', 4)]], normal3_concat=range(2, 6))
07/12 09:35:31PM searchCell_main.py:69 [INFO] Until now, best Prec@1 = 22.7880%
####### ALPHA #######
# Alpha - normal
tensor([[0.1273, 0.1192, 0.1252, 0.1247, 0.1290, 0.1233, 0.1255, 0.1259],
        [0.1259, 0.1170, 0.1229, 0.1255, 0.1309, 0.1290, 0.1250, 0.1237]],
       device='cuda:0', grad_fn=<SoftmaxBackward0>)
tensor([[0.1295, 0.1206, 0.1259, 0.1272, 0.1245, 0.1226, 0.1260, 0.1238],
        [0.1287, 0.1200, 0.1267, 0.1248, 0.1260, 0.1245, 0.1234, 0.1259],
        [0.1261, 0.1203, 0.1260, 0.1256, 0.1298, 0.1244, 0.1226, 0.1252]],
       device='cuda:0', grad_fn=<SoftmaxBackward0>)
tensor([[0.1303, 0.1191, 0.1245, 0.1261, 0.1260, 0.1254, 0.1247, 0.1238],
        [0.1318, 0.1195, 0.1252, 0.1256, 0.1236, 0.1250, 0.1266, 0.1225],
        [0.1271, 0.1203, 0.1244, 0.1267, 0.1249, 0.1274, 0.1264, 0.1229],
        [0.1264, 0.1207, 0.1252, 0.1246, 0.1217, 0.1276, 0.1266, 0.1270]],
       device='cuda:0', grad_fn=<SoftmaxBackward0>)
tensor([[0.1289, 0.1187, 0.1233, 0.1275, 0.1266, 0.1252, 0.1245, 0.1254],
        [0.1294, 0.1180, 0.1230, 0.1280, 0.1252, 0.1253, 0.1250, 0.1260],
        [0.1275, 0.1207, 0.1263, 0.1215, 0.1253, 0.1245, 0.1243, 0.1298],
        [0.1237, 0.1183, 0.1231, 0.1273, 0.1269, 0.1274, 0.1257, 0.1277],
        [0.1230, 0.1181, 0.1227, 0.1271, 0.1295, 0.1256, 0.1285, 0.1256]],
       device='cuda:0', grad_fn=<SoftmaxBackward0>)
tensor([[0.1297, 0.1231, 0.1273, 0.1211, 0.1281, 0.1240, 0.1251, 0.1216],
        [0.1247, 0.1199, 0.1231, 0.1262, 0.1272, 0.1249, 0.1247, 0.1292]],
       device='cuda:0', grad_fn=<SoftmaxBackward0>)
tensor([[0.1314, 0.1239, 0.1278, 0.1234, 0.1242, 0.1243, 0.1241, 0.1209],
        [0.1241, 0.1181, 0.1213, 0.1272, 0.1272, 0.1266, 0.1266, 0.1290],
        [0.1237, 0.1192, 0.1232, 0.1239, 0.1253, 0.1301, 0.1292, 0.1254]],
       device='cuda:0', grad_fn=<SoftmaxBackward0>)
tensor([[0.1309, 0.1232, 0.1270, 0.1259, 0.1238, 0.1233, 0.1247, 0.1212],
        [0.1232, 0.1186, 0.1213, 0.1277, 0.1292, 0.1259, 0.1267, 0.1274],
        [0.1232, 0.1187, 0.1225, 0.1251, 0.1290, 0.1266, 0.1301, 0.1247],
        [0.1246, 0.1210, 0.1245, 0.1239, 0.1292, 0.1222, 0.1273, 0.1273]],
       device='cuda:0', grad_fn=<SoftmaxBackward0>)
tensor([[0.1285, 0.1213, 0.1248, 0.1235, 0.1288, 0.1250, 0.1254, 0.1227],
        [0.1236, 0.1176, 0.1205, 0.1254, 0.1300, 0.1253, 0.1291, 0.1285],
        [0.1239, 0.1189, 0.1226, 0.1298, 0.1258, 0.1237, 0.1273, 0.1280],
        [0.1231, 0.1191, 0.1218, 0.1267, 0.1294, 0.1244, 0.1299, 0.1255],
        [0.1248, 0.1203, 0.1230, 0.1258, 0.1249, 0.1270, 0.1284, 0.1259]],
       device='cuda:0', grad_fn=<SoftmaxBackward0>)
tensor([[0.1299, 0.1230, 0.1246, 0.1208, 0.1264, 0.1273, 0.1255, 0.1224],
        [0.1216, 0.1174, 0.1182, 0.1242, 0.1311, 0.1262, 0.1285, 0.1328]],
       device='cuda:0', grad_fn=<SoftmaxBackward0>)
tensor([[0.1287, 0.1220, 0.1234, 0.1231, 0.1279, 0.1252, 0.1258, 0.1238],
        [0.1221, 0.1187, 0.1196, 0.1250, 0.1287, 0.1289, 0.1260, 0.1310],
        [0.1250, 0.1203, 0.1203, 0.1253, 0.1281, 0.1261, 0.1270, 0.1279]],
       device='cuda:0', grad_fn=<SoftmaxBackward0>)
tensor([[0.1284, 0.1220, 0.1233, 0.1245, 0.1223, 0.1239, 0.1283, 0.1274],
        [0.1208, 0.1177, 0.1180, 0.1284, 0.1275, 0.1296, 0.1269, 0.1311],
        [0.1236, 0.1195, 0.1188, 0.1278, 0.1281, 0.1256, 0.1285, 0.1281],
        [0.1233, 0.1196, 0.1190, 0.1278, 0.1257, 0.1272, 0.1294, 0.1279]],
       device='cuda:0', grad_fn=<SoftmaxBackward0>)
tensor([[0.1256, 0.1205, 0.1211, 0.1238, 0.1296, 0.1256, 0.1261, 0.1277],
        [0.1207, 0.1176, 0.1177, 0.1295, 0.1298, 0.1255, 0.1285, 0.1308],
        [0.1209, 0.1175, 0.1171, 0.1290, 0.1318, 0.1257, 0.1281, 0.1299],
        [0.1217, 0.1185, 0.1178, 0.1272, 0.1274, 0.1273, 0.1296, 0.1306],
        [0.1208, 0.1174, 0.1174, 0.1307, 0.1271, 0.1264, 0.1308, 0.1294]],
       device='cuda:0', grad_fn=<SoftmaxBackward0>)

# Alpha - reduce
tensor([[0.1312, 0.1235, 0.1252, 0.1265, 0.1248, 0.1248, 0.1218, 0.1223],
        [0.1246, 0.1197, 0.1238, 0.1279, 0.1278, 0.1242, 0.1253, 0.1268]],
       device='cuda:0', grad_fn=<SoftmaxBackward0>)
tensor([[0.1306, 0.1230, 0.1252, 0.1228, 0.1227, 0.1265, 0.1252, 0.1238],
        [0.1263, 0.1213, 0.1290, 0.1253, 0.1248, 0.1248, 0.1232, 0.1252],
        [0.1250, 0.1181, 0.1242, 0.1266, 0.1231, 0.1278, 0.1280, 0.1274]],
       device='cuda:0', grad_fn=<SoftmaxBackward0>)
tensor([[0.1327, 0.1227, 0.1243, 0.1252, 0.1237, 0.1231, 0.1274, 0.1208],
        [0.1259, 0.1203, 0.1256, 0.1266, 0.1267, 0.1243, 0.1262, 0.1243],
        [0.1262, 0.1194, 0.1236, 0.1279, 0.1262, 0.1236, 0.1290, 0.1241],
        [0.1265, 0.1198, 0.1237, 0.1265, 0.1239, 0.1266, 0.1283, 0.1247]],
       device='cuda:0', grad_fn=<SoftmaxBackward0>)
tensor([[0.1273, 0.1213, 0.1203, 0.1251, 0.1279, 0.1262, 0.1260, 0.1258],
        [0.1234, 0.1192, 0.1257, 0.1259, 0.1277, 0.1233, 0.1279, 0.1269],
        [0.1221, 0.1171, 0.1237, 0.1278, 0.1270, 0.1253, 0.1283, 0.1288],
        [0.1212, 0.1165, 0.1212, 0.1289, 0.1306, 0.1259, 0.1271, 0.1286],
        [0.1220, 0.1171, 0.1206, 0.1279, 0.1284, 0.1271, 0.1290, 0.1279]],
       device='cuda:0', grad_fn=<SoftmaxBackward0>)
tensor([[0.1271, 0.1219, 0.1229, 0.1246, 0.1273, 0.1227, 0.1300, 0.1235],
        [0.1252, 0.1199, 0.1230, 0.1245, 0.1302, 0.1224, 0.1264, 0.1283]],
       device='cuda:0', grad_fn=<SoftmaxBackward0>)
tensor([[0.1270, 0.1226, 0.1230, 0.1264, 0.1317, 0.1215, 0.1228, 0.1250],
        [0.1240, 0.1187, 0.1220, 0.1254, 0.1299, 0.1266, 0.1249, 0.1284],
        [0.1268, 0.1154, 0.1169, 0.1259, 0.1357, 0.1299, 0.1284, 0.1208]],
       device='cuda:0', grad_fn=<SoftmaxBackward0>)
tensor([[0.1264, 0.1218, 0.1256, 0.1263, 0.1245, 0.1254, 0.1247, 0.1253],
        [0.1227, 0.1183, 0.1237, 0.1254, 0.1291, 0.1259, 0.1259, 0.1291],
        [0.1283, 0.1171, 0.1203, 0.1237, 0.1295, 0.1288, 0.1255, 0.1267],
        [0.1294, 0.1173, 0.1196, 0.1278, 0.1299, 0.1217, 0.1298, 0.1246]],
       device='cuda:0', grad_fn=<SoftmaxBackward0>)
tensor([[0.1250, 0.1208, 0.1256, 0.1259, 0.1287, 0.1246, 0.1272, 0.1221],
        [0.1229, 0.1179, 0.1237, 0.1271, 0.1279, 0.1281, 0.1263, 0.1262],
        [0.1284, 0.1170, 0.1200, 0.1284, 0.1238, 0.1267, 0.1281, 0.1276],
        [0.1304, 0.1176, 0.1201, 0.1257, 0.1279, 0.1253, 0.1295, 0.1235],
        [0.1289, 0.1186, 0.1211, 0.1267, 0.1279, 0.1265, 0.1260, 0.1242]],
       device='cuda:0', grad_fn=<SoftmaxBackward0>)
#####################
07/12 09:36:08PM searchCell_trainer.py:166 [INFO] Train: Epoch: [2][50/390]	Step 832	lr 0.02491	Loss 3.0561 (2.9801)	Prec@(1,5) (25.2%, 56.7%)	
07/12 09:36:43PM searchCell_trainer.py:166 [INFO] Train: Epoch: [2][100/390]	Step 882	lr 0.02491	Loss 3.1375 (2.9862)	Prec@(1,5) (25.0%, 56.4%)	
07/12 09:37:18PM searchCell_trainer.py:166 [INFO] Train: Epoch: [2][150/390]	Step 932	lr 0.02491	Loss 2.6227 (2.9654)	Prec@(1,5) (25.5%, 57.0%)	
07/12 09:37:53PM searchCell_trainer.py:166 [INFO] Train: Epoch: [2][200/390]	Step 982	lr 0.02491	Loss 3.0174 (2.9472)	Prec@(1,5) (25.9%, 57.2%)	
07/12 09:38:28PM searchCell_trainer.py:166 [INFO] Train: Epoch: [2][250/390]	Step 1032	lr 0.02491	Loss 3.0462 (2.9257)	Prec@(1,5) (26.2%, 57.8%)	
07/12 09:39:04PM searchCell_trainer.py:166 [INFO] Train: Epoch: [2][300/390]	Step 1082	lr 0.02491	Loss 2.4657 (2.9070)	Prec@(1,5) (26.6%, 58.1%)	
07/12 09:39:40PM searchCell_trainer.py:166 [INFO] Train: Epoch: [2][350/390]	Step 1132	lr 0.02491	Loss 2.8581 (2.8978)	Prec@(1,5) (26.8%, 58.3%)	
07/12 09:40:08PM searchCell_trainer.py:166 [INFO] Train: Epoch: [2][390/390]	Step 1172	lr 0.02491	Loss 2.7705 (2.8866)	Prec@(1,5) (27.0%, 58.6%)	
07/12 09:40:09PM searchCell_trainer.py:176 [INFO] Train: [  2/49] Final Prec@1 27.0600%
07/12 09:40:15PM searchCell_trainer.py:202 [INFO] Valid: Epoch: [2][50/391]	Step 1173	Loss 2.8484	Prec@(1,5) (26.7%, 60.7%)
07/12 09:40:22PM searchCell_trainer.py:202 [INFO] Valid: Epoch: [2][100/391]	Step 1173	Loss 2.8861	Prec@(1,5) (26.8%, 59.9%)
07/12 09:40:28PM searchCell_trainer.py:202 [INFO] Valid: Epoch: [2][150/391]	Step 1173	Loss 2.8791	Prec@(1,5) (27.0%, 59.8%)
07/12 09:40:34PM searchCell_trainer.py:202 [INFO] Valid: Epoch: [2][200/391]	Step 1173	Loss 2.8624	Prec@(1,5) (27.3%, 60.4%)
07/12 09:40:41PM searchCell_trainer.py:202 [INFO] Valid: Epoch: [2][250/391]	Step 1173	Loss 2.8691	Prec@(1,5) (27.3%, 60.1%)
07/12 09:40:47PM searchCell_trainer.py:202 [INFO] Valid: Epoch: [2][300/391]	Step 1173	Loss 2.8716	Prec@(1,5) (27.4%, 60.0%)
07/12 09:40:53PM searchCell_trainer.py:202 [INFO] Valid: Epoch: [2][350/391]	Step 1173	Loss 2.8747	Prec@(1,5) (27.3%, 59.7%)
07/12 09:40:58PM searchCell_trainer.py:202 [INFO] Valid: Epoch: [2][390/391]	Step 1173	Loss 2.8820	Prec@(1,5) (27.2%, 59.6%)
07/12 09:40:58PM searchCell_trainer.py:213 [INFO] Valid: [  2/49] Final Prec@1 27.2280%
07/12 09:40:58PM searchCell_main.py:49 [INFO] genotype = Genotype3(normal1=[[('sep_conv_5x5', 1), ('sep_conv_5x5', 0)], [('sep_conv_3x3', 0), ('sep_conv_5x5', 2)], [('max_pool_3x3', 1), ('max_pool_3x3', 0)], [('sep_conv_5x5', 4), ('sep_conv_3x3', 1)]], normal1_concat=range(2, 6), reduce1=[[('max_pool_3x3', 0), ('sep_conv_5x5', 1)], [('max_pool_3x3', 0), ('skip_connect', 1)], [('max_pool_3x3', 0), ('sep_conv_3x3', 2)], [('sep_conv_3x3', 3), ('dil_conv_5x5', 4)]], reduce1_concat=range(2, 6), normal2=[[('max_pool_3x3', 0), ('sep_conv_3x3', 1)], [('max_pool_3x3', 0), ('dil_conv_5x5', 2)], [('max_pool_3x3', 0), ('dil_conv_5x5', 2)], [('max_pool_3x3', 0), ('sep_conv_5x5', 1)]], normal2_concat=range(2, 6), reduce2=[[('dil_conv_5x5', 0), ('sep_conv_5x5', 1)], [('sep_conv_5x5', 2), ('sep_conv_5x5', 1)], [('sep_conv_5x5', 3), ('sep_conv_5x5', 2)], [('dil_conv_5x5', 3), ('sep_conv_3x3', 2)]], reduce2_concat=range(2, 6), normal3=[[('sep_conv_5x5', 1), ('max_pool_3x3', 0)], [('dil_conv_3x3', 1), ('max_pool_3x3', 0)], [('dil_conv_5x5', 3), ('max_pool_3x3', 0)], [('dil_conv_5x5', 4), ('sep_conv_5x5', 2)]], normal3_concat=range(2, 6))
07/12 09:40:59PM searchCell_main.py:69 [INFO] Until now, best Prec@1 = 27.2280%
####### ALPHA #######
# Alpha - normal
tensor([[0.1257, 0.1141, 0.1225, 0.1268, 0.1317, 0.1263, 0.1257, 0.1272],
        [0.1239, 0.1108, 0.1198, 0.1269, 0.1360, 0.1339, 0.1261, 0.1226]],
       device='cuda:0', grad_fn=<SoftmaxBackward0>)
tensor([[0.1286, 0.1160, 0.1235, 0.1327, 0.1268, 0.1228, 0.1260, 0.1236],
        [0.1289, 0.1150, 0.1251, 0.1277, 0.1291, 0.1240, 0.1235, 0.1266],
        [0.1265, 0.1169, 0.1260, 0.1268, 0.1321, 0.1248, 0.1214, 0.1254]],
       device='cuda:0', grad_fn=<SoftmaxBackward0>)
tensor([[0.1312, 0.1150, 0.1237, 0.1274, 0.1278, 0.1256, 0.1257, 0.1236],
        [0.1335, 0.1146, 0.1238, 0.1281, 0.1251, 0.1245, 0.1268, 0.1237],
        [0.1266, 0.1162, 0.1224, 0.1291, 0.1266, 0.1305, 0.1275, 0.1211],
        [0.1271, 0.1171, 0.1251, 0.1255, 0.1231, 0.1289, 0.1259, 0.1274]],
       device='cuda:0', grad_fn=<SoftmaxBackward0>)
tensor([[0.1287, 0.1140, 0.1210, 0.1281, 0.1288, 0.1284, 0.1256, 0.1254],
        [0.1298, 0.1131, 0.1212, 0.1300, 0.1286, 0.1251, 0.1249, 0.1273],
        [0.1280, 0.1177, 0.1262, 0.1224, 0.1279, 0.1237, 0.1234, 0.1307],
        [0.1231, 0.1144, 0.1225, 0.1286, 0.1287, 0.1285, 0.1263, 0.1279],
        [0.1214, 0.1144, 0.1221, 0.1282, 0.1313, 0.1259, 0.1304, 0.1263]],
       device='cuda:0', grad_fn=<SoftmaxBackward0>)
tensor([[0.1335, 0.1238, 0.1306, 0.1199, 0.1259, 0.1229, 0.1235, 0.1200],
        [0.1256, 0.1191, 0.1240, 0.1259, 0.1255, 0.1250, 0.1246, 0.1302]],
       device='cuda:0', grad_fn=<SoftmaxBackward0>)
tensor([[0.1351, 0.1243, 0.1307, 0.1216, 0.1227, 0.1223, 0.1241, 0.1191],
        [0.1236, 0.1161, 0.1210, 0.1284, 0.1274, 0.1247, 0.1291, 0.1297],
        [0.1225, 0.1167, 0.1231, 0.1239, 0.1258, 0.1299, 0.1308, 0.1273]],
       device='cuda:0', grad_fn=<SoftmaxBackward0>)
tensor([[0.1344, 0.1229, 0.1292, 0.1251, 0.1240, 0.1212, 0.1238, 0.1193],
        [0.1231, 0.1169, 0.1210, 0.1274, 0.1306, 0.1266, 0.1262, 0.1282],
        [0.1228, 0.1168, 0.1225, 0.1244, 0.1281, 0.1275, 0.1326, 0.1252],
        [0.1222, 0.1182, 0.1235, 0.1262, 0.1309, 0.1221, 0.1297, 0.1271]],
       device='cuda:0', grad_fn=<SoftmaxBackward0>)
tensor([[0.1323, 0.1213, 0.1267, 0.1230, 0.1291, 0.1227, 0.1236, 0.1214],
        [0.1242, 0.1159, 0.1198, 0.1244, 0.1321, 0.1236, 0.1309, 0.1292],
        [0.1234, 0.1165, 0.1224, 0.1316, 0.1257, 0.1232, 0.1275, 0.1298],
        [0.1224, 0.1175, 0.1219, 0.1265, 0.1316, 0.1212, 0.1319, 0.1271],
        [0.1253, 0.1192, 0.1233, 0.1243, 0.1233, 0.1270, 0.1303, 0.1272]],
       device='cuda:0', grad_fn=<SoftmaxBackward0>)
tensor([[0.1322, 0.1217, 0.1242, 0.1182, 0.1276, 0.1276, 0.1263, 0.1222],
        [0.1207, 0.1148, 0.1161, 0.1243, 0.1328, 0.1265, 0.1298, 0.1349]],
       device='cuda:0', grad_fn=<SoftmaxBackward0>)
tensor([[0.1310, 0.1202, 0.1225, 0.1236, 0.1292, 0.1248, 0.1251, 0.1236],
        [0.1214, 0.1161, 0.1174, 0.1246, 0.1289, 0.1307, 0.1272, 0.1337],
        [0.1258, 0.1177, 0.1182, 0.1258, 0.1295, 0.1255, 0.1282, 0.1293]],
       device='cuda:0', grad_fn=<SoftmaxBackward0>)
tensor([[0.1307, 0.1206, 0.1225, 0.1245, 0.1211, 0.1235, 0.1292, 0.1280],
        [0.1196, 0.1149, 0.1156, 0.1291, 0.1294, 0.1294, 0.1272, 0.1348],
        [0.1236, 0.1167, 0.1162, 0.1299, 0.1274, 0.1258, 0.1307, 0.1296],
        [0.1235, 0.1173, 0.1169, 0.1275, 0.1259, 0.1273, 0.1315, 0.1301]],
       device='cuda:0', grad_fn=<SoftmaxBackward0>)
tensor([[0.1264, 0.1183, 0.1192, 0.1238, 0.1315, 0.1268, 0.1258, 0.1282],
        [0.1189, 0.1145, 0.1147, 0.1326, 0.1318, 0.1256, 0.1284, 0.1335],
        [0.1198, 0.1142, 0.1135, 0.1311, 0.1343, 0.1255, 0.1304, 0.1314],
        [0.1207, 0.1153, 0.1146, 0.1272, 0.1295, 0.1274, 0.1324, 0.1329],
        [0.1189, 0.1134, 0.1133, 0.1333, 0.1291, 0.1266, 0.1339, 0.1315]],
       device='cuda:0', grad_fn=<SoftmaxBackward0>)

# Alpha - reduce
tensor([[0.1334, 0.1230, 0.1264, 0.1261, 0.1272, 0.1242, 0.1208, 0.1189],
        [0.1237, 0.1174, 0.1251, 0.1272, 0.1274, 0.1234, 0.1261, 0.1297]],
       device='cuda:0', grad_fn=<SoftmaxBackward0>)
tensor([[0.1346, 0.1244, 0.1246, 0.1225, 0.1217, 0.1258, 0.1239, 0.1225],
        [0.1281, 0.1212, 0.1309, 0.1250, 0.1240, 0.1232, 0.1228, 0.1247],
        [0.1248, 0.1171, 0.1252, 0.1273, 0.1229, 0.1278, 0.1268, 0.1281]],
       device='cuda:0', grad_fn=<SoftmaxBackward0>)
tensor([[0.1365, 0.1233, 0.1233, 0.1253, 0.1218, 0.1220, 0.1281, 0.1197],
        [0.1267, 0.1192, 0.1261, 0.1249, 0.1274, 0.1254, 0.1242, 0.1259],
        [0.1258, 0.1175, 0.1235, 0.1300, 0.1263, 0.1231, 0.1297, 0.1241],
        [0.1251, 0.1172, 0.1228, 0.1264, 0.1248, 0.1299, 0.1296, 0.1241]],
       device='cuda:0', grad_fn=<SoftmaxBackward0>)
tensor([[0.1299, 0.1219, 0.1198, 0.1249, 0.1288, 0.1258, 0.1236, 0.1253],
        [0.1245, 0.1190, 0.1249, 0.1262, 0.1256, 0.1216, 0.1299, 0.1282],
        [0.1209, 0.1154, 0.1241, 0.1303, 0.1264, 0.1258, 0.1288, 0.1283],
        [0.1191, 0.1143, 0.1219, 0.1316, 0.1305, 0.1260, 0.1264, 0.1303],
        [0.1202, 0.1151, 0.1203, 0.1299, 0.1276, 0.1260, 0.1314, 0.1294]],
       device='cuda:0', grad_fn=<SoftmaxBackward0>)
tensor([[0.1279, 0.1199, 0.1210, 0.1254, 0.1274, 0.1229, 0.1315, 0.1240],
        [0.1277, 0.1199, 0.1208, 0.1240, 0.1308, 0.1228, 0.1258, 0.1281]],
       device='cuda:0', grad_fn=<SoftmaxBackward0>)
tensor([[0.1284, 0.1212, 0.1231, 0.1293, 0.1304, 0.1200, 0.1218, 0.1258],
        [0.1259, 0.1186, 0.1184, 0.1245, 0.1316, 0.1264, 0.1251, 0.1294],
        [0.1272, 0.1118, 0.1143, 0.1271, 0.1391, 0.1304, 0.1307, 0.1194]],
       device='cuda:0', grad_fn=<SoftmaxBackward0>)
tensor([[0.1279, 0.1204, 0.1256, 0.1262, 0.1237, 0.1278, 0.1234, 0.1249],
        [0.1248, 0.1183, 0.1247, 0.1261, 0.1260, 0.1261, 0.1248, 0.1292],
        [0.1293, 0.1141, 0.1189, 0.1229, 0.1301, 0.1299, 0.1273, 0.1275],
        [0.1310, 0.1138, 0.1179, 0.1277, 0.1325, 0.1211, 0.1315, 0.1245]],
       device='cuda:0', grad_fn=<SoftmaxBackward0>)
tensor([[0.1252, 0.1181, 0.1258, 0.1260, 0.1303, 0.1248, 0.1284, 0.1215],
        [0.1243, 0.1170, 0.1230, 0.1267, 0.1289, 0.1278, 0.1268, 0.1256],
        [0.1292, 0.1129, 0.1181, 0.1307, 0.1263, 0.1250, 0.1286, 0.1293],
        [0.1318, 0.1136, 0.1178, 0.1276, 0.1296, 0.1240, 0.1323, 0.1233],
        [0.1300, 0.1141, 0.1187, 0.1274, 0.1290, 0.1274, 0.1271, 0.1263]],
       device='cuda:0', grad_fn=<SoftmaxBackward0>)
#####################
07/12 09:41:35PM searchCell_trainer.py:166 [INFO] Train: Epoch: [3][50/390]	Step 1223	lr 0.02479	Loss 2.5963 (2.6364)	Prec@(1,5) (31.4%, 64.3%)	
07/12 09:42:10PM searchCell_trainer.py:166 [INFO] Train: Epoch: [3][100/390]	Step 1273	lr 0.02479	Loss 2.3730 (2.6199)	Prec@(1,5) (32.2%, 64.7%)	
07/12 09:42:47PM searchCell_trainer.py:166 [INFO] Train: Epoch: [3][150/390]	Step 1323	lr 0.02479	Loss 2.3496 (2.6189)	Prec@(1,5) (32.4%, 65.3%)	
07/12 09:43:22PM searchCell_trainer.py:166 [INFO] Train: Epoch: [3][200/390]	Step 1373	lr 0.02479	Loss 2.7449 (2.6309)	Prec@(1,5) (32.2%, 64.6%)	
07/12 09:43:58PM searchCell_trainer.py:166 [INFO] Train: Epoch: [3][250/390]	Step 1423	lr 0.02479	Loss 2.4438 (2.6272)	Prec@(1,5) (32.3%, 64.7%)	
07/12 09:44:34PM searchCell_trainer.py:166 [INFO] Train: Epoch: [3][300/390]	Step 1473	lr 0.02479	Loss 2.8152 (2.6242)	Prec@(1,5) (32.2%, 64.7%)	
07/12 09:45:10PM searchCell_trainer.py:166 [INFO] Train: Epoch: [3][350/390]	Step 1523	lr 0.02479	Loss 2.8118 (2.6161)	Prec@(1,5) (32.3%, 65.1%)	
07/12 09:45:39PM searchCell_trainer.py:166 [INFO] Train: Epoch: [3][390/390]	Step 1563	lr 0.02479	Loss 2.6952 (2.6022)	Prec@(1,5) (32.4%, 65.5%)	
07/12 09:45:40PM searchCell_trainer.py:176 [INFO] Train: [  3/49] Final Prec@1 32.4040%
07/12 09:45:46PM searchCell_trainer.py:202 [INFO] Valid: Epoch: [3][50/391]	Step 1564	Loss 2.7058	Prec@(1,5) (31.6%, 64.1%)
07/12 09:45:53PM searchCell_trainer.py:202 [INFO] Valid: Epoch: [3][100/391]	Step 1564	Loss 2.6672	Prec@(1,5) (32.0%, 65.0%)
07/12 09:45:59PM searchCell_trainer.py:202 [INFO] Valid: Epoch: [3][150/391]	Step 1564	Loss 2.6581	Prec@(1,5) (32.2%, 65.0%)
07/12 09:46:05PM searchCell_trainer.py:202 [INFO] Valid: Epoch: [3][200/391]	Step 1564	Loss 2.6536	Prec@(1,5) (32.4%, 64.8%)
07/12 09:46:12PM searchCell_trainer.py:202 [INFO] Valid: Epoch: [3][250/391]	Step 1564	Loss 2.6571	Prec@(1,5) (32.3%, 64.9%)
07/12 09:46:18PM searchCell_trainer.py:202 [INFO] Valid: Epoch: [3][300/391]	Step 1564	Loss 2.6675	Prec@(1,5) (32.2%, 64.5%)
07/12 09:46:25PM searchCell_trainer.py:202 [INFO] Valid: Epoch: [3][350/391]	Step 1564	Loss 2.6633	Prec@(1,5) (32.1%, 64.7%)
07/12 09:46:30PM searchCell_trainer.py:202 [INFO] Valid: Epoch: [3][390/391]	Step 1564	Loss 2.6631	Prec@(1,5) (32.2%, 64.7%)
