05/30 11:45:19PM parser.py:28 [INFO] 
05/30 11:45:19PM parser.py:29 [INFO] Parameters:
05/30 11:45:19PM parser.py:31 [INFO] DAG_PATH=results/search_Stage/CIFAR10/SCRATCH_SPEC_SPEC/EXP-20240530-234519/DAG
05/30 11:45:19PM parser.py:31 [INFO] ALPHA_LR=0.0003
05/30 11:45:19PM parser.py:31 [INFO] ALPHA_WEIGHT_DECAY=0.001
05/30 11:45:19PM parser.py:31 [INFO] BATCH_SIZE=64
05/30 11:45:19PM parser.py:31 [INFO] CHECKPOINT_RESET=False
05/30 11:45:19PM parser.py:31 [INFO] DATA_PATH=../data/
05/30 11:45:19PM parser.py:31 [INFO] DATASET=CIFAR10
05/30 11:45:19PM parser.py:31 [INFO] EPOCHS=50
05/30 11:45:19PM parser.py:31 [INFO] EXP_NAME=EXP-20240530-234519
05/30 11:45:19PM parser.py:31 [INFO] GENOTYPE=Genotype3(normal1=[[('sep_conv_3x3', 0), ('sep_conv_3x3', 1)], [('sep_conv_3x3', 0), ('sep_conv_3x3', 1)], [('sep_conv_3x3', 0), ('sep_conv_3x3', 1)], [('sep_conv_3x3', 2), ('sep_conv_3x3', 3)]], normal1_concat=range(2, 6), reduce1=[[('max_pool_3x3', 0), ('skip_connect', 0)], [('max_pool_3x3', 0), ('max_pool_3x3', 2)], [('sep_conv_3x3', 0), ('skip_connect', 1)], [('sep_conv_3x3', 0), ('dil_conv_3x3', 4)]], reduce1_concat=range(2, 6), normal2=[[('skip_connect', 0), ('dil_conv_3x3', 1)], [('skip_connect', 0), ('sep_conv_3x3', 1)], [('skip_connect', 0), ('sep_conv_3x3', 1)], [('skip_connect', 0), ('sep_conv_3x3', 1)]], normal2_concat=range(2, 6), reduce2=[[('dil_conv_3x3', 0), ('max_pool_3x3', 1)], [('max_pool_3x3', 1), ('dil_conv_5x5', 2)], [('max_pool_3x3', 1), ('dil_conv_5x5', 3)], [('max_pool_3x3', 1), ('skip_connect', 4)]], reduce2_concat=range(2, 6), normal3=[[('dil_conv_5x5', 0), ('sep_conv_3x3', 1)], [('sep_conv_3x3', 1), ('dil_conv_3x3', 2)], [('dil_conv_3x3', 0), ('sep_conv_5x5', 2)], [('sep_conv_5x5', 3), ('sep_conv_3x3', 4)]], normal3_concat=range(2, 6))
05/30 11:45:19PM parser.py:31 [INFO] GPUS=[0]
05/30 11:45:19PM parser.py:31 [INFO] INIT_CHANNELS=16
05/30 11:45:19PM parser.py:31 [INFO] LAYERS=20
05/30 11:45:19PM parser.py:31 [INFO] LOCAL_RANK=0
05/30 11:45:19PM parser.py:31 [INFO] LOGGER=<Logger H-DAS (INFO)>
05/30 11:45:19PM parser.py:31 [INFO] NAME=SCRATCH_SPEC_SPEC
05/30 11:45:19PM parser.py:31 [INFO] PATH=results/search_Stage/CIFAR10/SCRATCH_SPEC_SPEC/EXP-20240530-234519
05/30 11:45:19PM parser.py:31 [INFO] PRINT_FREQ=50
05/30 11:45:19PM parser.py:31 [INFO] RESUME_PATH=None
05/30 11:45:19PM parser.py:31 [INFO] SAVE=EXP
05/30 11:45:19PM parser.py:31 [INFO] SEED=3
05/30 11:45:19PM parser.py:31 [INFO] SHARE_STAGE=False
05/30 11:45:19PM parser.py:31 [INFO] SPEC_CELL=True
05/30 11:45:19PM parser.py:31 [INFO] TRAIN_PORTION=0.5
05/30 11:45:19PM parser.py:31 [INFO] W_GRAD_CLIP=5.0
05/30 11:45:19PM parser.py:31 [INFO] W_LR=0.025
05/30 11:45:19PM parser.py:31 [INFO] W_LR_MIN=0.001
05/30 11:45:19PM parser.py:31 [INFO] W_MOMENTUM=0.9
05/30 11:45:19PM parser.py:31 [INFO] W_WEIGHT_DECAY=0.0003
05/30 11:45:19PM parser.py:31 [INFO] WORKERS=4
05/30 11:45:19PM parser.py:32 [INFO] 
05/30 11:45:20PM searchStage_trainer.py:103 [INFO] --> No loaded checkpoint!
####### ALPHA #######
# Alpha - DAG
tensor([[0.2502, 0.2500, 0.2500, 0.2498],
        [0.2500, 0.2497, 0.2501, 0.2503]], device='cuda:0',
       grad_fn=<SoftmaxBackward0>)
tensor([[0.2496, 0.2502, 0.2500, 0.2502],
        [0.2498, 0.2501, 0.2501, 0.2500],
        [0.2501, 0.2501, 0.2500, 0.2498]], device='cuda:0',
       grad_fn=<SoftmaxBackward0>)
tensor([[0.2499, 0.2498, 0.2502, 0.2501],
        [0.2500, 0.2501, 0.2498, 0.2502],
        [0.2498, 0.2500, 0.2502, 0.2501]], device='cuda:0',
       grad_fn=<SoftmaxBackward0>)
tensor([[0.2499, 0.2498, 0.2501, 0.2502],
        [0.2501, 0.2503, 0.2495, 0.2501],
        [0.2499, 0.2500, 0.2498, 0.2503]], device='cuda:0',
       grad_fn=<SoftmaxBackward0>)
tensor([[0.2500, 0.2503, 0.2499, 0.2498],
        [0.2500, 0.2502, 0.2500, 0.2498],
        [0.2501, 0.2497, 0.2498, 0.2504]], device='cuda:0',
       grad_fn=<SoftmaxBackward0>)
tensor([[0.2498, 0.2502, 0.2498, 0.2502],
        [0.2500, 0.2501, 0.2500, 0.2499],
        [0.2496, 0.2500, 0.2506, 0.2497]], device='cuda:0',
       grad_fn=<SoftmaxBackward0>)
tensor([[0.2501, 0.2498, 0.2501, 0.2501],
        [0.2497, 0.2497, 0.2504, 0.2502]], device='cuda:0',
       grad_fn=<SoftmaxBackward0>)
tensor([[0.2499, 0.2499, 0.2501, 0.2501],
        [0.2502, 0.2501, 0.2499, 0.2498],
        [0.2500, 0.2499, 0.2499, 0.2502]], device='cuda:0',
       grad_fn=<SoftmaxBackward0>)
tensor([[0.2504, 0.2499, 0.2497, 0.2500],
        [0.2499, 0.2499, 0.2498, 0.2504],
        [0.2500, 0.2498, 0.2500, 0.2502]], device='cuda:0',
       grad_fn=<SoftmaxBackward0>)
tensor([[0.2501, 0.2503, 0.2497, 0.2500],
        [0.2501, 0.2498, 0.2502, 0.2499],
        [0.2500, 0.2501, 0.2498, 0.2501]], device='cuda:0',
       grad_fn=<SoftmaxBackward0>)
tensor([[0.2496, 0.2504, 0.2502, 0.2498],
        [0.2501, 0.2499, 0.2500, 0.2500],
        [0.2503, 0.2499, 0.2496, 0.2502]], device='cuda:0',
       grad_fn=<SoftmaxBackward0>)
tensor([[0.2502, 0.2498, 0.2504, 0.2496],
        [0.2500, 0.2500, 0.2501, 0.2499],
        [0.2499, 0.2500, 0.2500, 0.2501]], device='cuda:0',
       grad_fn=<SoftmaxBackward0>)
tensor([[0.2501, 0.2501, 0.2500, 0.2498],
        [0.2501, 0.2498, 0.2502, 0.2499]], device='cuda:0',
       grad_fn=<SoftmaxBackward0>)
tensor([[0.2498, 0.2501, 0.2500, 0.2501],
        [0.2500, 0.2503, 0.2499, 0.2498],
        [0.2497, 0.2501, 0.2500, 0.2502]], device='cuda:0',
       grad_fn=<SoftmaxBackward0>)
tensor([[0.2502, 0.2501, 0.2500, 0.2497],
        [0.2496, 0.2501, 0.2501, 0.2502],
        [0.2501, 0.2497, 0.2500, 0.2503]], device='cuda:0',
       grad_fn=<SoftmaxBackward0>)
tensor([[0.2499, 0.2502, 0.2498, 0.2501],
        [0.2502, 0.2500, 0.2501, 0.2496],
        [0.2500, 0.2498, 0.2501, 0.2501]], device='cuda:0',
       grad_fn=<SoftmaxBackward0>)
tensor([[0.2502, 0.2500, 0.2499, 0.2498],
        [0.2497, 0.2497, 0.2502, 0.2505],
        [0.2503, 0.2503, 0.2497, 0.2497]], device='cuda:0',
       grad_fn=<SoftmaxBackward0>)
tensor([[0.2503, 0.2498, 0.2502, 0.2497],
        [0.2502, 0.2497, 0.2501, 0.2500],
        [0.2498, 0.2503, 0.2497, 0.2502]], device='cuda:0',
       grad_fn=<SoftmaxBackward0>)
#####################
05/30 11:45:38PM searchStage_trainer.py:211 [INFO] Train: Epoch: [0][50/390]	Step 50	lr 0.025	Loss 2.2059 (2.2956)	Prec@(1,5) (14.9%, 59.8%)	
05/30 11:45:55PM searchStage_trainer.py:211 [INFO] Train: Epoch: [0][100/390]	Step 100	lr 0.025	Loss 1.8143 (2.2179)	Prec@(1,5) (17.9%, 67.4%)	
05/30 11:46:12PM searchStage_trainer.py:211 [INFO] Train: Epoch: [0][150/390]	Step 150	lr 0.025	Loss 1.8954 (2.1386)	Prec@(1,5) (20.0%, 72.1%)	
05/30 11:46:29PM searchStage_trainer.py:211 [INFO] Train: Epoch: [0][200/390]	Step 200	lr 0.025	Loss 1.9343 (2.0693)	Prec@(1,5) (22.7%, 75.3%)	
05/30 11:46:45PM searchStage_trainer.py:211 [INFO] Train: Epoch: [0][250/390]	Step 250	lr 0.025	Loss 1.6784 (2.0161)	Prec@(1,5) (24.5%, 77.2%)	
05/30 11:47:02PM searchStage_trainer.py:211 [INFO] Train: Epoch: [0][300/390]	Step 300	lr 0.025	Loss 1.6574 (1.9742)	Prec@(1,5) (26.0%, 78.8%)	
05/30 11:47:19PM searchStage_trainer.py:211 [INFO] Train: Epoch: [0][350/390]	Step 350	lr 0.025	Loss 1.6681 (1.9317)	Prec@(1,5) (27.6%, 80.2%)	
05/30 11:47:32PM searchStage_trainer.py:211 [INFO] Train: Epoch: [0][390/390]	Step 390	lr 0.025	Loss 1.5138 (1.9038)	Prec@(1,5) (28.6%, 81.1%)	
05/30 11:47:33PM searchStage_trainer.py:221 [INFO] Train: [  0/49] Final Prec@1 28.6560%
05/30 11:47:36PM searchStage_trainer.py:249 [INFO] Valid: Epoch: [0][50/391]	Step 391	Loss 1.6939	Prec@(1,5) (36.6%, 88.2%)
05/30 11:47:39PM searchStage_trainer.py:249 [INFO] Valid: Epoch: [0][100/391]	Step 391	Loss 1.6920	Prec@(1,5) (36.7%, 88.0%)
05/30 11:47:41PM searchStage_trainer.py:249 [INFO] Valid: Epoch: [0][150/391]	Step 391	Loss 1.6958	Prec@(1,5) (36.7%, 87.8%)
05/30 11:47:44PM searchStage_trainer.py:249 [INFO] Valid: Epoch: [0][200/391]	Step 391	Loss 1.6970	Prec@(1,5) (36.9%, 87.6%)
05/30 11:47:47PM searchStage_trainer.py:249 [INFO] Valid: Epoch: [0][250/391]	Step 391	Loss 1.6956	Prec@(1,5) (37.0%, 87.8%)
05/30 11:47:49PM searchStage_trainer.py:249 [INFO] Valid: Epoch: [0][300/391]	Step 391	Loss 1.6978	Prec@(1,5) (36.9%, 87.7%)
05/30 11:47:52PM searchStage_trainer.py:249 [INFO] Valid: Epoch: [0][350/391]	Step 391	Loss 1.6986	Prec@(1,5) (37.1%, 87.6%)
05/30 11:47:54PM searchStage_trainer.py:249 [INFO] Valid: Epoch: [0][390/391]	Step 391	Loss 1.6987	Prec@(1,5) (37.1%, 87.6%)
05/30 11:47:54PM searchStage_trainer.py:260 [INFO] Valid: [  0/49] Final Prec@1 37.1440%
05/30 11:47:54PM searchStage_main.py:59 [INFO] DAG = Genotype2(DAG1=[[('avg_pool_3x3', 1), ('avg_pool_3x3', 0)], [('avg_pool_3x3', 2), ('avg_pool_3x3', 1)], [('avg_pool_3x3', 2), ('avg_pool_3x3', 3)], [('avg_pool_3x3', 2), ('avg_pool_3x3', 4)], [('avg_pool_3x3', 4), ('avg_pool_3x3', 5)], [('avg_pool_3x3', 6), ('avg_pool_3x3', 5)]], DAG1_concat=range(6, 8), DAG2=[[('skip_connect', 0), ('skip_connect', 1)], [('max_pool_3x3', 2), ('skip_connect', 0)], [('max_pool_3x3', 3), ('avg_pool_3x3', 2)], [('avg_pool_3x3', 4), ('max_pool_3x3', 2)], [('avg_pool_3x3', 3), ('max_pool_3x3', 4)], [('max_pool_3x3', 4), ('max_pool_3x3', 6)]], DAG2_concat=range(6, 8), DAG3=[[('skip_connect', 0), ('skip_connect', 1)], [('avg_pool_3x3', 2), ('avg_pool_3x3', 1)], [('skip_connect', 3), ('skip_connect', 2)], [('skip_connect', 3), ('avg_pool_3x3', 2)], [('max_pool_3x3', 5), ('skip_connect', 3)], [('skip_connect', 5), ('avg_pool_3x3', 6)]], DAG3_concat=range(6, 8))
05/30 11:47:55PM searchStage_main.py:79 [INFO] Until now, best Prec@1 = 37.1440%
####### ALPHA #######
# Alpha - DAG
tensor([[0.2502, 0.2542, 0.2484, 0.2472],
        [0.2478, 0.2559, 0.2503, 0.2460]], device='cuda:0',
       grad_fn=<SoftmaxBackward0>)
tensor([[0.2510, 0.2540, 0.2512, 0.2438],
        [0.2501, 0.2558, 0.2471, 0.2470],
        [0.2504, 0.2567, 0.2472, 0.2456]], device='cuda:0',
       grad_fn=<SoftmaxBackward0>)
tensor([[0.2513, 0.2520, 0.2497, 0.2470],
        [0.2522, 0.2573, 0.2444, 0.2462],
        [0.2517, 0.2560, 0.2461, 0.2462]], device='cuda:0',
       grad_fn=<SoftmaxBackward0>)
tensor([[0.2515, 0.2536, 0.2484, 0.2465],
        [0.2525, 0.2530, 0.2472, 0.2473],
        [0.2518, 0.2532, 0.2466, 0.2485]], device='cuda:0',
       grad_fn=<SoftmaxBackward0>)
tensor([[0.2500, 0.2535, 0.2498, 0.2467],
        [0.2523, 0.2553, 0.2448, 0.2476],
        [0.2521, 0.2545, 0.2449, 0.2486]], device='cuda:0',
       grad_fn=<SoftmaxBackward0>)
tensor([[0.2501, 0.2532, 0.2502, 0.2465],
        [0.2504, 0.2530, 0.2482, 0.2485],
        [0.2501, 0.2532, 0.2464, 0.2502]], device='cuda:0',
       grad_fn=<SoftmaxBackward0>)
tensor([[0.2498, 0.2500, 0.2506, 0.2496],
        [0.2496, 0.2498, 0.2502, 0.2504]], device='cuda:0',
       grad_fn=<SoftmaxBackward0>)
tensor([[0.2500, 0.2500, 0.2504, 0.2496],
        [0.2501, 0.2500, 0.2504, 0.2494],
        [0.2504, 0.2503, 0.2499, 0.2495]], device='cuda:0',
       grad_fn=<SoftmaxBackward0>)
tensor([[0.2505, 0.2499, 0.2500, 0.2497],
        [0.2502, 0.2502, 0.2499, 0.2498],
        [0.2503, 0.2499, 0.2495, 0.2503]], device='cuda:0',
       grad_fn=<SoftmaxBackward0>)
tensor([[0.2505, 0.2504, 0.2492, 0.2499],
        [0.2503, 0.2501, 0.2500, 0.2495],
        [0.2502, 0.2502, 0.2499, 0.2497]], device='cuda:0',
       grad_fn=<SoftmaxBackward0>)
tensor([[0.2501, 0.2509, 0.2502, 0.2487],
        [0.2502, 0.2499, 0.2499, 0.2500],
        [0.2501, 0.2502, 0.2494, 0.2503]], device='cuda:0',
       grad_fn=<SoftmaxBackward0>)
tensor([[0.2507, 0.2497, 0.2495, 0.2501],
        [0.2502, 0.2502, 0.2503, 0.2493],
        [0.2503, 0.2501, 0.2500, 0.2497]], device='cuda:0',
       grad_fn=<SoftmaxBackward0>)
tensor([[0.2499, 0.2503, 0.2504, 0.2495],
        [0.2498, 0.2496, 0.2505, 0.2501]], device='cuda:0',
       grad_fn=<SoftmaxBackward0>)
tensor([[0.2495, 0.2499, 0.2498, 0.2507],
        [0.2498, 0.2507, 0.2499, 0.2496],
        [0.2499, 0.2503, 0.2502, 0.2496]], device='cuda:0',
       grad_fn=<SoftmaxBackward0>)
tensor([[0.2497, 0.2504, 0.2503, 0.2496],
        [0.2495, 0.2499, 0.2502, 0.2505],
        [0.2497, 0.2501, 0.2502, 0.2500]], device='cuda:0',
       grad_fn=<SoftmaxBackward0>)
tensor([[0.2501, 0.2501, 0.2497, 0.2501],
        [0.2500, 0.2503, 0.2506, 0.2491],
        [0.2498, 0.2498, 0.2496, 0.2507]], device='cuda:0',
       grad_fn=<SoftmaxBackward0>)
tensor([[0.2496, 0.2505, 0.2507, 0.2492],
        [0.2498, 0.2495, 0.2503, 0.2504],
        [0.2504, 0.2500, 0.2493, 0.2503]], device='cuda:0',
       grad_fn=<SoftmaxBackward0>)
tensor([[0.2495, 0.2502, 0.2504, 0.2499],
        [0.2494, 0.2500, 0.2509, 0.2496],
        [0.2490, 0.2507, 0.2498, 0.2505]], device='cuda:0',
       grad_fn=<SoftmaxBackward0>)
#####################
05/30 11:48:12PM searchStage_trainer.py:211 [INFO] Train: Epoch: [1][50/390]	Step 441	lr 0.02498	Loss 1.7642 (1.6233)	Prec@(1,5) (38.2%, 89.8%)	
05/30 11:48:29PM searchStage_trainer.py:211 [INFO] Train: Epoch: [1][100/390]	Step 491	lr 0.02498	Loss 1.6658 (1.6174)	Prec@(1,5) (39.0%, 90.0%)	
05/30 11:48:46PM searchStage_trainer.py:211 [INFO] Train: Epoch: [1][150/390]	Step 541	lr 0.02498	Loss 1.4809 (1.5952)	Prec@(1,5) (40.3%, 90.1%)	
05/30 11:49:03PM searchStage_trainer.py:211 [INFO] Train: Epoch: [1][200/390]	Step 591	lr 0.02498	Loss 1.4460 (1.5762)	Prec@(1,5) (41.3%, 90.4%)	
05/30 11:49:20PM searchStage_trainer.py:211 [INFO] Train: Epoch: [1][250/390]	Step 641	lr 0.02498	Loss 1.5760 (1.5621)	Prec@(1,5) (42.1%, 90.4%)	
05/30 11:49:37PM searchStage_trainer.py:211 [INFO] Train: Epoch: [1][300/390]	Step 691	lr 0.02498	Loss 1.4831 (1.5478)	Prec@(1,5) (42.5%, 90.7%)	
05/30 11:49:54PM searchStage_trainer.py:211 [INFO] Train: Epoch: [1][350/390]	Step 741	lr 0.02498	Loss 1.2994 (1.5344)	Prec@(1,5) (43.0%, 90.9%)	
05/30 11:50:08PM searchStage_trainer.py:211 [INFO] Train: Epoch: [1][390/390]	Step 781	lr 0.02498	Loss 1.3449 (1.5241)	Prec@(1,5) (43.5%, 91.0%)	
05/30 11:50:08PM searchStage_trainer.py:221 [INFO] Train: [  1/49] Final Prec@1 43.4600%
05/30 11:50:11PM searchStage_trainer.py:249 [INFO] Valid: Epoch: [1][50/391]	Step 782	Loss 1.5854	Prec@(1,5) (43.7%, 90.0%)
05/30 11:50:14PM searchStage_trainer.py:249 [INFO] Valid: Epoch: [1][100/391]	Step 782	Loss 1.5964	Prec@(1,5) (42.7%, 89.9%)
05/30 11:50:17PM searchStage_trainer.py:249 [INFO] Valid: Epoch: [1][150/391]	Step 782	Loss 1.5960	Prec@(1,5) (42.9%, 89.9%)
05/30 11:50:19PM searchStage_trainer.py:249 [INFO] Valid: Epoch: [1][200/391]	Step 782	Loss 1.5889	Prec@(1,5) (43.3%, 90.2%)
05/30 11:50:22PM searchStage_trainer.py:249 [INFO] Valid: Epoch: [1][250/391]	Step 782	Loss 1.5912	Prec@(1,5) (43.2%, 90.0%)
05/30 11:50:25PM searchStage_trainer.py:249 [INFO] Valid: Epoch: [1][300/391]	Step 782	Loss 1.5983	Prec@(1,5) (42.8%, 89.9%)
05/30 11:50:27PM searchStage_trainer.py:249 [INFO] Valid: Epoch: [1][350/391]	Step 782	Loss 1.6010	Prec@(1,5) (42.9%, 90.0%)
05/30 11:50:30PM searchStage_trainer.py:249 [INFO] Valid: Epoch: [1][390/391]	Step 782	Loss 1.5969	Prec@(1,5) (43.1%, 90.1%)
05/30 11:50:30PM searchStage_trainer.py:260 [INFO] Valid: [  1/49] Final Prec@1 43.0440%
05/30 11:50:30PM searchStage_main.py:59 [INFO] DAG = Genotype2(DAG1=[[('avg_pool_3x3', 1), ('avg_pool_3x3', 0)], [('avg_pool_3x3', 2), ('avg_pool_3x3', 1)], [('avg_pool_3x3', 2), ('avg_pool_3x3', 3)], [('avg_pool_3x3', 4), ('avg_pool_3x3', 2)], [('avg_pool_3x3', 5), ('avg_pool_3x3', 4)], [('avg_pool_3x3', 5), ('avg_pool_3x3', 6)]], DAG1_concat=range(6, 8), DAG2=[[('skip_connect', 0), ('skip_connect', 1)], [('avg_pool_3x3', 2), ('avg_pool_3x3', 0)], [('max_pool_3x3', 3), ('avg_pool_3x3', 2)], [('max_pool_3x3', 4), ('avg_pool_3x3', 3)], [('avg_pool_3x3', 5), ('avg_pool_3x3', 4)], [('max_pool_3x3', 6), ('skip_connect', 5)]], DAG2_concat=range(6, 8), DAG3=[[('skip_connect', 0), ('skip_connect', 1)], [('avg_pool_3x3', 2), ('avg_pool_3x3', 1)], [('skip_connect', 3), ('skip_connect', 2)], [('skip_connect', 3), ('avg_pool_3x3', 4)], [('max_pool_3x3', 5), ('skip_connect', 3)], [('skip_connect', 5), ('avg_pool_3x3', 6)]], DAG3_concat=range(6, 8))
05/30 11:50:30PM searchStage_main.py:79 [INFO] Until now, best Prec@1 = 43.0440%
####### ALPHA #######
# Alpha - DAG
tensor([[0.2496, 0.2579, 0.2474, 0.2451],
        [0.2485, 0.2613, 0.2499, 0.2403]], device='cuda:0',
       grad_fn=<SoftmaxBackward0>)
tensor([[0.2527, 0.2577, 0.2508, 0.2388],
        [0.2524, 0.2607, 0.2476, 0.2393],
        [0.2511, 0.2621, 0.2427, 0.2441]], device='cuda:0',
       grad_fn=<SoftmaxBackward0>)
tensor([[0.2526, 0.2553, 0.2504, 0.2417],
        [0.2536, 0.2646, 0.2407, 0.2410],
        [0.2548, 0.2634, 0.2382, 0.2436]], device='cuda:0',
       grad_fn=<SoftmaxBackward0>)
tensor([[0.2516, 0.2572, 0.2463, 0.2449],
        [0.2536, 0.2572, 0.2440, 0.2451],
        [0.2534, 0.2582, 0.2450, 0.2435]], device='cuda:0',
       grad_fn=<SoftmaxBackward0>)
tensor([[0.2502, 0.2579, 0.2470, 0.2450],
        [0.2529, 0.2596, 0.2426, 0.2449],
        [0.2536, 0.2596, 0.2413, 0.2455]], device='cuda:0',
       grad_fn=<SoftmaxBackward0>)
tensor([[0.2521, 0.2561, 0.2467, 0.2451],
        [0.2509, 0.2557, 0.2472, 0.2462],
        [0.2505, 0.2557, 0.2439, 0.2499]], device='cuda:0',
       grad_fn=<SoftmaxBackward0>)
tensor([[0.2499, 0.2499, 0.2508, 0.2494],
        [0.2495, 0.2500, 0.2503, 0.2502]], device='cuda:0',
       grad_fn=<SoftmaxBackward0>)
tensor([[0.2497, 0.2509, 0.2506, 0.2488],
        [0.2501, 0.2497, 0.2504, 0.2498],
        [0.2505, 0.2508, 0.2499, 0.2488]], device='cuda:0',
       grad_fn=<SoftmaxBackward0>)
tensor([[0.2504, 0.2500, 0.2502, 0.2493],
        [0.2502, 0.2503, 0.2500, 0.2494],
        [0.2505, 0.2501, 0.2493, 0.2502]], device='cuda:0',
       grad_fn=<SoftmaxBackward0>)
tensor([[0.2505, 0.2505, 0.2493, 0.2496],
        [0.2503, 0.2506, 0.2505, 0.2486],
        [0.2504, 0.2501, 0.2493, 0.2501]], device='cuda:0',
       grad_fn=<SoftmaxBackward0>)
tensor([[0.2504, 0.2511, 0.2498, 0.2487],
        [0.2502, 0.2503, 0.2501, 0.2494],
        [0.2502, 0.2504, 0.2493, 0.2502]], device='cuda:0',
       grad_fn=<SoftmaxBackward0>)
tensor([[0.2509, 0.2498, 0.2492, 0.2500],
        [0.2503, 0.2504, 0.2505, 0.2488],
        [0.2504, 0.2502, 0.2498, 0.2496]], device='cuda:0',
       grad_fn=<SoftmaxBackward0>)
tensor([[0.2497, 0.2502, 0.2505, 0.2495],
        [0.2499, 0.2496, 0.2505, 0.2500]], device='cuda:0',
       grad_fn=<SoftmaxBackward0>)
tensor([[0.2493, 0.2498, 0.2497, 0.2512],
        [0.2499, 0.2507, 0.2499, 0.2495],
        [0.2500, 0.2506, 0.2504, 0.2490]], device='cuda:0',
       grad_fn=<SoftmaxBackward0>)
tensor([[0.2493, 0.2508, 0.2505, 0.2494],
        [0.2493, 0.2496, 0.2504, 0.2507],
        [0.2494, 0.2503, 0.2504, 0.2499]], device='cuda:0',
       grad_fn=<SoftmaxBackward0>)
tensor([[0.2501, 0.2501, 0.2494, 0.2504],
        [0.2497, 0.2504, 0.2512, 0.2487],
        [0.2496, 0.2499, 0.2497, 0.2509]], device='cuda:0',
       grad_fn=<SoftmaxBackward0>)
tensor([[0.2490, 0.2510, 0.2515, 0.2484],
        [0.2498, 0.2492, 0.2504, 0.2506],
        [0.2505, 0.2496, 0.2490, 0.2508]], device='cuda:0',
       grad_fn=<SoftmaxBackward0>)
tensor([[0.2489, 0.2504, 0.2504, 0.2503],
        [0.2489, 0.2503, 0.2515, 0.2493],
        [0.2483, 0.2510, 0.2503, 0.2504]], device='cuda:0',
       grad_fn=<SoftmaxBackward0>)
#####################
05/30 11:50:47PM searchStage_trainer.py:211 [INFO] Train: Epoch: [2][50/390]	Step 832	lr 0.02491	Loss 1.1598 (1.4067)	Prec@(1,5) (48.2%, 93.1%)	
05/30 11:51:04PM searchStage_trainer.py:211 [INFO] Train: Epoch: [2][100/390]	Step 882	lr 0.02491	Loss 1.4571 (1.3999)	Prec@(1,5) (48.6%, 93.0%)	
05/30 11:51:21PM searchStage_trainer.py:211 [INFO] Train: Epoch: [2][150/390]	Step 932	lr 0.02491	Loss 1.3424 (1.3789)	Prec@(1,5) (49.7%, 93.0%)	
05/30 11:51:38PM searchStage_trainer.py:211 [INFO] Train: Epoch: [2][200/390]	Step 982	lr 0.02491	Loss 1.4869 (1.3747)	Prec@(1,5) (49.9%, 93.0%)	
05/30 11:51:55PM searchStage_trainer.py:211 [INFO] Train: Epoch: [2][250/390]	Step 1032	lr 0.02491	Loss 1.5642 (1.3670)	Prec@(1,5) (50.3%, 93.2%)	
05/30 11:52:12PM searchStage_trainer.py:211 [INFO] Train: Epoch: [2][300/390]	Step 1082	lr 0.02491	Loss 1.4044 (1.3614)	Prec@(1,5) (50.3%, 93.2%)	
05/30 11:52:29PM searchStage_trainer.py:211 [INFO] Train: Epoch: [2][350/390]	Step 1132	lr 0.02491	Loss 1.1482 (1.3510)	Prec@(1,5) (50.6%, 93.4%)	
05/30 11:52:43PM searchStage_trainer.py:211 [INFO] Train: Epoch: [2][390/390]	Step 1172	lr 0.02491	Loss 1.2458 (1.3402)	Prec@(1,5) (51.2%, 93.4%)	
05/30 11:52:43PM searchStage_trainer.py:221 [INFO] Train: [  2/49] Final Prec@1 51.1760%
05/30 11:52:46PM searchStage_trainer.py:249 [INFO] Valid: Epoch: [2][50/391]	Step 1173	Loss 1.3718	Prec@(1,5) (51.7%, 92.8%)
05/30 11:52:48PM searchStage_trainer.py:249 [INFO] Valid: Epoch: [2][100/391]	Step 1173	Loss 1.3486	Prec@(1,5) (52.4%, 93.1%)
05/30 11:52:51PM searchStage_trainer.py:249 [INFO] Valid: Epoch: [2][150/391]	Step 1173	Loss 1.3520	Prec@(1,5) (52.1%, 92.8%)
05/30 11:52:54PM searchStage_trainer.py:249 [INFO] Valid: Epoch: [2][200/391]	Step 1173	Loss 1.3568	Prec@(1,5) (51.8%, 92.8%)
05/30 11:52:57PM searchStage_trainer.py:249 [INFO] Valid: Epoch: [2][250/391]	Step 1173	Loss 1.3634	Prec@(1,5) (51.6%, 92.9%)
05/30 11:52:59PM searchStage_trainer.py:249 [INFO] Valid: Epoch: [2][300/391]	Step 1173	Loss 1.3671	Prec@(1,5) (51.3%, 92.8%)
05/30 11:53:02PM searchStage_trainer.py:249 [INFO] Valid: Epoch: [2][350/391]	Step 1173	Loss 1.3685	Prec@(1,5) (51.3%, 92.7%)
05/30 11:53:04PM searchStage_trainer.py:249 [INFO] Valid: Epoch: [2][390/391]	Step 1173	Loss 1.3690	Prec@(1,5) (51.4%, 92.7%)
05/30 11:53:04PM searchStage_trainer.py:260 [INFO] Valid: [  2/49] Final Prec@1 51.3840%
05/30 11:53:04PM searchStage_main.py:59 [INFO] DAG = Genotype2(DAG1=[[('avg_pool_3x3', 1), ('avg_pool_3x3', 0)], [('avg_pool_3x3', 2), ('avg_pool_3x3', 0)], [('avg_pool_3x3', 2), ('avg_pool_3x3', 3)], [('avg_pool_3x3', 4), ('avg_pool_3x3', 2)], [('avg_pool_3x3', 5), ('avg_pool_3x3', 4)], [('avg_pool_3x3', 6), ('avg_pool_3x3', 5)]], DAG1_concat=range(6, 8), DAG2=[[('skip_connect', 0), ('skip_connect', 1)], [('avg_pool_3x3', 2), ('avg_pool_3x3', 0)], [('max_pool_3x3', 3), ('avg_pool_3x3', 2)], [('max_pool_3x3', 4), ('avg_pool_3x3', 3)], [('avg_pool_3x3', 5), ('avg_pool_3x3', 4)], [('max_pool_3x3', 6), ('skip_connect', 5)]], DAG2_concat=range(6, 8), DAG3=[[('skip_connect', 0), ('skip_connect', 1)], [('avg_pool_3x3', 2), ('avg_pool_3x3', 1)], [('skip_connect', 3), ('skip_connect', 2)], [('avg_pool_3x3', 4), ('skip_connect', 3)], [('max_pool_3x3', 5), ('skip_connect', 4)], [('skip_connect', 5), ('avg_pool_3x3', 6)]], DAG3_concat=range(6, 8))
05/30 11:53:05PM searchStage_main.py:79 [INFO] Until now, best Prec@1 = 51.3840%
####### ALPHA #######
# Alpha - DAG
tensor([[0.2453, 0.2644, 0.2468, 0.2435],
        [0.2457, 0.2706, 0.2505, 0.2332]], device='cuda:0',
       grad_fn=<SoftmaxBackward0>)
tensor([[0.2513, 0.2633, 0.2544, 0.2311],
        [0.2507, 0.2663, 0.2472, 0.2357],
        [0.2533, 0.2696, 0.2362, 0.2408]], device='cuda:0',
       grad_fn=<SoftmaxBackward0>)
tensor([[0.2528, 0.2583, 0.2514, 0.2375],
        [0.2540, 0.2707, 0.2383, 0.2370],
        [0.2569, 0.2685, 0.2341, 0.2405]], device='cuda:0',
       grad_fn=<SoftmaxBackward0>)
tensor([[0.2527, 0.2606, 0.2438, 0.2430],
        [0.2550, 0.2604, 0.2428, 0.2419],
        [0.2537, 0.2619, 0.2448, 0.2396]], device='cuda:0',
       grad_fn=<SoftmaxBackward0>)
tensor([[0.2516, 0.2619, 0.2440, 0.2425],
        [0.2547, 0.2639, 0.2384, 0.2430],
        [0.2561, 0.2628, 0.2382, 0.2429]], device='cuda:0',
       grad_fn=<SoftmaxBackward0>)
tensor([[0.2533, 0.2585, 0.2444, 0.2437],
        [0.2522, 0.2580, 0.2460, 0.2438],
        [0.2512, 0.2588, 0.2408, 0.2492]], device='cuda:0',
       grad_fn=<SoftmaxBackward0>)
tensor([[0.2498, 0.2502, 0.2512, 0.2488],
        [0.2490, 0.2500, 0.2505, 0.2505]], device='cuda:0',
       grad_fn=<SoftmaxBackward0>)
tensor([[0.2502, 0.2512, 0.2506, 0.2481],
        [0.2504, 0.2491, 0.2502, 0.2503],
        [0.2506, 0.2511, 0.2501, 0.2482]], device='cuda:0',
       grad_fn=<SoftmaxBackward0>)
tensor([[0.2504, 0.2499, 0.2502, 0.2494],
        [0.2503, 0.2505, 0.2501, 0.2491],
        [0.2506, 0.2502, 0.2493, 0.2499]], device='cuda:0',
       grad_fn=<SoftmaxBackward0>)
tensor([[0.2505, 0.2506, 0.2493, 0.2496],
        [0.2505, 0.2508, 0.2504, 0.2482],
        [0.2504, 0.2502, 0.2493, 0.2501]], device='cuda:0',
       grad_fn=<SoftmaxBackward0>)
tensor([[0.2507, 0.2510, 0.2493, 0.2490],
        [0.2504, 0.2505, 0.2503, 0.2488],
        [0.2504, 0.2505, 0.2493, 0.2499]], device='cuda:0',
       grad_fn=<SoftmaxBackward0>)
tensor([[0.2509, 0.2498, 0.2487, 0.2506],
        [0.2502, 0.2507, 0.2509, 0.2483],
        [0.2505, 0.2504, 0.2500, 0.2492]], device='cuda:0',
       grad_fn=<SoftmaxBackward0>)
tensor([[0.2498, 0.2501, 0.2504, 0.2496],
        [0.2500, 0.2496, 0.2505, 0.2499]], device='cuda:0',
       grad_fn=<SoftmaxBackward0>)
tensor([[0.2491, 0.2496, 0.2496, 0.2517],
        [0.2499, 0.2509, 0.2498, 0.2494],
        [0.2498, 0.2508, 0.2508, 0.2485]], device='cuda:0',
       grad_fn=<SoftmaxBackward0>)
tensor([[0.2490, 0.2511, 0.2506, 0.2494],
        [0.2491, 0.2495, 0.2505, 0.2509],
        [0.2491, 0.2505, 0.2507, 0.2497]], device='cuda:0',
       grad_fn=<SoftmaxBackward0>)
tensor([[0.2501, 0.2500, 0.2493, 0.2506],
        [0.2494, 0.2506, 0.2516, 0.2483],
        [0.2494, 0.2500, 0.2497, 0.2510]], device='cuda:0',
       grad_fn=<SoftmaxBackward0>)
tensor([[0.2486, 0.2512, 0.2522, 0.2480],
        [0.2497, 0.2491, 0.2507, 0.2505],
        [0.2506, 0.2494, 0.2487, 0.2513]], device='cuda:0',
       grad_fn=<SoftmaxBackward0>)
tensor([[0.2482, 0.2507, 0.2506, 0.2505],
        [0.2483, 0.2506, 0.2521, 0.2490],
        [0.2477, 0.2513, 0.2506, 0.2504]], device='cuda:0',
       grad_fn=<SoftmaxBackward0>)
#####################
05/30 11:53:22PM searchStage_trainer.py:211 [INFO] Train: Epoch: [3][50/390]	Step 1223	lr 0.02479	Loss 1.2888 (1.2414)	Prec@(1,5) (56.3%, 94.2%)	
05/30 11:53:39PM searchStage_trainer.py:211 [INFO] Train: Epoch: [3][100/390]	Step 1273	lr 0.02479	Loss 1.1453 (1.2472)	Prec@(1,5) (55.8%, 94.5%)	
05/30 11:53:56PM searchStage_trainer.py:211 [INFO] Train: Epoch: [3][150/390]	Step 1323	lr 0.02479	Loss 1.1652 (1.2330)	Prec@(1,5) (55.9%, 94.7%)	
05/30 11:54:13PM searchStage_trainer.py:211 [INFO] Train: Epoch: [3][200/390]	Step 1373	lr 0.02479	Loss 1.1664 (1.2319)	Prec@(1,5) (56.0%, 94.7%)	
05/30 11:54:30PM searchStage_trainer.py:211 [INFO] Train: Epoch: [3][250/390]	Step 1423	lr 0.02479	Loss 1.1881 (1.2183)	Prec@(1,5) (56.3%, 94.8%)	
05/30 11:54:47PM searchStage_trainer.py:211 [INFO] Train: Epoch: [3][300/390]	Step 1473	lr 0.02479	Loss 1.0467 (1.2102)	Prec@(1,5) (56.7%, 95.0%)	
05/30 11:55:04PM searchStage_trainer.py:211 [INFO] Train: Epoch: [3][350/390]	Step 1523	lr 0.02479	Loss 0.9713 (1.2007)	Prec@(1,5) (57.1%, 95.1%)	
05/30 11:55:17PM searchStage_trainer.py:211 [INFO] Train: Epoch: [3][390/390]	Step 1563	lr 0.02479	Loss 1.0616 (1.1935)	Prec@(1,5) (57.4%, 95.2%)	
05/30 11:55:18PM searchStage_trainer.py:221 [INFO] Train: [  3/49] Final Prec@1 57.3480%
05/30 11:55:21PM searchStage_trainer.py:249 [INFO] Valid: Epoch: [3][50/391]	Step 1564	Loss 1.1729	Prec@(1,5) (58.0%, 95.1%)
05/30 11:55:23PM searchStage_trainer.py:249 [INFO] Valid: Epoch: [3][100/391]	Step 1564	Loss 1.1960	Prec@(1,5) (56.7%, 95.1%)
05/30 11:55:26PM searchStage_trainer.py:249 [INFO] Valid: Epoch: [3][150/391]	Step 1564	Loss 1.1961	Prec@(1,5) (57.0%, 95.0%)
05/30 11:55:29PM searchStage_trainer.py:249 [INFO] Valid: Epoch: [3][200/391]	Step 1564	Loss 1.1949	Prec@(1,5) (57.0%, 95.1%)
05/30 11:55:31PM searchStage_trainer.py:249 [INFO] Valid: Epoch: [3][250/391]	Step 1564	Loss 1.1884	Prec@(1,5) (57.2%, 95.2%)
05/30 11:55:34PM searchStage_trainer.py:249 [INFO] Valid: Epoch: [3][300/391]	Step 1564	Loss 1.1908	Prec@(1,5) (57.2%, 95.2%)
05/30 11:55:37PM searchStage_trainer.py:249 [INFO] Valid: Epoch: [3][350/391]	Step 1564	Loss 1.1924	Prec@(1,5) (57.2%, 95.2%)
05/30 11:55:39PM searchStage_trainer.py:249 [INFO] Valid: Epoch: [3][390/391]	Step 1564	Loss 1.1927	Prec@(1,5) (57.2%, 95.2%)
05/30 11:55:39PM searchStage_trainer.py:260 [INFO] Valid: [  3/49] Final Prec@1 57.2000%
05/30 11:55:39PM searchStage_main.py:59 [INFO] DAG = Genotype2(DAG1=[[('avg_pool_3x3', 1), ('avg_pool_3x3', 0)], [('avg_pool_3x3', 2), ('avg_pool_3x3', 1)], [('avg_pool_3x3', 2), ('avg_pool_3x3', 3)], [('avg_pool_3x3', 4), ('avg_pool_3x3', 2)], [('avg_pool_3x3', 5), ('avg_pool_3x3', 4)], [('avg_pool_3x3', 6), ('avg_pool_3x3', 5)]], DAG1_concat=range(6, 8), DAG2=[[('skip_connect', 0), ('skip_connect', 1)], [('avg_pool_3x3', 2), ('avg_pool_3x3', 0)], [('max_pool_3x3', 3), ('avg_pool_3x3', 2)], [('max_pool_3x3', 4), ('avg_pool_3x3', 3)], [('max_pool_3x3', 5), ('avg_pool_3x3', 4)], [('max_pool_3x3', 6), ('avg_pool_3x3', 5)]], DAG2_concat=range(6, 8), DAG3=[[('skip_connect', 0), ('skip_connect', 1)], [('skip_connect', 2), ('avg_pool_3x3', 1)], [('skip_connect', 3), ('skip_connect', 2)], [('avg_pool_3x3', 4), ('skip_connect', 3)], [('max_pool_3x3', 5), ('skip_connect', 4)], [('avg_pool_3x3', 6), ('skip_connect', 5)]], DAG3_concat=range(6, 8))
05/30 11:55:39PM searchStage_main.py:79 [INFO] Until now, best Prec@1 = 57.2000%
####### ALPHA #######
# Alpha - DAG
tensor([[0.2465, 0.2722, 0.2430, 0.2383],
        [0.2443, 0.2767, 0.2491, 0.2299]], device='cuda:0',
       grad_fn=<SoftmaxBackward0>)
tensor([[0.2538, 0.2669, 0.2527, 0.2266],
        [0.2536, 0.2723, 0.2451, 0.2290],
        [0.2558, 0.2750, 0.2301, 0.2392]], device='cuda:0',
       grad_fn=<SoftmaxBackward0>)
tensor([[0.2534, 0.2596, 0.2522, 0.2348],
        [0.2569, 0.2749, 0.2361, 0.2321],
        [0.2584, 0.2735, 0.2296, 0.2385]], device='cuda:0',
       grad_fn=<SoftmaxBackward0>)
tensor([[0.2533, 0.2641, 0.2422, 0.2403],
        [0.2563, 0.2638, 0.2403, 0.2396],
        [0.2548, 0.2646, 0.2440, 0.2366]], device='cuda:0',
       grad_fn=<SoftmaxBackward0>)
tensor([[0.2524, 0.2653, 0.2411, 0.2412],
        [0.2570, 0.2671, 0.2348, 0.2411],
        [0.2565, 0.2659, 0.2376, 0.2400]], device='cuda:0',
       grad_fn=<SoftmaxBackward0>)
tensor([[0.2538, 0.2600, 0.2437, 0.2425],
        [0.2534, 0.2606, 0.2436, 0.2424],
        [0.2518, 0.2614, 0.2394, 0.2474]], device='cuda:0',
       grad_fn=<SoftmaxBackward0>)
tensor([[0.2496, 0.2504, 0.2513, 0.2486],
        [0.2487, 0.2502, 0.2506, 0.2504]], device='cuda:0',
       grad_fn=<SoftmaxBackward0>)
tensor([[0.2496, 0.2512, 0.2508, 0.2485],
        [0.2501, 0.2492, 0.2504, 0.2503],
        [0.2506, 0.2514, 0.2505, 0.2475]], device='cuda:0',
       grad_fn=<SoftmaxBackward0>)
tensor([[0.2504, 0.2501, 0.2502, 0.2493],
        [0.2504, 0.2506, 0.2500, 0.2490],
        [0.2507, 0.2502, 0.2494, 0.2497]], device='cuda:0',
       grad_fn=<SoftmaxBackward0>)
tensor([[0.2507, 0.2507, 0.2494, 0.2493],
        [0.2507, 0.2508, 0.2501, 0.2484],
        [0.2504, 0.2503, 0.2495, 0.2498]], device='cuda:0',
       grad_fn=<SoftmaxBackward0>)
tensor([[0.2508, 0.2511, 0.2491, 0.2490],
        [0.2505, 0.2506, 0.2505, 0.2484],
        [0.2507, 0.2504, 0.2491, 0.2498]], device='cuda:0',
       grad_fn=<SoftmaxBackward0>)
tensor([[0.2510, 0.2497, 0.2485, 0.2508],
        [0.2503, 0.2508, 0.2507, 0.2482],
        [0.2508, 0.2505, 0.2501, 0.2487]], device='cuda:0',
       grad_fn=<SoftmaxBackward0>)
tensor([[0.2496, 0.2502, 0.2506, 0.2496],
        [0.2501, 0.2495, 0.2506, 0.2499]], device='cuda:0',
       grad_fn=<SoftmaxBackward0>)
tensor([[0.2488, 0.2495, 0.2495, 0.2522],
        [0.2498, 0.2510, 0.2498, 0.2493],
        [0.2498, 0.2509, 0.2510, 0.2483]], device='cuda:0',
       grad_fn=<SoftmaxBackward0>)
tensor([[0.2488, 0.2513, 0.2507, 0.2492],
        [0.2489, 0.2494, 0.2506, 0.2510],
        [0.2489, 0.2506, 0.2508, 0.2497]], device='cuda:0',
       grad_fn=<SoftmaxBackward0>)
tensor([[0.2500, 0.2500, 0.2493, 0.2507],
        [0.2492, 0.2507, 0.2520, 0.2480],
        [0.2492, 0.2500, 0.2496, 0.2511]], device='cuda:0',
       grad_fn=<SoftmaxBackward0>)
tensor([[0.2484, 0.2515, 0.2526, 0.2476],
        [0.2498, 0.2490, 0.2507, 0.2506],
        [0.2508, 0.2492, 0.2485, 0.2515]], device='cuda:0',
       grad_fn=<SoftmaxBackward0>)
tensor([[0.2477, 0.2509, 0.2507, 0.2507],
        [0.2478, 0.2508, 0.2526, 0.2489],
        [0.2473, 0.2515, 0.2509, 0.2504]], device='cuda:0',
       grad_fn=<SoftmaxBackward0>)
#####################
05/30 11:55:57PM searchStage_trainer.py:211 [INFO] Train: Epoch: [4][50/390]	Step 1614	lr 0.02462	Loss 1.1582 (1.1029)	Prec@(1,5) (60.4%, 96.5%)	
05/30 11:56:14PM searchStage_trainer.py:211 [INFO] Train: Epoch: [4][100/390]	Step 1664	lr 0.02462	Loss 1.1392 (1.1210)	Prec@(1,5) (59.6%, 96.2%)	
05/30 11:56:31PM searchStage_trainer.py:211 [INFO] Train: Epoch: [4][150/390]	Step 1714	lr 0.02462	Loss 1.2279 (1.1036)	Prec@(1,5) (60.5%, 96.1%)	
05/30 11:56:48PM searchStage_trainer.py:211 [INFO] Train: Epoch: [4][200/390]	Step 1764	lr 0.02462	Loss 0.9554 (1.0978)	Prec@(1,5) (60.7%, 96.1%)	
05/30 11:57:04PM searchStage_trainer.py:211 [INFO] Train: Epoch: [4][250/390]	Step 1814	lr 0.02462	Loss 1.1637 (1.0833)	Prec@(1,5) (61.2%, 96.2%)	
05/30 11:57:21PM searchStage_trainer.py:211 [INFO] Train: Epoch: [4][300/390]	Step 1864	lr 0.02462	Loss 1.0255 (1.0813)	Prec@(1,5) (61.3%, 96.2%)	
05/30 11:57:38PM searchStage_trainer.py:211 [INFO] Train: Epoch: [4][350/390]	Step 1914	lr 0.02462	Loss 0.9858 (1.0781)	Prec@(1,5) (61.6%, 96.2%)	
05/30 11:57:52PM searchStage_trainer.py:211 [INFO] Train: Epoch: [4][390/390]	Step 1954	lr 0.02462	Loss 0.9425 (1.0751)	Prec@(1,5) (61.8%, 96.1%)	
05/30 11:57:52PM searchStage_trainer.py:221 [INFO] Train: [  4/49] Final Prec@1 61.7800%
05/30 11:57:55PM searchStage_trainer.py:249 [INFO] Valid: Epoch: [4][50/391]	Step 1955	Loss 1.0821	Prec@(1,5) (62.5%, 96.0%)
05/30 11:57:58PM searchStage_trainer.py:249 [INFO] Valid: Epoch: [4][100/391]	Step 1955	Loss 1.0983	Prec@(1,5) (61.9%, 95.9%)
05/30 11:58:00PM searchStage_trainer.py:249 [INFO] Valid: Epoch: [4][150/391]	Step 1955	Loss 1.1066	Prec@(1,5) (61.4%, 95.6%)
05/30 11:58:03PM searchStage_trainer.py:249 [INFO] Valid: Epoch: [4][200/391]	Step 1955	Loss 1.0970	Prec@(1,5) (61.9%, 95.7%)
05/30 11:58:06PM searchStage_trainer.py:249 [INFO] Valid: Epoch: [4][250/391]	Step 1955	Loss 1.0965	Prec@(1,5) (61.8%, 95.6%)
05/30 11:58:08PM searchStage_trainer.py:249 [INFO] Valid: Epoch: [4][300/391]	Step 1955	Loss 1.0962	Prec@(1,5) (61.8%, 95.7%)
05/30 11:58:11PM searchStage_trainer.py:249 [INFO] Valid: Epoch: [4][350/391]	Step 1955	Loss 1.0955	Prec@(1,5) (61.6%, 95.7%)
05/30 11:58:13PM searchStage_trainer.py:249 [INFO] Valid: Epoch: [4][390/391]	Step 1955	Loss 1.0972	Prec@(1,5) (61.6%, 95.6%)
05/30 11:58:13PM searchStage_trainer.py:260 [INFO] Valid: [  4/49] Final Prec@1 61.6240%
05/30 11:58:13PM searchStage_main.py:59 [INFO] DAG = Genotype2(DAG1=[[('avg_pool_3x3', 1), ('avg_pool_3x3', 0)], [('avg_pool_3x3', 2), ('avg_pool_3x3', 0)], [('avg_pool_3x3', 3), ('avg_pool_3x3', 2)], [('avg_pool_3x3', 4), ('avg_pool_3x3', 3)], [('avg_pool_3x3', 5), ('avg_pool_3x3', 4)], [('avg_pool_3x3', 6), ('avg_pool_3x3', 5)]], DAG1_concat=range(6, 8), DAG2=[[('skip_connect', 0), ('skip_connect', 1)], [('avg_pool_3x3', 2), ('avg_pool_3x3', 0)], [('max_pool_3x3', 3), ('avg_pool_3x3', 2)], [('max_pool_3x3', 4), ('avg_pool_3x3', 3)], [('max_pool_3x3', 5), ('avg_pool_3x3', 4)], [('max_pool_3x3', 6), ('skip_connect', 5)]], DAG2_concat=range(6, 8), DAG3=[[('skip_connect', 0), ('skip_connect', 1)], [('skip_connect', 2), ('avg_pool_3x3', 1)], [('skip_connect', 3), ('skip_connect', 2)], [('avg_pool_3x3', 4), ('skip_connect', 3)], [('max_pool_3x3', 5), ('skip_connect', 4)], [('avg_pool_3x3', 6), ('skip_connect', 5)]], DAG3_concat=range(6, 8))
05/30 11:58:14PM searchStage_main.py:79 [INFO] Until now, best Prec@1 = 61.6240%
####### ALPHA #######
# Alpha - DAG
tensor([[0.2468, 0.2763, 0.2407, 0.2362],
        [0.2443, 0.2823, 0.2491, 0.2243]], device='cuda:0',
       grad_fn=<SoftmaxBackward0>)
tensor([[0.2536, 0.2713, 0.2526, 0.2226],
        [0.2521, 0.2767, 0.2454, 0.2258],
        [0.2562, 0.2796, 0.2281, 0.2361]], device='cuda:0',
       grad_fn=<SoftmaxBackward0>)
tensor([[0.2532, 0.2620, 0.2524, 0.2323],
        [0.2592, 0.2784, 0.2329, 0.2295],
        [0.2602, 0.2769, 0.2269, 0.2360]], device='cuda:0',
       grad_fn=<SoftmaxBackward0>)
tensor([[0.2536, 0.2665, 0.2425, 0.2374],
        [0.2573, 0.2664, 0.2378, 0.2386],
        [0.2556, 0.2671, 0.2425, 0.2348]], device='cuda:0',
       grad_fn=<SoftmaxBackward0>)
tensor([[0.2531, 0.2672, 0.2401, 0.2395],
        [0.2580, 0.2695, 0.2336, 0.2389],
        [0.2568, 0.2681, 0.2360, 0.2391]], device='cuda:0',
       grad_fn=<SoftmaxBackward0>)
tensor([[0.2549, 0.2618, 0.2419, 0.2414],
        [0.2537, 0.2622, 0.2432, 0.2409],
        [0.2521, 0.2632, 0.2386, 0.2461]], device='cuda:0',
       grad_fn=<SoftmaxBackward0>)
tensor([[0.2495, 0.2504, 0.2515, 0.2486],
        [0.2485, 0.2505, 0.2508, 0.2503]], device='cuda:0',
       grad_fn=<SoftmaxBackward0>)
tensor([[0.2497, 0.2514, 0.2508, 0.2481],
        [0.2502, 0.2490, 0.2503, 0.2505],
        [0.2506, 0.2515, 0.2506, 0.2474]], device='cuda:0',
       grad_fn=<SoftmaxBackward0>)
tensor([[0.2506, 0.2500, 0.2503, 0.2492],
        [0.2503, 0.2507, 0.2500, 0.2490],
        [0.2508, 0.2502, 0.2494, 0.2496]], device='cuda:0',
       grad_fn=<SoftmaxBackward0>)
tensor([[0.2506, 0.2509, 0.2493, 0.2492],
        [0.2506, 0.2510, 0.2501, 0.2483],
        [0.2504, 0.2503, 0.2495, 0.2498]], device='cuda:0',
       grad_fn=<SoftmaxBackward0>)
tensor([[0.2509, 0.2511, 0.2491, 0.2490],
        [0.2506, 0.2507, 0.2504, 0.2482],
        [0.2506, 0.2505, 0.2491, 0.2498]], device='cuda:0',
       grad_fn=<SoftmaxBackward0>)
tensor([[0.2511, 0.2497, 0.2482, 0.2511],
        [0.2501, 0.2509, 0.2509, 0.2481],
        [0.2508, 0.2507, 0.2501, 0.2484]], device='cuda:0',
       grad_fn=<SoftmaxBackward0>)
tensor([[0.2495, 0.2503, 0.2508, 0.2495],
        [0.2500, 0.2495, 0.2506, 0.2500]], device='cuda:0',
       grad_fn=<SoftmaxBackward0>)
tensor([[0.2485, 0.2495, 0.2497, 0.2523],
        [0.2498, 0.2511, 0.2498, 0.2493],
        [0.2497, 0.2510, 0.2511, 0.2481]], device='cuda:0',
       grad_fn=<SoftmaxBackward0>)
tensor([[0.2486, 0.2515, 0.2508, 0.2491],
        [0.2488, 0.2493, 0.2507, 0.2512],
        [0.2488, 0.2507, 0.2509, 0.2496]], device='cuda:0',
       grad_fn=<SoftmaxBackward0>)
tensor([[0.2500, 0.2501, 0.2491, 0.2509],
        [0.2491, 0.2508, 0.2523, 0.2478],
        [0.2491, 0.2500, 0.2496, 0.2513]], device='cuda:0',
       grad_fn=<SoftmaxBackward0>)
tensor([[0.2480, 0.2517, 0.2531, 0.2472],
        [0.2497, 0.2489, 0.2507, 0.2506],
        [0.2508, 0.2491, 0.2484, 0.2517]], device='cuda:0',
       grad_fn=<SoftmaxBackward0>)
tensor([[0.2472, 0.2511, 0.2509, 0.2508],
        [0.2475, 0.2509, 0.2530, 0.2487],
        [0.2469, 0.2517, 0.2510, 0.2505]], device='cuda:0',
       grad_fn=<SoftmaxBackward0>)
#####################
05/30 11:58:31PM searchStage_trainer.py:211 [INFO] Train: Epoch: [5][50/390]	Step 2005	lr 0.02441	Loss 0.7812 (1.0028)	Prec@(1,5) (65.6%, 96.6%)	
05/30 11:58:48PM searchStage_trainer.py:211 [INFO] Train: Epoch: [5][100/390]	Step 2055	lr 0.02441	Loss 0.7463 (0.9793)	Prec@(1,5) (66.0%, 96.9%)	
05/30 11:59:05PM searchStage_trainer.py:211 [INFO] Train: Epoch: [5][150/390]	Step 2105	lr 0.02441	Loss 1.0818 (0.9726)	Prec@(1,5) (66.1%, 97.0%)	
05/30 11:59:22PM searchStage_trainer.py:211 [INFO] Train: Epoch: [5][200/390]	Step 2155	lr 0.02441	Loss 0.8567 (0.9729)	Prec@(1,5) (65.8%, 97.0%)	
05/30 11:59:39PM searchStage_trainer.py:211 [INFO] Train: Epoch: [5][250/390]	Step 2205	lr 0.02441	Loss 0.7839 (0.9711)	Prec@(1,5) (66.0%, 96.9%)	
05/30 11:59:56PM searchStage_trainer.py:211 [INFO] Train: Epoch: [5][300/390]	Step 2255	lr 0.02441	Loss 0.9426 (0.9643)	Prec@(1,5) (66.3%, 97.0%)	
05/31 12:00:13AM searchStage_trainer.py:211 [INFO] Train: Epoch: [5][350/390]	Step 2305	lr 0.02441	Loss 0.8954 (0.9630)	Prec@(1,5) (66.4%, 97.0%)	
05/31 12:00:26AM searchStage_trainer.py:211 [INFO] Train: Epoch: [5][390/390]	Step 2345	lr 0.02441	Loss 0.7888 (0.9623)	Prec@(1,5) (66.3%, 97.0%)	
